Time (seconds), Duration (seconds),pred_(unlabeled),pred_brushing_teeth,pred_hair_drying,pred_showering
0.00000,0.62194,1.00000,0.00000,0.00000,0.00000
0.33000,0.62194,1.00000,0.00000,0.00000,0.00000
0.66000,0.62194,1.00000,0.00000,0.00000,0.00000
0.99000,0.62194,1.00000,0.00000,0.00000,0.00000
1.32000,0.62194,1.00000,0.00000,0.00000,0.00000
1.65000,0.62194,1.00000,0.00000,0.00000,0.00000
1.98000,0.62194,1.00000,0.00000,0.00000,0.00000
2.31000,0.62194,1.00000,0.00000,0.00000,0.00000
2.64000,0.62194,0.99941,0.00001,0.00000,0.00058
2.97000,0.62194,0.99997,0.00000,0.00000,0.00002
3.30000,0.62194,0.99998,0.00000,0.00000,0.00001
3.63000,0.62194,0.99994,0.00000,0.00000,0.00006
3.96000,0.62194,0.99994,0.00000,0.00000,0.00005
4.29000,0.62194,0.99988,0.00000,0.00000,0.00012
4.62000,0.62194,0.99997,0.00000,0.00000,0.00003
4.95000,0.62194,0.99996,0.00000,0.00000,0.00004
5.28000,0.62194,0.99979,0.00000,0.00000,0.00021
5.61000,0.62194,0.99992,0.00000,0.00000,0.00007
5.94000,0.62194,0.99984,0.00001,0.00000,0.00014
6.27000,0.62194,0.99985,0.00002,0.00000,0.00013
6.60000,0.62194,0.99928,0.00010,0.00000,0.00062
6.93000,0.62194,0.99901,0.00009,0.00000,0.00089
7.26000,0.62194,0.99930,0.00005,0.00000,0.00064
7.59000,0.62194,0.99959,0.00008,0.00000,0.00033
7.92000,0.62194,0.99978,0.00003,0.00000,0.00020
8.25000,0.62194,0.99998,0.00001,0.00000,0.00001
8.58000,0.62194,0.99997,0.00001,0.00000,0.00002
8.91000,0.62194,0.99993,0.00003,0.00000,0.00004
9.24000,0.62194,0.99996,0.00002,0.00000,0.00001
9.57000,0.62194,0.99997,0.00001,0.00000,0.00001
9.90000,0.62194,0.99990,0.00003,0.00000,0.00007
10.23000,0.62194,0.99964,0.00014,0.00000,0.00023
10.56000,0.62194,0.99983,0.00004,0.00000,0.00013
10.89000,0.62194,0.99991,0.00002,0.00000,0.00008
11.22000,0.62194,0.99992,0.00004,0.00000,0.00004
11.55000,0.62194,0.99998,0.00001,0.00000,0.00001
11.88000,0.62194,0.99999,0.00001,0.00000,0.00001
12.21000,0.62194,0.99999,0.00000,0.00000,0.00001
12.54000,0.62194,0.99998,0.00001,0.00000,0.00001
12.87000,0.62194,0.99998,0.00000,0.00000,0.00001
13.20000,0.62194,0.99993,0.00001,0.00000,0.00006
13.53000,0.62194,0.99989,0.00004,0.00000,0.00007
13.86000,0.62194,0.99998,0.00001,0.00000,0.00002
14.19000,0.62194,0.99993,0.00002,0.00000,0.00005
14.52000,0.62194,0.99994,0.00002,0.00000,0.00004
14.85000,0.62194,0.99998,0.00001,0.00000,0.00001
15.18000,0.62194,0.99999,0.00000,0.00000,0.00001
15.51000,0.62194,0.99996,0.00002,0.00000,0.00002
15.84000,0.62194,0.99996,0.00001,0.00000,0.00003
16.17000,0.62194,0.99992,0.00002,0.00000,0.00006
16.50000,0.62194,0.99998,0.00000,0.00000,0.00001
16.83000,0.62194,0.99996,0.00001,0.00000,0.00003
17.16000,0.62194,0.99988,0.00003,0.00000,0.00010
17.49000,0.62194,0.99993,0.00001,0.00000,0.00006
17.82000,0.62194,0.99995,0.00001,0.00000,0.00004
18.15000,0.62194,0.99998,0.00000,0.00000,0.00002
18.48000,0.62194,0.99908,0.00011,0.00000,0.00081
18.81000,0.62194,0.92910,0.00066,0.00005,0.07020
19.14000,0.62194,0.97760,0.00104,0.00001,0.02135
19.47000,0.62194,0.99541,0.00008,0.00000,0.00451
19.80000,0.62194,0.99975,0.00001,0.00000,0.00024
20.13000,0.62194,0.99997,0.00002,0.00000,0.00001
20.46000,0.62194,0.99997,0.00002,0.00000,0.00001
20.79000,0.62194,0.99998,0.00001,0.00000,0.00001
21.12000,0.62194,0.99985,0.00005,0.00000,0.00010
21.45000,0.62194,0.99989,0.00002,0.00000,0.00008
21.78000,0.62194,0.99974,0.00003,0.00000,0.00023
22.11000,0.62194,0.99990,0.00004,0.00000,0.00007
22.44000,0.62194,0.99997,0.00001,0.00000,0.00002
22.77000,0.62194,0.99996,0.00002,0.00000,0.00002
23.10000,0.62194,0.99995,0.00001,0.00000,0.00004
23.43000,0.62194,0.99997,0.00001,0.00000,0.00002
23.76000,0.62194,0.99997,0.00001,0.00000,0.00003
24.09000,0.62194,0.99985,0.00004,0.00000,0.00011
24.42000,0.62194,0.99972,0.00006,0.00000,0.00022
24.75000,0.62194,0.99993,0.00002,0.00000,0.00005
25.08000,0.62194,0.99997,0.00001,0.00000,0.00002
25.41000,0.62194,0.99996,0.00001,0.00000,0.00002
25.74000,0.62194,0.99998,0.00001,0.00000,0.00001
26.07000,0.62194,0.99998,0.00000,0.00000,0.00001
26.40000,0.62194,0.99999,0.00000,0.00000,0.00001
26.73000,0.62194,0.99995,0.00001,0.00000,0.00004
27.06000,0.62194,0.99998,0.00001,0.00000,0.00001
27.39000,0.62194,0.99995,0.00002,0.00000,0.00003
27.72000,0.62194,0.99944,0.00006,0.00000,0.00050
28.05000,0.62194,0.99967,0.00003,0.00000,0.00030
28.38000,0.62194,0.99990,0.00002,0.00000,0.00009
28.71000,0.62194,0.99993,0.00001,0.00000,0.00006
29.04000,0.62194,0.99980,0.00004,0.00000,0.00016
29.37000,0.62194,0.99992,0.00001,0.00000,0.00007
29.70000,0.62194,0.99996,0.00001,0.00000,0.00003
30.03000,0.62194,0.99975,0.00003,0.00000,0.00021
30.36000,0.62194,0.99967,0.00004,0.00000,0.00029
30.69000,0.62194,0.99953,0.00018,0.00000,0.00029
31.02000,0.62194,0.99753,0.00030,0.00000,0.00216
31.35000,0.62194,0.99992,0.00001,0.00000,0.00007
31.68000,0.62194,0.99993,0.00001,0.00000,0.00006
32.01000,0.62194,0.99985,0.00001,0.00000,0.00014
32.34000,0.62194,0.99995,0.00001,0.00000,0.00004
32.67000,0.62194,0.99998,0.00001,0.00000,0.00002
33.00000,0.62194,0.99995,0.00001,0.00000,0.00004
33.33000,0.62194,0.99998,0.00001,0.00000,0.00001
33.66000,0.62194,0.99959,0.00005,0.00000,0.00036
33.99000,0.62194,0.99932,0.00007,0.00000,0.00061
34.32000,0.62194,0.99995,0.00002,0.00000,0.00003
34.65000,0.62194,0.99999,0.00000,0.00000,0.00000
34.98000,0.62194,0.99994,0.00001,0.00000,0.00004
35.31000,0.62194,0.99994,0.00002,0.00000,0.00004
35.64000,0.62194,0.99996,0.00002,0.00000,0.00002
35.97000,0.62194,0.99994,0.00002,0.00000,0.00004
36.30000,0.62194,0.99954,0.00010,0.00000,0.00036
36.63000,0.62194,0.99980,0.00009,0.00000,0.00011
36.96000,0.62194,0.99911,0.00009,0.00000,0.00080
37.29000,0.62194,0.92323,0.00078,0.00015,0.07584
37.62000,0.62194,0.87554,0.01747,0.01062,0.09636
37.95000,0.62194,0.81963,0.00397,0.00233,0.17407
38.28000,0.62194,0.93342,0.00139,0.00122,0.06396
38.61000,0.62194,0.83223,0.00595,0.00219,0.15963
38.94000,0.62194,0.71581,0.00028,0.00355,0.28035
39.27000,0.62194,0.98592,0.00045,0.00001,0.01362
39.60000,0.62194,0.99391,0.00111,0.00000,0.00498
39.93000,0.62194,0.99739,0.00041,0.00000,0.00220
40.26000,0.62194,0.99995,0.00001,0.00000,0.00003
40.59000,0.62194,0.99985,0.00009,0.00000,0.00006
40.92000,0.62194,0.99997,0.00000,0.00000,0.00003
41.25000,0.62194,0.99984,0.00000,0.00004,0.00012
41.58000,0.62194,0.99161,0.00168,0.00034,0.00637
41.91000,0.62194,0.83387,0.01381,0.00043,0.15189
42.24000,0.62194,0.48760,0.00267,0.00074,0.50899
42.57000,0.62194,0.90834,0.00341,0.00008,0.08817
42.90000,0.62194,0.99140,0.00025,0.00000,0.00834
43.23000,0.62194,0.99885,0.00018,0.00000,0.00098
43.56000,0.62194,0.99649,0.00022,0.00000,0.00329
43.89000,0.62194,0.93990,0.00725,0.00023,0.05262
44.22000,0.62194,0.91359,0.00611,0.00017,0.08013
44.55000,0.62194,0.98815,0.00356,0.00009,0.00820
44.88000,0.62194,0.99280,0.00059,0.00001,0.00660
45.21000,0.62194,0.99863,0.00060,0.00000,0.00076
45.54000,0.62194,0.99888,0.00073,0.00002,0.00038
45.87000,0.62194,0.99933,0.00024,0.00001,0.00042
46.20000,0.62194,0.99497,0.00086,0.00001,0.00416
46.53000,0.62194,0.99785,0.00027,0.00000,0.00188
46.86000,0.62194,0.99582,0.00068,0.00002,0.00348
47.19000,0.62194,0.99974,0.00005,0.00000,0.00021
47.52000,0.62194,0.99926,0.00002,0.00000,0.00071
47.85000,0.62194,0.77765,0.00310,0.00142,0.21784
48.18000,0.62194,0.97829,0.00019,0.00363,0.01789
48.51000,0.62194,0.99904,0.00001,0.00009,0.00087
48.84000,0.62194,0.99440,0.00014,0.00001,0.00545
49.17000,0.62194,0.99664,0.00018,0.00002,0.00316
49.50000,0.62194,0.99815,0.00003,0.00000,0.00182
49.83000,0.62194,0.99945,0.00002,0.00000,0.00053
50.16000,0.62194,0.99961,0.00000,0.00000,0.00039
50.49000,0.62194,0.99884,0.00009,0.00000,0.00107
50.82000,0.62194,0.97502,0.00034,0.00054,0.02410
51.15000,0.62194,0.47746,0.00190,0.00835,0.51228
51.48000,0.62194,0.95550,0.00010,0.00044,0.04396
51.81000,0.62194,0.91803,0.00279,0.00156,0.07762
52.14000,0.62194,0.75452,0.00080,0.00169,0.24299
52.47000,0.62194,0.99602,0.00003,0.00001,0.00394
52.80000,0.62194,0.99981,0.00002,0.00000,0.00018
53.13000,0.62194,0.99994,0.00001,0.00000,0.00005
53.46000,0.62194,1.00000,0.00000,0.00000,0.00000
53.79000,0.62194,0.99985,0.00012,0.00000,0.00003
54.12000,0.62194,0.99959,0.00002,0.00000,0.00039
54.45000,0.62194,0.99997,0.00001,0.00000,0.00002
54.78000,0.62194,0.99998,0.00001,0.00000,0.00001
55.11000,0.62194,0.99961,0.00000,0.00000,0.00039
55.44000,0.62194,0.91998,0.00047,0.00021,0.07934
55.77000,0.62194,0.99838,0.00002,0.00006,0.00154
56.10000,0.62194,0.99812,0.00000,0.00002,0.00186
56.43000,0.62194,0.99513,0.00000,0.00001,0.00486
56.76000,0.62194,0.99592,0.00003,0.00000,0.00405
57.09000,0.62194,0.99991,0.00001,0.00000,0.00008
57.42000,0.62194,0.99988,0.00002,0.00000,0.00010
57.75000,0.62194,0.99998,0.00000,0.00000,0.00001
58.08000,0.62194,0.99995,0.00002,0.00000,0.00002
58.41000,0.62194,0.99993,0.00002,0.00000,0.00005
58.74000,0.62194,0.99996,0.00001,0.00000,0.00003
59.07000,0.62194,0.99992,0.00001,0.00000,0.00006
59.40000,0.62194,0.99995,0.00002,0.00000,0.00003
59.73000,0.62194,0.99993,0.00002,0.00000,0.00005
60.06000,0.62194,0.99987,0.00002,0.00000,0.00011
60.39000,0.62194,0.99996,0.00001,0.00000,0.00003
60.72000,0.62194,0.99996,0.00001,0.00000,0.00003
61.05000,0.62194,0.99999,0.00000,0.00000,0.00001
61.38000,0.62194,0.99999,0.00000,0.00000,0.00001
61.71000,0.62194,0.99826,0.00003,0.00000,0.00171
62.04000,0.62194,0.99594,0.00000,0.00000,0.00406
62.37000,0.62194,0.99736,0.00000,0.00001,0.00263
62.70000,0.62194,0.99822,0.00001,0.00000,0.00177
63.03000,0.62194,0.99998,0.00001,0.00000,0.00001
63.36000,0.62194,0.99990,0.00002,0.00000,0.00008
63.69000,0.62194,0.99952,0.00004,0.00000,0.00045
64.02000,0.62194,0.99858,0.00016,0.00000,0.00126
64.35000,0.62194,0.98625,0.00024,0.00002,0.01349
64.68000,0.62194,0.99944,0.00000,0.00000,0.00055
65.01000,0.62193,0.99882,0.00001,0.00000,0.00117
65.34000,0.62194,0.99993,0.00001,0.00000,0.00006
65.67000,0.62194,0.99999,0.00000,0.00000,0.00001
66.00000,0.62194,0.99996,0.00001,0.00000,0.00004
66.33000,0.62193,0.99286,0.00120,0.00002,0.00591
66.66000,0.62193,0.24465,0.00022,0.00330,0.75182
66.99000,0.62194,0.79255,0.00000,0.00474,0.20271
67.32000,0.62194,0.99945,0.00000,0.00006,0.00049
67.65000,0.62193,0.99959,0.00002,0.00000,0.00039
67.98000,0.62193,0.99957,0.00002,0.00000,0.00041
68.31000,0.62194,0.99878,0.00006,0.00000,0.00116
68.64000,0.62194,0.99937,0.00001,0.00000,0.00062
68.97000,0.62193,0.99917,0.00003,0.00000,0.00080
69.30000,0.62193,0.99921,0.00000,0.00000,0.00079
69.63000,0.62194,0.99487,0.00002,0.00000,0.00511
69.96000,0.62194,0.99975,0.00001,0.00000,0.00023
70.29000,0.62193,0.99921,0.00001,0.00000,0.00078
70.62000,0.62193,0.98532,0.00000,0.00004,0.01464
70.95000,0.62194,0.99843,0.00000,0.00004,0.00153
71.28000,0.62194,0.99976,0.00001,0.00000,0.00023
71.61000,0.62194,0.99733,0.00003,0.00000,0.00263
71.94000,0.62193,0.99869,0.00001,0.00000,0.00130
72.27000,0.62194,0.99965,0.00001,0.00000,0.00035
72.60000,0.62194,0.99835,0.00001,0.00000,0.00163
72.93000,0.62194,0.99786,0.00003,0.00000,0.00211
73.26000,0.62193,0.99955,0.00001,0.00000,0.00044
73.59000,0.62194,0.99052,0.00031,0.00005,0.00913
73.92000,0.62194,0.89166,0.00026,0.00062,0.10746
74.25000,0.62194,0.99752,0.00008,0.00000,0.00240
74.58000,0.62193,0.99959,0.00002,0.00000,0.00039
74.91000,0.62193,0.99752,0.00010,0.00001,0.00238
75.24000,0.62194,0.99536,0.00005,0.00000,0.00458
75.57000,0.62194,0.99933,0.00003,0.00000,0.00064
75.90000,0.62193,0.99684,0.00017,0.00000,0.00299
76.23000,0.62193,0.99740,0.00003,0.00000,0.00258
76.56000,0.62194,0.94636,0.00001,0.00000,0.05362
76.89000,0.62194,0.17165,0.00001,0.00050,0.82784
77.22000,0.62193,0.27178,0.00020,0.00595,0.72207
77.55000,0.62193,0.15613,0.00001,0.00731,0.83654
77.88000,0.62194,0.10390,0.00030,0.01012,0.88568
78.21000,0.62194,0.45388,0.00079,0.00799,0.53734
78.54000,0.62193,0.96813,0.00021,0.00004,0.03161
78.87000,0.62193,0.99308,0.00019,0.00001,0.00672
79.20000,0.62194,0.95049,0.00187,0.00043,0.04721
79.53000,0.62194,0.97065,0.00106,0.00347,0.02482
79.86000,0.62194,0.99513,0.00245,0.00002,0.00240
80.19000,0.62193,0.99676,0.00298,0.00000,0.00025
80.52000,0.62194,0.99996,0.00002,0.00000,0.00002
80.85000,0.62194,0.99997,0.00000,0.00002,0.00001
81.18000,0.62194,0.99929,0.00012,0.00000,0.00058
81.51000,0.62193,0.89807,0.00316,0.00015,0.09861
81.84000,0.62194,0.96563,0.00034,0.00003,0.03399
82.17000,0.62194,0.99795,0.00018,0.00000,0.00187
82.50000,0.62194,0.99223,0.00408,0.00000,0.00369
82.83000,0.62193,0.97749,0.00868,0.00001,0.01382
83.16000,0.62193,0.97544,0.00114,0.00002,0.02340
83.49000,0.62194,0.98889,0.00078,0.00001,0.01032
83.82000,0.62194,0.99023,0.00260,0.00000,0.00717
84.15000,0.62193,0.99280,0.00071,0.00001,0.00648
84.48000,0.62193,0.95956,0.00374,0.00005,0.03665
84.81000,0.62194,0.99056,0.00492,0.00001,0.00452
85.14000,0.62194,0.99500,0.00345,0.00000,0.00155
85.47000,0.62193,0.99489,0.00377,0.00000,0.00134
85.80000,0.62193,0.99896,0.00036,0.00000,0.00068
86.13000,0.62194,0.96953,0.00078,0.00037,0.02931
86.46000,0.62194,0.86480,0.00074,0.00044,0.13402
86.79000,0.62193,0.99349,0.00025,0.00001,0.00625
87.12000,0.62193,0.99922,0.00023,0.00000,0.00055
87.45000,0.62194,0.99986,0.00002,0.00000,0.00012
87.78000,0.62194,0.99935,0.00004,0.00000,0.00061
88.11000,0.62194,0.99188,0.00012,0.00001,0.00800
88.44000,0.62193,0.99729,0.00004,0.00000,0.00267
88.77000,0.62194,0.99856,0.00002,0.00000,0.00142
89.10000,0.62194,0.90685,0.00015,0.00023,0.09277
89.43000,0.62194,0.99450,0.00001,0.00116,0.00433
89.76000,0.62193,0.99941,0.00002,0.00003,0.00054
90.09000,0.62194,0.99996,0.00002,0.00000,0.00003
90.42000,0.62194,0.99994,0.00002,0.00000,0.00004
90.75000,0.62194,0.99974,0.00007,0.00000,0.00019
91.08000,0.62193,0.99997,0.00001,0.00000,0.00003
91.41000,0.62193,0.99967,0.00016,0.00000,0.00017
91.74000,0.62194,0.99763,0.00004,0.00000,0.00233
92.07000,0.62194,0.99722,0.00002,0.00000,0.00276
92.40000,0.62193,0.99989,0.00001,0.00000,0.00010
92.73000,0.62193,0.99990,0.00002,0.00000,0.00008
93.06000,0.62194,0.99934,0.00003,0.00000,0.00063
93.39000,0.62194,0.99952,0.00004,0.00000,0.00044
93.72000,0.62193,0.99005,0.00113,0.00001,0.00881
94.05000,0.62193,0.99530,0.00011,0.00000,0.00459
94.38000,0.62194,0.99990,0.00003,0.00000,0.00007
94.71000,0.62194,0.99979,0.00001,0.00000,0.00020
95.04000,0.62193,0.99735,0.00009,0.00000,0.00256
95.37000,0.62193,0.99929,0.00007,0.00000,0.00064
95.70000,0.62194,0.99996,0.00003,0.00000,0.00002
96.03000,0.62194,0.99996,0.00003,0.00000,0.00001
96.36000,0.62194,0.99980,0.00002,0.00000,0.00019
96.69000,0.62193,0.99951,0.00001,0.00000,0.00047
97.02000,0.62194,0.99998,0.00000,0.00000,0.00002
97.35000,0.62194,0.99998,0.00001,0.00000,0.00001
97.68000,0.62194,1.00000,0.00000,0.00000,0.00000
98.01000,0.62193,0.99999,0.00001,0.00000,0.00000
98.34000,0.62194,0.99993,0.00000,0.00000,0.00007
98.67000,0.62194,0.99995,0.00001,0.00000,0.00005
99.00000,0.62194,0.99980,0.00000,0.00000,0.00019
99.33000,0.62193,0.99920,0.00001,0.00000,0.00079
99.66000,0.62193,0.99815,0.00011,0.00000,0.00174
99.99000,0.62194,0.99914,0.00005,0.00000,0.00081
100.32000,0.62194,0.96450,0.00023,0.00002,0.03525
100.65000,0.62193,0.99931,0.00004,0.00000,0.00064
100.98000,0.62193,0.99920,0.00004,0.00000,0.00076
101.31000,0.62194,0.99854,0.00005,0.00000,0.00140
101.64000,0.62194,0.99940,0.00003,0.00000,0.00057
101.97000,0.62193,0.99847,0.00003,0.00000,0.00150
102.30000,0.62193,0.99939,0.00005,0.00000,0.00057
102.63000,0.62194,0.99982,0.00003,0.00000,0.00015
102.96000,0.62194,0.99979,0.00003,0.00000,0.00018
103.29000,0.62193,0.99981,0.00001,0.00000,0.00018
103.62000,0.62193,0.99979,0.00002,0.00000,0.00018
103.95000,0.62194,0.99988,0.00001,0.00000,0.00011
104.28000,0.62194,0.99989,0.00001,0.00000,0.00009
104.61000,0.62194,0.99967,0.00001,0.00000,0.00032
104.94000,0.62193,0.99936,0.00001,0.00000,0.00063
105.27000,0.62194,0.99731,0.00005,0.00000,0.00264
105.60000,0.62194,0.99959,0.00003,0.00000,0.00038
105.93000,0.62194,0.99997,0.00001,0.00000,0.00003
106.26000,0.62193,0.99992,0.00001,0.00000,0.00007
106.59000,0.62194,0.99996,0.00002,0.00000,0.00002
106.92000,0.62194,0.99999,0.00000,0.00000,0.00001
107.25000,0.62194,0.99998,0.00001,0.00000,0.00001
107.58000,0.62193,0.99996,0.00002,0.00000,0.00001
107.91000,0.62193,0.99984,0.00002,0.00000,0.00014
108.24000,0.62194,0.99982,0.00006,0.00000,0.00013
108.57000,0.62194,0.99947,0.00002,0.00000,0.00052
108.90000,0.62193,0.99888,0.00004,0.00000,0.00108
109.23000,0.62193,0.99995,0.00001,0.00000,0.00004
109.56000,0.62194,0.99993,0.00002,0.00000,0.00005
109.89000,0.62194,0.99992,0.00003,0.00000,0.00005
110.22000,0.62193,0.99993,0.00003,0.00000,0.00004
110.55000,0.62193,0.99991,0.00002,0.00000,0.00006
110.88000,0.62194,0.99997,0.00002,0.00000,0.00001
111.21000,0.62194,0.99999,0.00001,0.00000,0.00000
111.54000,0.62193,0.99997,0.00001,0.00000,0.00002
111.87000,0.62193,0.99995,0.00002,0.00000,0.00003
112.20000,0.62194,0.99941,0.00010,0.00000,0.00049
112.53000,0.62194,0.99479,0.00006,0.00000,0.00515
112.86000,0.62194,0.99982,0.00001,0.00000,0.00017
113.19000,0.62193,0.99985,0.00001,0.00000,0.00014
113.52000,0.62194,0.99988,0.00001,0.00000,0.00012
113.85000,0.62194,0.99996,0.00000,0.00000,0.00003
114.18000,0.62194,0.99959,0.00002,0.00000,0.00039
114.51000,0.62193,0.99955,0.00001,0.00000,0.00044
114.84000,0.62194,0.99944,0.00002,0.00000,0.00054
115.17000,0.62194,0.99977,0.00002,0.00000,0.00021
115.50000,0.62194,0.99990,0.00001,0.00000,0.00009
115.83000,0.62193,0.99994,0.00001,0.00000,0.00005
116.16000,0.62193,0.99998,0.00000,0.00000,0.00001
116.49000,0.62194,0.99993,0.00002,0.00000,0.00005
116.82000,0.62194,0.99984,0.00001,0.00000,0.00015
117.15000,0.62193,0.99971,0.00002,0.00000,0.00028
117.48000,0.62193,0.99969,0.00006,0.00000,0.00025
117.81000,0.62194,0.99997,0.00001,0.00000,0.00002
118.14000,0.62194,0.99989,0.00004,0.00000,0.00007
118.47000,0.62193,0.99994,0.00001,0.00000,0.00006
118.80000,0.62193,0.99992,0.00002,0.00000,0.00006
119.13000,0.62194,0.99987,0.00002,0.00000,0.00011
119.46000,0.62194,0.99847,0.00014,0.00000,0.00139
119.79000,0.62193,0.99802,0.00011,0.00000,0.00187
120.12000,0.62193,0.99979,0.00006,0.00000,0.00015
120.45000,0.62194,0.99948,0.00007,0.00000,0.00045
120.78000,0.62194,0.99920,0.00004,0.00000,0.00076
121.11000,0.62194,0.99847,0.00006,0.00000,0.00147
121.44000,0.62193,0.99988,0.00001,0.00000,0.00010
121.77000,0.62194,0.99745,0.00023,0.00000,0.00232
122.10000,0.62194,0.99968,0.00003,0.00000,0.00030
122.43000,0.62194,0.99971,0.00005,0.00000,0.00024
122.76000,0.62193,0.99900,0.00006,0.00000,0.00094
123.09000,0.62194,0.99963,0.00004,0.00000,0.00034
123.42000,0.62194,0.99986,0.00002,0.00000,0.00012
123.75000,0.62194,0.99882,0.00008,0.00000,0.00110
124.08000,0.62193,0.99994,0.00002,0.00000,0.00004
124.41000,0.62193,0.99999,0.00001,0.00000,0.00000
124.74000,0.62194,0.99997,0.00001,0.00000,0.00002
125.07000,0.62194,0.99970,0.00000,0.00000,0.00029
125.40000,0.62193,0.99966,0.00001,0.00000,0.00032
125.73000,0.62193,0.99969,0.00002,0.00000,0.00029
126.06000,0.62194,0.99992,0.00004,0.00000,0.00004
126.39000,0.62194,0.99993,0.00001,0.00000,0.00006
126.72000,0.62193,0.99996,0.00001,0.00000,0.00004
127.05000,0.62193,0.99981,0.00004,0.00000,0.00015
127.38000,0.62194,0.99976,0.00001,0.00000,0.00023
127.71000,0.62194,0.99991,0.00001,0.00000,0.00008
128.03999,0.62195,0.99835,0.00003,0.00000,0.00162
128.37000,0.62195,0.99959,0.00002,0.00000,0.00039
128.70000,0.62193,0.99998,0.00001,0.00000,0.00001
129.03000,0.62193,0.99998,0.00001,0.00000,0.00001
129.36000,0.62193,0.99997,0.00001,0.00000,0.00002
129.69000,0.62193,0.99952,0.00002,0.00000,0.00046
130.02000,0.62193,0.99520,0.00003,0.00000,0.00477
130.35001,0.62193,0.99973,0.00003,0.00000,0.00025
130.67999,0.62195,0.99970,0.00003,0.00000,0.00028
131.00999,0.62195,0.99956,0.00000,0.00000,0.00043
131.34000,0.62195,0.99977,0.00001,0.00000,0.00022
131.67000,0.62193,0.99990,0.00001,0.00000,0.00009
132.00000,0.62193,0.99996,0.00000,0.00000,0.00004
132.33000,0.62193,0.99993,0.00001,0.00000,0.00006
132.66000,0.62193,0.99997,0.00001,0.00000,0.00003
132.99001,0.62193,0.99992,0.00002,0.00000,0.00006
133.32001,0.62193,0.99999,0.00000,0.00000,0.00001
133.64999,0.62195,0.99995,0.00000,0.00000,0.00005
133.98000,0.62195,0.99992,0.00001,0.00000,0.00007
134.31000,0.62193,0.99997,0.00001,0.00000,0.00002
134.64000,0.62193,0.99996,0.00001,0.00000,0.00003
134.97000,0.62193,0.99994,0.00003,0.00000,0.00003
135.30000,0.62193,0.99984,0.00003,0.00000,0.00013
135.63000,0.62193,0.99995,0.00001,0.00000,0.00004
135.96001,0.62193,0.99998,0.00001,0.00000,0.00001
136.28999,0.62195,0.99997,0.00001,0.00000,0.00002
136.62000,0.62195,0.99991,0.00000,0.00000,0.00009
136.95000,0.62193,0.99985,0.00000,0.00000,0.00015
137.28000,0.62193,0.99956,0.00001,0.00000,0.00043
137.61000,0.62193,0.99946,0.00001,0.00000,0.00052
137.94000,0.62193,0.99986,0.00001,0.00000,0.00013
138.27000,0.62193,0.99998,0.00000,0.00000,0.00002
138.60001,0.62193,0.99976,0.00002,0.00000,0.00022
138.92999,0.62195,0.99850,0.00006,0.00000,0.00144
139.25999,0.62195,0.99927,0.00003,0.00000,0.00070
139.59000,0.62195,0.99932,0.00006,0.00000,0.00062
139.92000,0.62193,0.99985,0.00005,0.00000,0.00011
140.25000,0.62193,0.99999,0.00001,0.00000,0.00001
140.58000,0.62193,0.99979,0.00002,0.00000,0.00019
140.91000,0.62193,0.96041,0.00038,0.00003,0.03918
141.24001,0.62193,0.99828,0.00000,0.00000,0.00172
141.57001,0.62193,0.99996,0.00000,0.00002,0.00002
141.89999,0.62195,0.99984,0.00000,0.00000,0.00015
142.23000,0.62195,0.99878,0.00001,0.00000,0.00121
142.56000,0.62193,0.99885,0.00001,0.00000,0.00113
142.89000,0.62193,0.99869,0.00001,0.00000,0.00130
143.22000,0.62193,0.99967,0.00001,0.00000,0.00032
143.55000,0.62193,0.99969,0.00001,0.00000,0.00030
143.88000,0.62193,0.99965,0.00003,0.00000,0.00032
144.21001,0.62193,0.99993,0.00001,0.00000,0.00006
144.53999,0.62195,0.99997,0.00001,0.00000,0.00002
144.87000,0.62195,0.99993,0.00004,0.00000,0.00003
145.20000,0.62193,0.99996,0.00001,0.00000,0.00003
145.53000,0.62193,0.99920,0.00054,0.00000,0.00026
145.86000,0.62193,0.99878,0.00016,0.00000,0.00106
146.19000,0.62193,0.99990,0.00000,0.00001,0.00009
146.52000,0.62193,0.99998,0.00000,0.00000,0.00002
146.85001,0.62193,0.99994,0.00001,0.00000,0.00005
147.17999,0.62195,0.99981,0.00002,0.00000,0.00017
147.50999,0.62195,0.99986,0.00001,0.00000,0.00012
147.84000,0.62195,0.99973,0.00004,0.00000,0.00023
148.17000,0.62193,0.99993,0.00003,0.00000,0.00004
148.50000,0.62193,0.99998,0.00002,0.00000,0.00001
148.83000,0.62193,0.99989,0.00004,0.00000,0.00008
149.16000,0.62193,0.99981,0.00003,0.00000,0.00017
149.49001,0.62193,0.99984,0.00003,0.00000,0.00012
149.82001,0.62193,0.99969,0.00007,0.00000,0.00024
150.14999,0.62195,0.99967,0.00003,0.00000,0.00030
150.48000,0.62195,0.99990,0.00002,0.00000,0.00008
150.81000,0.62193,0.99980,0.00005,0.00000,0.00015
151.14000,0.62193,0.99981,0.00005,0.00000,0.00014
151.47000,0.62193,0.99990,0.00004,0.00000,0.00006
151.80000,0.62193,0.99988,0.00002,0.00000,0.00009
152.13000,0.62193,0.99962,0.00004,0.00000,0.00034
152.46001,0.62193,0.99953,0.00005,0.00000,0.00042
152.78999,0.62195,0.99999,0.00000,0.00000,0.00000
153.12000,0.62195,0.99998,0.00001,0.00000,0.00001
153.45000,0.62193,0.99992,0.00002,0.00000,0.00006
153.78000,0.62193,0.99983,0.00002,0.00000,0.00015
154.11000,0.62193,0.99996,0.00002,0.00000,0.00003
154.44000,0.62193,0.99984,0.00002,0.00000,0.00013
154.77000,0.62193,0.97606,0.00021,0.00002,0.02371
155.10001,0.62193,0.95733,0.00026,0.00008,0.04234
155.42999,0.62195,0.91098,0.00056,0.00010,0.08836
155.75999,0.62195,0.94477,0.00068,0.00003,0.05452
156.09000,0.62195,0.98657,0.00018,0.00001,0.01324
156.42000,0.62193,0.99926,0.00008,0.00000,0.00067
156.75000,0.62193,0.99996,0.00001,0.00000,0.00003
157.08000,0.62193,0.99998,0.00001,0.00000,0.00001
157.41000,0.62193,0.99991,0.00002,0.00000,0.00006
157.74001,0.62193,0.99986,0.00004,0.00000,0.00010
158.07001,0.62193,0.99974,0.00001,0.00000,0.00025
158.39999,0.62195,0.98786,0.00002,0.00035,0.01176
158.73000,0.62195,0.83452,0.00016,0.00231,0.16302
159.06000,0.62193,0.99894,0.00001,0.00000,0.00104
159.39000,0.62193,0.99928,0.00010,0.00000,0.00062
159.72000,0.62193,0.99994,0.00000,0.00000,0.00006
160.05000,0.62193,0.98586,0.00010,0.00003,0.01402
160.38000,0.62193,0.70411,0.00066,0.00054,0.29470
160.71001,0.62193,0.96400,0.00024,0.00007,0.03569
161.03999,0.62195,0.96270,0.00027,0.00003,0.03701
161.37000,0.62195,0.99996,0.00000,0.00000,0.00003
161.70000,0.62193,0.99998,0.00000,0.00000,0.00002
162.03000,0.62193,0.99988,0.00000,0.00000,0.00011
162.36000,0.62193,0.99979,0.00000,0.00000,0.00020
162.69000,0.62193,0.99220,0.00004,0.00001,0.00775
163.02000,0.62193,0.99376,0.00012,0.00000,0.00611
163.35001,0.62193,0.99990,0.00003,0.00000,0.00007
163.67999,0.62195,0.99995,0.00000,0.00000,0.00004
164.00999,0.62195,1.00000,0.00000,0.00000,0.00000
164.34000,0.62195,0.99998,0.00001,0.00000,0.00002
164.67000,0.62193,0.99997,0.00001,0.00000,0.00002
165.00000,0.62193,0.99996,0.00001,0.00000,0.00003
165.33000,0.62193,0.99995,0.00000,0.00000,0.00005
165.66000,0.62193,0.99671,0.00008,0.00000,0.00321
165.99001,0.62193,0.99147,0.00002,0.00000,0.00851
166.32001,0.62193,0.99861,0.00004,0.00000,0.00135
166.64999,0.62195,0.99994,0.00001,0.00000,0.00005
166.98000,0.62195,0.99995,0.00001,0.00000,0.00004
167.31000,0.62193,0.99995,0.00002,0.00000,0.00004
167.64000,0.62193,0.99942,0.00002,0.00000,0.00057
167.97000,0.62193,0.99938,0.00002,0.00000,0.00060
168.30000,0.62193,0.99975,0.00002,0.00000,0.00023
168.63000,0.62193,0.99991,0.00002,0.00000,0.00007
168.96001,0.62193,0.99998,0.00001,0.00000,0.00002
169.28999,0.62195,0.99989,0.00002,0.00000,0.00009
169.62000,0.62195,0.99950,0.00001,0.00000,0.00049
169.95000,0.62193,0.99663,0.00002,0.00000,0.00335
170.28000,0.62193,0.99718,0.00000,0.00001,0.00281
170.61000,0.62193,0.99781,0.00001,0.00000,0.00218
170.94000,0.62193,1.00000,0.00000,0.00000,0.00000
171.27000,0.62193,1.00000,0.00000,0.00000,0.00000
171.60001,0.62193,0.99998,0.00001,0.00000,0.00001
171.92999,0.62195,0.99999,0.00000,0.00000,0.00000
172.25999,0.62195,0.99993,0.00001,0.00000,0.00006
172.59000,0.62195,0.99720,0.00024,0.00000,0.00256
172.92000,0.62193,0.99759,0.00002,0.00000,0.00238
173.25000,0.62193,0.99895,0.00000,0.00000,0.00105
173.58000,0.62193,0.99741,0.00006,0.00000,0.00252
173.91000,0.62193,0.99978,0.00001,0.00000,0.00022
174.24001,0.62193,0.99989,0.00005,0.00000,0.00006
174.57001,0.62193,0.99985,0.00003,0.00000,0.00013
174.89999,0.62195,0.99934,0.00013,0.00000,0.00053
175.23000,0.62195,0.99968,0.00001,0.00000,0.00031
175.56000,0.62193,0.99891,0.00001,0.00000,0.00108
175.89000,0.62193,0.99794,0.00002,0.00000,0.00203
176.22000,0.62193,0.99971,0.00005,0.00000,0.00024
176.55000,0.62193,0.99991,0.00002,0.00000,0.00007
176.88000,0.62193,0.99980,0.00003,0.00000,0.00016
177.21001,0.62193,0.99985,0.00004,0.00000,0.00011
177.53999,0.62195,0.99991,0.00002,0.00000,0.00007
177.87000,0.62195,0.99996,0.00002,0.00000,0.00002
178.20000,0.62193,0.99992,0.00003,0.00000,0.00006
178.53000,0.62193,0.99989,0.00001,0.00000,0.00010
178.86000,0.62193,0.99996,0.00002,0.00000,0.00002
179.19000,0.62193,0.99994,0.00002,0.00000,0.00004
179.52000,0.62193,0.99983,0.00002,0.00000,0.00015
179.85001,0.62193,0.99991,0.00001,0.00000,0.00008
180.17999,0.62195,0.99998,0.00000,0.00000,0.00002
180.50999,0.62195,0.99991,0.00002,0.00000,0.00008
180.84000,0.62195,0.99968,0.00005,0.00000,0.00027
181.17000,0.62193,0.99985,0.00003,0.00000,0.00012
181.50000,0.62193,0.99988,0.00002,0.00000,0.00010
181.83000,0.62193,0.99965,0.00007,0.00000,0.00028
182.16000,0.62193,0.99971,0.00002,0.00000,0.00027
182.49001,0.62193,0.99937,0.00008,0.00000,0.00055
182.82001,0.62193,0.99953,0.00003,0.00000,0.00044
183.14999,0.62195,0.99985,0.00001,0.00000,0.00014
183.48000,0.62195,0.99997,0.00001,0.00000,0.00001
183.81000,0.62193,0.99998,0.00000,0.00000,0.00002
184.14000,0.62193,0.99996,0.00001,0.00000,0.00003
184.47000,0.62193,0.99963,0.00005,0.00000,0.00032
184.80000,0.62193,0.99973,0.00004,0.00000,0.00022
185.13000,0.62193,0.99988,0.00002,0.00000,0.00010
185.46001,0.62193,0.99987,0.00003,0.00000,0.00009
185.78999,0.62195,0.99995,0.00001,0.00000,0.00005
186.12000,0.62195,0.99997,0.00001,0.00000,0.00002
186.45000,0.62193,0.99993,0.00002,0.00000,0.00005
186.78000,0.62193,0.99997,0.00001,0.00000,0.00002
187.11000,0.62193,0.99998,0.00001,0.00000,0.00001
187.44000,0.62193,0.99984,0.00001,0.00000,0.00015
187.77000,0.62193,0.99941,0.00002,0.00000,0.00057
188.10001,0.62193,0.99964,0.00002,0.00000,0.00034
188.42999,0.62195,0.99858,0.00006,0.00000,0.00136
188.75999,0.62195,0.99948,0.00003,0.00000,0.00049
189.09000,0.62195,0.99989,0.00001,0.00000,0.00010
189.42000,0.62193,0.99976,0.00006,0.00000,0.00018
189.75000,0.62193,0.99986,0.00002,0.00000,0.00012
190.08000,0.62193,0.99984,0.00004,0.00000,0.00012
190.41000,0.62193,0.99954,0.00007,0.00000,0.00039
190.74001,0.62193,0.99975,0.00002,0.00000,0.00024
191.07001,0.62193,0.99900,0.00003,0.00000,0.00097
191.39999,0.62195,0.99909,0.00002,0.00000,0.00089
191.73000,0.62195,0.99970,0.00002,0.00000,0.00028
192.06000,0.62193,0.99934,0.00002,0.00000,0.00064
192.39000,0.62193,0.99993,0.00001,0.00000,0.00007
192.72000,0.62193,0.99987,0.00001,0.00000,0.00012
193.05000,0.62193,0.99999,0.00001,0.00000,0.00001
193.38000,0.62193,0.99990,0.00004,0.00000,0.00005
193.71001,0.62193,0.99961,0.00001,0.00000,0.00039
194.03999,0.62195,0.99925,0.00002,0.00000,0.00073
194.37000,0.62195,0.99585,0.00012,0.00000,0.00403
194.70000,0.62193,0.99956,0.00002,0.00000,0.00042
195.03000,0.62193,0.99967,0.00001,0.00000,0.00031
195.36000,0.62193,0.99971,0.00003,0.00000,0.00026
195.69000,0.62193,0.99982,0.00002,0.00000,0.00016
196.02000,0.62193,0.99910,0.00014,0.00000,0.00075
196.35001,0.62193,0.99988,0.00002,0.00000,0.00010
196.67999,0.62195,0.99955,0.00006,0.00000,0.00039
197.00999,0.62195,0.99926,0.00005,0.00000,0.00069
197.34000,0.62195,0.99921,0.00001,0.00000,0.00078
197.67000,0.62193,0.98243,0.00042,0.00001,0.01714
198.00000,0.62193,0.97887,0.00023,0.00001,0.02088
198.33000,0.62193,0.99965,0.00003,0.00000,0.00032
198.66000,0.62193,0.99960,0.00013,0.00000,0.00027
198.99001,0.62193,0.99966,0.00005,0.00000,0.00029
199.32001,0.62193,0.99989,0.00002,0.00000,0.00009
199.64999,0.62195,0.99976,0.00003,0.00000,0.00021
199.98000,0.62195,0.99971,0.00005,0.00000,0.00024
200.31000,0.62193,0.99995,0.00001,0.00000,0.00003
200.64000,0.62193,0.99998,0.00000,0.00000,0.00002
200.97000,0.62193,0.99996,0.00001,0.00000,0.00003
201.30000,0.62193,0.99992,0.00002,0.00000,0.00005
201.63000,0.62193,0.99941,0.00002,0.00000,0.00057
201.96001,0.62193,0.99916,0.00002,0.00000,0.00082
202.28999,0.62195,0.99985,0.00001,0.00000,0.00014
202.62000,0.62195,0.99997,0.00000,0.00000,0.00002
202.95000,0.62193,0.99996,0.00000,0.00000,0.00004
203.28000,0.62193,0.99983,0.00001,0.00000,0.00016
203.61000,0.62193,0.99983,0.00002,0.00000,0.00015
203.94000,0.62193,0.99870,0.00019,0.00000,0.00110
204.27000,0.62193,0.99277,0.00017,0.00001,0.00706
204.60001,0.62193,0.99596,0.00019,0.00000,0.00385
204.92999,0.62195,0.99971,0.00004,0.00000,0.00025
205.25999,0.62195,0.99987,0.00002,0.00000,0.00011
205.59000,0.62195,0.99922,0.00006,0.00000,0.00072
205.92000,0.62193,0.99922,0.00005,0.00000,0.00073
206.25000,0.62193,0.99871,0.00016,0.00000,0.00113
206.58000,0.62193,0.99971,0.00001,0.00000,0.00028
206.91000,0.62193,0.99991,0.00004,0.00000,0.00005
207.24001,0.62193,0.99989,0.00001,0.00000,0.00009
207.57001,0.62193,0.99987,0.00002,0.00000,0.00011
207.89999,0.62195,0.99991,0.00003,0.00000,0.00006
208.23000,0.62195,0.99858,0.00014,0.00000,0.00128
208.56000,0.62193,0.99690,0.00012,0.00000,0.00298
208.89000,0.62193,0.99967,0.00002,0.00000,0.00031
209.22000,0.62193,0.99993,0.00001,0.00000,0.00006
209.55000,0.62193,0.99981,0.00003,0.00000,0.00016
209.88000,0.62193,0.99991,0.00002,0.00000,0.00008
210.21001,0.62193,0.99990,0.00002,0.00000,0.00008
210.53999,0.62195,0.99998,0.00000,0.00000,0.00002
210.87000,0.62195,0.99984,0.00004,0.00000,0.00011
211.20000,0.62193,0.99947,0.00010,0.00000,0.00043
211.53000,0.62193,0.99954,0.00006,0.00000,0.00040
211.86000,0.62193,0.99991,0.00002,0.00000,0.00007
212.19000,0.62193,0.99982,0.00004,0.00000,0.00014
212.52000,0.62193,0.99997,0.00001,0.00000,0.00002
212.85001,0.62193,0.99987,0.00008,0.00000,0.00005
213.17999,0.62195,0.99985,0.00003,0.00000,0.00012
213.50999,0.62195,0.99980,0.00002,0.00000,0.00018
213.84000,0.62195,0.99975,0.00003,0.00000,0.00023
214.17000,0.62193,0.99997,0.00001,0.00000,0.00002
214.50000,0.62193,0.99988,0.00002,0.00000,0.00010
214.83000,0.62193,0.99982,0.00003,0.00000,0.00015
215.16000,0.62193,0.99989,0.00002,0.00000,0.00009
215.49001,0.62193,0.99973,0.00004,0.00000,0.00023
215.82001,0.62193,0.99979,0.00002,0.00000,0.00020
216.14999,0.62195,0.99981,0.00002,0.00000,0.00017
216.48000,0.62195,0.99978,0.00004,0.00000,0.00018
216.81000,0.62193,0.99994,0.00003,0.00000,0.00003
217.14000,0.62193,0.99998,0.00001,0.00000,0.00001
217.47000,0.62193,0.99990,0.00001,0.00000,0.00008
217.80000,0.62193,0.99992,0.00002,0.00000,0.00006
218.13000,0.62193,0.99997,0.00002,0.00000,0.00001
218.46001,0.62193,0.99995,0.00001,0.00000,0.00003
218.78999,0.62195,0.99998,0.00000,0.00000,0.00002
219.12000,0.62195,0.99996,0.00001,0.00000,0.00003
219.45000,0.62193,0.99978,0.00001,0.00000,0.00021
219.78000,0.62193,0.99916,0.00004,0.00000,0.00080
220.11000,0.62193,0.99989,0.00001,0.00000,0.00010
220.44000,0.62193,0.99963,0.00000,0.00000,0.00036
220.77000,0.62193,0.99972,0.00001,0.00000,0.00027
221.10001,0.62193,0.99996,0.00000,0.00000,0.00004
221.42999,0.62195,0.99989,0.00001,0.00000,0.00010
221.75999,0.62195,0.99973,0.00003,0.00000,0.00024
222.09000,0.62195,0.99936,0.00002,0.00000,0.00063
222.42000,0.62193,0.99990,0.00001,0.00000,0.00009
222.75000,0.62193,0.99973,0.00002,0.00000,0.00025
223.08000,0.62193,0.99908,0.00005,0.00000,0.00087
223.41000,0.62193,0.99987,0.00001,0.00000,0.00012
223.74001,0.62193,0.99992,0.00001,0.00000,0.00008
224.07001,0.62193,0.99976,0.00002,0.00000,0.00022
224.39999,0.62195,0.99978,0.00001,0.00000,0.00021
224.73000,0.62195,0.99997,0.00001,0.00000,0.00002
225.06000,0.62193,0.99993,0.00001,0.00000,0.00006
225.39000,0.62193,0.99987,0.00003,0.00000,0.00010
225.72000,0.62193,0.99996,0.00001,0.00000,0.00003
226.05000,0.62193,0.99983,0.00003,0.00000,0.00014
226.38000,0.62193,0.99994,0.00001,0.00000,0.00005
226.71001,0.62193,0.99998,0.00001,0.00000,0.00001
227.03999,0.62195,0.99996,0.00001,0.00000,0.00004
227.37000,0.62195,0.99943,0.00009,0.00000,0.00048
227.70000,0.62193,0.99922,0.00001,0.00000,0.00077
228.03000,0.62193,0.99961,0.00000,0.00000,0.00039
228.36000,0.62193,0.99998,0.00000,0.00000,0.00001
228.69000,0.62193,0.99996,0.00001,0.00000,0.00003
229.02000,0.62193,0.99988,0.00001,0.00000,0.00011
229.35001,0.62193,0.99996,0.00001,0.00000,0.00003
229.67999,0.62195,0.99990,0.00001,0.00000,0.00009
230.00999,0.62195,0.99989,0.00003,0.00000,0.00009
230.34000,0.62195,0.99936,0.00004,0.00000,0.00060
230.67000,0.62193,0.99739,0.00007,0.00000,0.00254
231.00000,0.62193,0.99988,0.00001,0.00000,0.00011
231.33000,0.62193,0.99977,0.00003,0.00000,0.00020
231.66000,0.62193,0.99791,0.00007,0.00000,0.00203
231.99001,0.62193,0.99842,0.00003,0.00000,0.00155
232.32001,0.62193,0.99841,0.00004,0.00000,0.00155
232.64999,0.62195,0.99963,0.00003,0.00000,0.00034
232.98000,0.62195,0.99977,0.00002,0.00000,0.00020
233.31000,0.62193,0.99984,0.00002,0.00000,0.00013
233.64000,0.62193,0.99978,0.00005,0.00000,0.00018
233.97000,0.62193,0.99967,0.00003,0.00000,0.00031
234.30000,0.62193,0.99984,0.00001,0.00000,0.00015
234.63000,0.62193,0.99987,0.00002,0.00000,0.00011
234.96001,0.62193,0.99957,0.00004,0.00000,0.00040
235.28999,0.62195,0.99948,0.00006,0.00000,0.00046
235.62000,0.62195,0.99966,0.00002,0.00000,0.00032
235.95000,0.62193,0.99995,0.00001,0.00000,0.00004
236.28000,0.62193,0.99992,0.00001,0.00000,0.00007
236.61000,0.62193,0.99977,0.00002,0.00000,0.00021
236.94000,0.62193,0.99924,0.00013,0.00000,0.00063
237.27000,0.62193,0.99997,0.00000,0.00000,0.00002
237.60001,0.62193,0.99999,0.00000,0.00000,0.00001
237.92999,0.62195,0.99982,0.00008,0.00000,0.00009
238.25999,0.62195,0.99989,0.00002,0.00000,0.00009
238.59000,0.62195,0.99995,0.00001,0.00000,0.00004
238.92000,0.62193,0.99993,0.00001,0.00000,0.00006
239.25000,0.62193,0.99994,0.00002,0.00000,0.00005
239.58000,0.62193,0.99996,0.00001,0.00000,0.00002
239.91000,0.62193,0.99999,0.00001,0.00000,0.00001
240.24001,0.62193,0.99996,0.00001,0.00000,0.00003
240.57001,0.62193,0.99974,0.00002,0.00000,0.00025
240.89999,0.62195,0.99962,0.00000,0.00000,0.00038
241.23000,0.62195,0.99991,0.00001,0.00000,0.00008
241.56000,0.62193,0.99985,0.00001,0.00000,0.00014
241.89000,0.62193,0.99660,0.00008,0.00000,0.00333
242.22000,0.62193,0.99990,0.00001,0.00000,0.00009
242.55000,0.62193,0.99988,0.00001,0.00000,0.00011
242.88000,0.62193,0.99990,0.00003,0.00000,0.00008
243.21001,0.62193,0.99994,0.00001,0.00000,0.00005
243.53999,0.62195,0.99995,0.00001,0.00000,0.00003
243.87000,0.62195,0.99999,0.00000,0.00000,0.00001
244.20000,0.62193,0.99998,0.00000,0.00000,0.00001
244.53000,0.62193,0.99996,0.00000,0.00000,0.00004
244.86000,0.62193,0.99997,0.00001,0.00000,0.00002
245.19000,0.62193,0.99996,0.00001,0.00000,0.00003
245.52000,0.62193,0.99965,0.00002,0.00000,0.00033
245.85001,0.62193,0.99989,0.00002,0.00000,0.00008
246.17999,0.62195,0.99990,0.00002,0.00000,0.00007
246.50999,0.62195,0.99997,0.00001,0.00000,0.00002
246.84000,0.62195,0.99994,0.00003,0.00000,0.00004
247.17000,0.62193,0.99974,0.00003,0.00000,0.00023
247.50000,0.62193,0.99948,0.00003,0.00000,0.00049
247.83000,0.62193,0.99986,0.00002,0.00000,0.00012
248.16000,0.62193,0.99981,0.00003,0.00000,0.00016
248.49001,0.62193,0.99991,0.00002,0.00000,0.00007
248.82001,0.62193,0.99987,0.00001,0.00000,0.00011
249.14999,0.62195,0.99993,0.00002,0.00000,0.00005
249.48000,0.62195,0.99990,0.00002,0.00000,0.00008
249.81000,0.62193,0.99993,0.00001,0.00000,0.00006
250.14000,0.62193,0.99992,0.00001,0.00000,0.00008
250.47000,0.62193,0.99987,0.00000,0.00000,0.00013
250.80000,0.62193,0.99972,0.00003,0.00000,0.00025
251.13000,0.62193,0.99885,0.00008,0.00000,0.00107
251.46001,0.62193,0.99992,0.00001,0.00000,0.00007
251.78999,0.62195,0.99998,0.00000,0.00000,0.00002
252.12000,0.62195,0.99997,0.00001,0.00000,0.00001
252.45000,0.62193,0.99999,0.00000,0.00000,0.00001
252.78000,0.62193,0.99991,0.00002,0.00000,0.00008
253.11000,0.62193,0.99981,0.00003,0.00000,0.00017
253.44000,0.62193,0.99975,0.00002,0.00000,0.00024
253.77000,0.62193,0.99985,0.00003,0.00000,0.00012
254.10001,0.62193,0.99995,0.00002,0.00000,0.00004
254.42999,0.62195,0.99983,0.00004,0.00000,0.00013
254.75999,0.62195,0.99996,0.00001,0.00000,0.00003
255.09000,0.62195,0.99984,0.00001,0.00000,0.00015
255.42000,0.62193,0.99992,0.00000,0.00000,0.00008
255.75000,0.62195,0.99982,0.00001,0.00000,0.00017
256.07999,0.62195,0.99963,0.00004,0.00000,0.00033
256.41000,0.62195,0.99993,0.00002,0.00000,0.00005
256.73999,0.62195,0.99989,0.00005,0.00000,0.00006
257.07001,0.62192,0.99992,0.00002,0.00000,0.00006
257.39999,0.62195,0.99994,0.00002,0.00000,0.00004
257.73001,0.62192,0.99978,0.00007,0.00000,0.00015
258.06000,0.62195,0.99973,0.00006,0.00000,0.00020
258.39001,0.62192,0.99995,0.00003,0.00000,0.00003
258.72000,0.62195,0.99995,0.00001,0.00000,0.00004
259.04999,0.62195,0.99987,0.00003,0.00000,0.00010
259.38000,0.62192,0.99888,0.00002,0.00000,0.00110
259.70999,0.62195,0.99959,0.00001,0.00000,0.00040
260.04001,0.62192,0.99996,0.00000,0.00000,0.00004
260.37000,0.62195,0.99996,0.00001,0.00000,0.00003
260.70001,0.62192,0.99989,0.00003,0.00000,0.00008
261.03000,0.62195,0.99981,0.00002,0.00000,0.00017
261.35999,0.62195,0.99987,0.00002,0.00000,0.00012
261.69000,0.62195,0.99931,0.00006,0.00000,0.00063
262.01999,0.62195,0.99962,0.00002,0.00000,0.00035
262.35001,0.62192,0.99999,0.00000,0.00000,0.00001
262.67999,0.62195,0.99995,0.00000,0.00000,0.00005
263.01001,0.62192,0.99992,0.00002,0.00000,0.00007
263.34000,0.62195,0.99983,0.00001,0.00000,0.00016
263.67001,0.62192,0.99775,0.00013,0.00000,0.00212
264.00000,0.62195,0.99892,0.00001,0.00000,0.00107
264.32999,0.62195,0.99650,0.00007,0.00000,0.00343
264.66000,0.62195,0.98915,0.00005,0.00000,0.01079
264.98999,0.62195,0.99779,0.00003,0.00000,0.00218
265.32001,0.62192,0.99967,0.00001,0.00000,0.00032
265.64999,0.62195,0.99981,0.00000,0.00000,0.00019
265.98001,0.62192,0.99991,0.00001,0.00000,0.00008
266.31000,0.62195,0.99969,0.00008,0.00000,0.00024
266.64001,0.62192,0.99965,0.00012,0.00000,0.00023
266.97000,0.62195,0.99701,0.00003,0.00003,0.00293
267.29999,0.62195,0.99049,0.00005,0.00002,0.00944
267.63000,0.62192,0.99707,0.00002,0.00002,0.00289
267.95999,0.62195,0.99654,0.00000,0.00003,0.00343
268.29001,0.62192,0.99896,0.00000,0.00000,0.00104
268.62000,0.62195,0.99839,0.00001,0.00000,0.00160
268.95001,0.62192,0.99984,0.00000,0.00000,0.00016
269.28000,0.62195,0.99974,0.00001,0.00000,0.00025
269.60999,0.62195,0.99943,0.00002,0.00000,0.00055
269.94000,0.62195,0.99265,0.00001,0.00004,0.00730
270.26999,0.62195,0.99885,0.00001,0.00000,0.00113
270.60001,0.62192,0.98411,0.00014,0.00002,0.01573
270.92999,0.62195,0.99748,0.00002,0.00000,0.00249
271.26001,0.62192,0.98929,0.00014,0.00000,0.01057
271.59000,0.62195,0.99657,0.00023,0.00000,0.00319
271.92001,0.62192,0.99958,0.00001,0.00000,0.00041
272.25000,0.62195,0.98466,0.00008,0.00001,0.01525
272.57999,0.62195,0.99642,0.00006,0.00000,0.00353
272.91000,0.62195,0.99901,0.00006,0.00000,0.00093
273.23999,0.62195,0.99778,0.00005,0.00000,0.00217
273.57001,0.62192,0.99319,0.00015,0.00001,0.00666
273.89999,0.62195,0.99978,0.00003,0.00000,0.00019
274.23001,0.62192,0.99990,0.00002,0.00000,0.00008
274.56000,0.62195,0.99991,0.00003,0.00000,0.00006
274.89001,0.62192,0.99990,0.00006,0.00000,0.00004
275.22000,0.62195,0.99984,0.00001,0.00000,0.00015
275.54999,0.62195,0.99914,0.00001,0.00000,0.00084
275.88000,0.62192,0.99796,0.00002,0.00000,0.00202
276.20999,0.62195,0.99993,0.00000,0.00000,0.00007
276.54001,0.62192,0.99949,0.00000,0.00000,0.00051
276.87000,0.62195,0.99996,0.00000,0.00000,0.00004
277.20001,0.62192,0.99985,0.00005,0.00000,0.00010
277.53000,0.62195,0.99923,0.00002,0.00000,0.00075
277.85999,0.62195,0.99945,0.00007,0.00000,0.00048
278.19000,0.62195,0.99995,0.00003,0.00000,0.00002
278.51999,0.62195,0.99991,0.00003,0.00000,0.00007
278.85001,0.62192,0.99973,0.00004,0.00000,0.00023
279.17999,0.62195,0.99984,0.00001,0.00000,0.00015
279.51001,0.62192,0.99704,0.00004,0.00000,0.00291
279.84000,0.62195,0.99550,0.00009,0.00000,0.00441
280.17001,0.62192,0.99308,0.00002,0.00001,0.00689
280.50000,0.62195,0.99212,0.00007,0.00000,0.00781
280.82999,0.62195,0.98932,0.00008,0.00001,0.01059
281.16000,0.62195,0.99895,0.00005,0.00000,0.00099
281.48999,0.62195,0.99988,0.00001,0.00000,0.00012
281.82001,0.62192,0.99974,0.00003,0.00000,0.00023
282.14999,0.62195,0.99991,0.00002,0.00000,0.00007
282.48001,0.62192,0.99907,0.00002,0.00000,0.00091
282.81000,0.62195,0.99950,0.00002,0.00000,0.00048
283.14001,0.62192,0.99911,0.00008,0.00000,0.00082
283.47000,0.62195,0.99966,0.00004,0.00000,0.00030
283.79999,0.62195,0.99995,0.00001,0.00000,0.00004
284.13000,0.62192,0.99981,0.00001,0.00000,0.00017
284.45999,0.62195,0.99940,0.00009,0.00000,0.00051
284.79001,0.62192,0.99977,0.00003,0.00000,0.00020
285.12000,0.62195,0.99911,0.00008,0.00000,0.00081
285.45001,0.62192,0.99799,0.00002,0.00000,0.00199
285.78000,0.62195,0.99894,0.00002,0.00000,0.00104
286.10999,0.62195,0.98131,0.00018,0.00001,0.01850
286.44000,0.62195,0.99953,0.00000,0.00000,0.00047
286.76999,0.62195,0.99995,0.00002,0.00000,0.00003
287.10001,0.62192,0.99991,0.00002,0.00000,0.00007
287.42999,0.62195,0.99987,0.00002,0.00000,0.00011
287.76001,0.62192,0.99999,0.00000,0.00000,0.00001
288.09000,0.62195,0.99962,0.00013,0.00000,0.00025
288.42001,0.62192,0.99829,0.00004,0.00000,0.00167
288.75000,0.62195,0.99987,0.00001,0.00000,0.00012
289.07999,0.62195,0.99995,0.00001,0.00000,0.00004
289.41000,0.62195,0.99989,0.00002,0.00000,0.00009
289.73999,0.62195,0.99986,0.00005,0.00000,0.00009
290.07001,0.62192,0.99993,0.00002,0.00000,0.00005
290.39999,0.62195,0.99985,0.00000,0.00000,0.00015
290.73001,0.62192,0.99938,0.00013,0.00000,0.00048
291.06000,0.62195,0.99961,0.00007,0.00000,0.00032
291.39001,0.62192,0.99991,0.00001,0.00000,0.00008
291.72000,0.62195,0.99844,0.00004,0.00000,0.00152
292.04999,0.62195,0.99692,0.00013,0.00000,0.00295
292.38000,0.62192,0.99681,0.00002,0.00000,0.00317
292.70999,0.62195,0.99882,0.00003,0.00000,0.00115
293.04001,0.62192,0.99972,0.00001,0.00000,0.00026
293.37000,0.62195,0.99950,0.00001,0.00000,0.00049
293.70001,0.62192,0.99928,0.00003,0.00000,0.00068
294.03000,0.62195,0.99898,0.00028,0.00000,0.00074
294.35999,0.62195,0.97887,0.00011,0.00001,0.02100
294.69000,0.62195,0.99508,0.00005,0.00000,0.00486
295.01999,0.62195,0.99491,0.00008,0.00000,0.00501
295.35001,0.62192,0.99957,0.00001,0.00000,0.00042
295.67999,0.62195,0.99968,0.00001,0.00000,0.00031
296.01001,0.62192,0.99827,0.00009,0.00000,0.00164
296.34000,0.62195,0.99833,0.00003,0.00000,0.00164
296.67001,0.62192,0.99978,0.00002,0.00000,0.00020
297.00000,0.62195,0.99951,0.00003,0.00000,0.00045
297.32999,0.62195,0.99972,0.00002,0.00000,0.00026
297.66000,0.62195,0.99999,0.00000,0.00000,0.00001
297.98999,0.62195,0.99981,0.00002,0.00000,0.00017
298.32001,0.62192,0.97511,0.00059,0.00005,0.02426
298.64999,0.62195,0.59298,0.00046,0.00253,0.40403
298.98001,0.62192,0.98233,0.00004,0.00002,0.01761
299.31000,0.62195,0.99850,0.00005,0.00000,0.00145
