Time (seconds), Duration (seconds),pred_(unlabeled),pred_brushing_teeth,pred_hair_drying,pred_showering
0.00000,1.02194,0.99999,0.00000,0.00000,0.00001
0.14000,1.02194,0.99999,0.00000,0.00000,0.00001
0.28000,1.02194,0.99999,0.00000,0.00000,0.00001
0.42000,1.02194,0.99999,0.00000,0.00000,0.00001
0.56000,1.02194,0.99999,0.00000,0.00000,0.00001
0.70000,1.02194,0.99999,0.00000,0.00000,0.00001
0.84000,1.02194,0.99999,0.00000,0.00000,0.00001
0.98000,1.02194,0.99997,0.00000,0.00000,0.00003
1.12000,1.02194,0.99988,0.00000,0.00000,0.00012
1.26000,1.02194,0.99985,0.00000,0.00000,0.00015
1.40000,1.02194,0.99976,0.00000,0.00000,0.00024
1.54000,1.02194,0.99985,0.00000,0.00000,0.00014
1.68000,1.02194,0.99985,0.00000,0.00000,0.00015
1.82000,1.02194,0.99935,0.00000,0.00001,0.00063
1.96000,1.02194,0.99987,0.00000,0.00000,0.00013
2.10000,1.02194,0.99984,0.00000,0.00000,0.00016
2.24000,1.02194,0.99938,0.00000,0.00000,0.00062
2.38000,1.02194,0.99780,0.00000,0.00001,0.00219
2.52000,1.02194,0.99837,0.00000,0.00001,0.00162
2.66000,1.02194,0.99891,0.00000,0.00000,0.00109
2.80000,1.02194,0.99944,0.00000,0.00000,0.00056
2.94000,1.02194,0.99914,0.00000,0.00001,0.00086
3.08000,1.02194,0.99956,0.00000,0.00000,0.00043
3.22000,1.02194,0.99983,0.00000,0.00000,0.00017
3.36000,1.02194,0.99992,0.00000,0.00000,0.00008
3.50000,1.02194,0.99993,0.00000,0.00000,0.00007
3.64000,1.02194,0.99992,0.00000,0.00000,0.00008
3.78000,1.02194,0.99993,0.00000,0.00000,0.00007
3.92000,1.02194,0.99985,0.00000,0.00000,0.00015
4.06000,1.02194,0.99986,0.00000,0.00000,0.00014
4.20000,1.02194,0.99992,0.00000,0.00000,0.00008
4.34000,1.02194,0.99989,0.00000,0.00000,0.00011
4.48000,1.02194,0.99986,0.00000,0.00000,0.00014
4.62000,1.02194,0.99987,0.00000,0.00000,0.00013
4.76000,1.02194,0.99989,0.00000,0.00000,0.00011
4.90000,1.02194,0.99993,0.00000,0.00000,0.00007
5.04000,1.02194,0.99970,0.00000,0.00000,0.00030
5.18000,1.02194,0.99972,0.00000,0.00000,0.00027
5.32000,1.02194,0.99949,0.00000,0.00002,0.00049
5.46000,1.02194,0.99991,0.00000,0.00000,0.00009
5.60000,1.02194,0.99992,0.00000,0.00000,0.00008
5.74000,1.02194,0.99987,0.00000,0.00000,0.00013
5.88000,1.02194,0.99977,0.00000,0.00001,0.00022
6.02000,1.02194,0.99988,0.00000,0.00001,0.00011
6.16000,1.02194,0.99994,0.00000,0.00000,0.00006
6.30000,1.02194,0.99985,0.00000,0.00000,0.00015
6.44000,1.02194,0.99923,0.00000,0.00002,0.00075
6.58000,1.02194,0.99888,0.00000,0.00004,0.00108
6.72000,1.02194,0.99934,0.00000,0.00003,0.00064
6.86000,1.02194,0.99979,0.00000,0.00000,0.00021
7.00000,1.02194,0.99984,0.00000,0.00000,0.00016
7.14000,1.02194,0.99986,0.00000,0.00000,0.00013
7.28000,1.02194,0.99995,0.00000,0.00000,0.00005
7.42000,1.02194,0.99995,0.00000,0.00000,0.00005
7.56000,1.02194,0.99987,0.00000,0.00000,0.00013
7.70000,1.02194,0.99969,0.00000,0.00000,0.00031
7.84000,1.02194,0.99982,0.00000,0.00000,0.00018
7.98000,1.02194,0.99967,0.00000,0.00000,0.00033
8.12000,1.02194,0.99969,0.00000,0.00000,0.00031
8.26000,1.02194,0.99968,0.00000,0.00000,0.00032
8.40000,1.02194,0.99959,0.00000,0.00000,0.00041
8.54000,1.02194,0.99986,0.00000,0.00000,0.00013
8.68000,1.02194,0.99980,0.00000,0.00000,0.00020
8.82000,1.02194,0.99955,0.00000,0.00001,0.00045
8.96000,1.02194,0.99978,0.00000,0.00000,0.00022
9.10000,1.02194,0.99962,0.00000,0.00001,0.00037
9.24000,1.02194,0.99937,0.00000,0.00001,0.00062
9.38000,1.02194,0.99906,0.00000,0.00002,0.00092
9.52000,1.02194,0.99890,0.00000,0.00002,0.00108
9.66000,1.02194,0.99819,0.00000,0.00005,0.00177
9.80000,1.02194,0.99603,0.00000,0.00009,0.00388
9.94000,1.02194,0.99107,0.00000,0.00009,0.00884
10.08000,1.02194,0.97984,0.00000,0.00015,0.02000
10.22000,1.02194,0.98194,0.00000,0.00013,0.01793
10.36000,1.02194,0.95267,0.00000,0.00037,0.04696
10.50000,1.02194,0.92320,0.00000,0.00022,0.07657
10.64000,1.02194,0.96813,0.00000,0.00009,0.03178
10.78000,1.02194,0.94068,0.00000,0.00010,0.05922
10.92000,1.02194,0.97304,0.00000,0.00021,0.02675
11.06000,1.02194,0.97832,0.00000,0.00017,0.02151
11.20000,1.02194,0.98239,0.00000,0.00012,0.01749
11.34000,1.02194,0.99429,0.00000,0.00008,0.00563
11.48000,1.02194,0.99850,0.00000,0.00001,0.00148
11.62000,1.02194,0.99725,0.00000,0.00004,0.00271
11.76000,1.02194,0.99921,0.00000,0.00001,0.00078
11.90000,1.02194,0.99980,0.00000,0.00000,0.00020
12.04000,1.02194,0.99993,0.00000,0.00000,0.00007
12.18000,1.02194,0.99993,0.00000,0.00000,0.00007
12.32000,1.02194,0.99993,0.00000,0.00000,0.00007
12.46000,1.02194,0.99992,0.00000,0.00000,0.00008
12.60000,1.02194,0.99997,0.00000,0.00000,0.00003
12.74000,1.02194,0.99998,0.00000,0.00000,0.00002
12.88000,1.02194,0.99994,0.00000,0.00000,0.00006
13.02000,1.02194,0.99972,0.00000,0.00000,0.00028
13.16000,1.02194,0.99930,0.00000,0.00001,0.00069
13.30000,1.02194,0.99939,0.00000,0.00000,0.00061
13.44000,1.02194,0.99967,0.00000,0.00000,0.00033
13.58000,1.02194,0.99923,0.00000,0.00000,0.00077
13.72000,1.02194,0.99899,0.00000,0.00001,0.00100
13.86000,1.02194,0.99932,0.00000,0.00000,0.00067
14.00000,1.02194,0.99916,0.00000,0.00001,0.00083
14.14000,1.02194,0.99943,0.00000,0.00001,0.00056
14.28000,1.02194,0.99745,0.00000,0.00014,0.00241
14.42000,1.02194,0.98745,0.00000,0.00159,0.01096
14.56000,1.02194,0.96517,0.00000,0.00849,0.02634
14.70000,1.02194,0.75949,0.00001,0.09590,0.14461
14.84000,1.02194,0.89604,0.00000,0.02860,0.07535
14.98000,1.02194,0.97515,0.00000,0.00334,0.02152
15.12000,1.02194,0.98572,0.00000,0.00100,0.01328
15.26000,1.02194,0.98996,0.00000,0.00060,0.00944
15.40000,1.02194,0.99078,0.00000,0.00057,0.00865
15.54000,1.02194,0.99185,0.00000,0.00061,0.00754
15.68000,1.02194,0.98710,0.00000,0.00170,0.01120
15.82000,1.02194,0.97785,0.00000,0.00360,0.01854
15.96000,1.02194,0.91580,0.00000,0.01224,0.07195
16.10000,1.02194,0.82833,0.00000,0.03993,0.13173
16.24000,1.02194,0.82695,0.00000,0.04677,0.12627
16.38000,1.02194,0.83313,0.00000,0.03310,0.13377
16.52000,1.02194,0.93634,0.00000,0.00651,0.05714
16.66000,1.02194,0.92728,0.00000,0.00692,0.06581
16.80000,1.02194,0.90352,0.00000,0.01243,0.08404
16.94000,1.02194,0.97278,0.00000,0.00280,0.02441
17.08000,1.02194,0.98756,0.00000,0.00065,0.01179
17.22000,1.02194,0.99645,0.00000,0.00013,0.00342
17.36000,1.02194,0.99886,0.00000,0.00002,0.00113
17.50000,1.02194,0.99910,0.00000,0.00002,0.00089
17.64000,1.02194,0.99974,0.00000,0.00000,0.00026
17.78000,1.02194,0.99991,0.00000,0.00000,0.00009
17.92000,1.02194,0.99993,0.00000,0.00000,0.00007
18.06000,1.02194,0.99994,0.00000,0.00000,0.00006
18.20000,1.02194,0.99988,0.00000,0.00000,0.00012
18.34000,1.02194,0.99985,0.00000,0.00000,0.00015
18.48000,1.02194,0.99985,0.00000,0.00000,0.00015
18.62000,1.02194,0.99971,0.00000,0.00000,0.00028
18.76000,1.02194,0.99897,0.00000,0.00002,0.00100
18.90000,1.02194,0.99801,0.00000,0.00005,0.00194
19.04000,1.02194,0.99813,0.00000,0.00005,0.00183
19.18000,1.02194,0.99866,0.00000,0.00003,0.00131
19.32000,1.02194,0.99827,0.00000,0.00003,0.00170
19.46000,1.02194,0.99761,0.00000,0.00006,0.00234
19.60000,1.02194,0.99937,0.00000,0.00001,0.00062
19.74000,1.02194,0.99981,0.00000,0.00000,0.00019
19.88000,1.02194,0.99982,0.00000,0.00001,0.00017
20.02000,1.02194,0.99975,0.00000,0.00002,0.00023
20.16000,1.02194,0.99984,0.00000,0.00001,0.00015
20.30000,1.02194,0.99987,0.00000,0.00001,0.00012
20.44000,1.02194,0.99990,0.00000,0.00001,0.00009
20.58000,1.02194,0.99969,0.00000,0.00002,0.00028
20.72000,1.02194,0.99984,0.00000,0.00001,0.00015
20.86000,1.02194,0.99996,0.00000,0.00000,0.00004
21.00000,1.02194,0.99996,0.00000,0.00000,0.00004
21.14000,1.02194,0.99996,0.00000,0.00000,0.00004
21.28000,1.02194,0.99992,0.00000,0.00000,0.00008
21.42000,1.02194,0.99990,0.00000,0.00000,0.00010
21.56000,1.02194,0.99996,0.00000,0.00000,0.00004
21.70000,1.02194,0.99991,0.00000,0.00000,0.00009
21.84000,1.02194,0.99992,0.00000,0.00000,0.00008
21.98000,1.02194,0.99991,0.00000,0.00000,0.00009
22.12000,1.02194,0.99993,0.00000,0.00000,0.00007
22.26000,1.02194,0.99995,0.00000,0.00000,0.00005
22.40000,1.02194,0.99994,0.00000,0.00000,0.00006
22.54000,1.02194,0.99994,0.00000,0.00000,0.00006
22.68000,1.02194,0.99993,0.00000,0.00000,0.00007
22.82000,1.02194,0.99993,0.00000,0.00000,0.00007
22.96000,1.02194,0.99993,0.00000,0.00000,0.00007
23.10000,1.02194,0.99999,0.00000,0.00000,0.00001
23.24000,1.02194,0.99999,0.00000,0.00000,0.00001
23.38000,1.02194,1.00000,0.00000,0.00000,0.00000
23.52000,1.02194,1.00000,0.00000,0.00000,0.00000
23.66000,1.02194,1.00000,0.00000,0.00000,0.00000
23.80000,1.02194,1.00000,0.00000,0.00000,0.00000
23.94000,1.02194,1.00000,0.00000,0.00000,0.00000
24.08000,1.02194,1.00000,0.00000,0.00000,0.00000
24.22000,1.02194,1.00000,0.00000,0.00000,0.00000
24.36000,1.02194,0.99999,0.00000,0.00000,0.00001
24.50000,1.02194,0.99998,0.00000,0.00000,0.00002
24.64000,1.02194,0.99998,0.00000,0.00000,0.00002
24.78000,1.02194,0.99997,0.00000,0.00000,0.00003
24.92000,1.02194,0.99997,0.00000,0.00000,0.00003
25.06000,1.02194,0.99995,0.00000,0.00000,0.00005
25.20000,1.02194,0.99993,0.00000,0.00000,0.00007
25.34000,1.02194,0.99992,0.00000,0.00000,0.00008
25.48000,1.02194,0.99995,0.00000,0.00000,0.00005
25.62000,1.02194,0.99995,0.00000,0.00000,0.00004
25.76000,1.02194,0.99995,0.00000,0.00000,0.00005
25.90000,1.02194,0.99997,0.00000,0.00000,0.00003
26.04000,1.02194,0.99999,0.00000,0.00000,0.00001
26.18000,1.02194,1.00000,0.00000,0.00000,0.00000
26.32000,1.02194,1.00000,0.00000,0.00000,0.00000
26.46000,1.02194,0.99999,0.00000,0.00000,0.00001
26.60000,1.02194,1.00000,0.00000,0.00000,0.00000
26.74000,1.02194,0.99999,0.00000,0.00000,0.00001
26.88000,1.02194,0.99998,0.00000,0.00000,0.00001
27.02000,1.02194,0.99994,0.00000,0.00000,0.00006
27.16000,1.02194,0.99998,0.00000,0.00000,0.00002
27.30000,1.02194,0.99999,0.00000,0.00000,0.00001
27.44000,1.02194,0.99999,0.00000,0.00000,0.00001
27.58000,1.02194,0.99999,0.00000,0.00000,0.00001
27.72000,1.02194,0.99998,0.00000,0.00000,0.00002
27.86000,1.02194,0.99997,0.00000,0.00000,0.00002
28.00000,1.02194,1.00000,0.00000,0.00000,0.00000
28.14000,1.02194,0.99999,0.00000,0.00000,0.00001
28.28000,1.02194,0.99999,0.00000,0.00000,0.00001
28.42000,1.02194,0.99999,0.00000,0.00000,0.00001
28.56000,1.02194,0.99997,0.00000,0.00000,0.00002
28.70000,1.02194,0.99999,0.00000,0.00000,0.00001
28.84000,1.02194,0.99998,0.00000,0.00000,0.00002
28.98000,1.02194,0.99812,0.00000,0.00007,0.00181
29.12000,1.02194,0.99376,0.00000,0.00046,0.00578
29.26000,1.02194,0.98036,0.00000,0.00294,0.01669
29.40000,1.02194,0.92554,0.00000,0.01011,0.06436
29.54000,1.02194,0.82976,0.00002,0.06746,0.10276
29.68000,1.02194,0.60241,0.00041,0.27888,0.11829
29.82000,1.02194,0.70920,0.00028,0.17182,0.11870
29.96000,1.02194,0.50695,0.00032,0.32594,0.16679
30.10000,1.02194,0.54665,0.00021,0.26733,0.18581
30.24000,1.02194,0.52243,0.00018,0.31228,0.16511
30.38000,1.02194,0.57477,0.00022,0.29155,0.13346
30.52000,1.02194,0.53275,0.00021,0.24863,0.21841
30.66000,1.02194,0.52024,0.00016,0.26078,0.21881
30.80000,1.02194,0.72066,0.00003,0.10592,0.17339
30.94000,1.02194,0.90661,0.00000,0.03044,0.06295
31.08000,1.02194,0.93416,0.00000,0.01546,0.05038
31.22000,1.02194,0.93803,0.00000,0.02691,0.03505
31.36000,1.02194,0.89296,0.00000,0.03592,0.07113
31.50000,1.02194,0.91389,0.00000,0.01932,0.06679
31.64000,1.02194,0.92977,0.00000,0.01905,0.05118
31.78000,1.02194,0.85842,0.00001,0.05759,0.08398
31.92000,1.02194,0.68055,0.00009,0.16337,0.15598
32.06000,1.02193,0.61817,0.00026,0.22767,0.15390
32.20000,1.02194,0.58788,0.00043,0.24452,0.16717
32.34000,1.02194,0.68088,0.00011,0.17419,0.14483
32.48000,1.02194,0.69824,0.00003,0.19342,0.10831
32.62000,1.02194,0.68885,0.00003,0.16709,0.14403
32.76000,1.02194,0.68477,0.00002,0.16772,0.14749
32.90000,1.02193,0.75666,0.00002,0.12322,0.12010
33.04000,1.02194,0.65312,0.00003,0.19126,0.15558
33.18000,1.02194,0.63084,0.00003,0.14349,0.22564
33.32000,1.02194,0.53405,0.00031,0.25227,0.21338
33.46000,1.02194,0.47473,0.00037,0.16860,0.35630
33.60000,1.02194,0.48254,0.00049,0.16341,0.35356
33.74000,1.02193,0.65102,0.00005,0.01075,0.33818
33.88000,1.02194,0.81876,0.00007,0.01752,0.16365
34.02000,1.02194,0.81022,0.00006,0.00813,0.18159
34.16000,1.02194,0.74902,0.00007,0.02739,0.22352
34.30000,1.02194,0.74063,0.00004,0.03055,0.22879
34.44000,1.02194,0.81919,0.00001,0.02843,0.15237
34.58000,1.02193,0.87692,0.00000,0.01613,0.10694
34.72000,1.02193,0.71001,0.00001,0.05576,0.23423
34.86000,1.02194,0.73327,0.00001,0.06032,0.20640
35.00000,1.02194,0.80539,0.00001,0.05279,0.14181
35.14000,1.02194,0.77801,0.00003,0.07334,0.14862
35.28000,1.02194,0.83364,0.00001,0.04020,0.12615
35.42000,1.02194,0.90781,0.00000,0.02014,0.07205
35.56000,1.02193,0.86885,0.00001,0.03281,0.09833
35.70000,1.02194,0.81724,0.00002,0.10258,0.08016
35.84000,1.02194,0.81441,0.00001,0.08744,0.09813
35.98000,1.02194,0.83998,0.00001,0.07067,0.08935
36.12000,1.02194,0.77918,0.00001,0.11082,0.10999
36.26000,1.02194,0.53564,0.00010,0.30131,0.16296
36.40000,1.02193,0.32028,0.00045,0.47197,0.20730
36.54000,1.02194,0.31640,0.00044,0.44715,0.23601
36.68000,1.02194,0.52336,0.00007,0.08046,0.39611
36.82000,1.02194,0.68507,0.00015,0.11125,0.20354
36.96000,1.02194,0.63050,0.00030,0.13755,0.23165
37.10000,1.02194,0.65585,0.00012,0.10068,0.24335
37.24000,1.02193,0.87456,0.00001,0.01258,0.11285
37.38000,1.02194,0.94139,0.00000,0.00743,0.05118
37.52000,1.02194,0.97740,0.00000,0.00123,0.02138
37.66000,1.02194,0.98631,0.00000,0.00209,0.01159
37.80000,1.02194,0.99637,0.00000,0.00017,0.00346
37.94000,1.02194,0.99899,0.00000,0.00002,0.00099
38.08000,1.02193,0.99963,0.00000,0.00000,0.00037
38.22000,1.02193,0.99982,0.00000,0.00000,0.00017
38.36000,1.02194,0.99992,0.00000,0.00000,0.00008
38.50000,1.02194,0.99994,0.00000,0.00000,0.00006
38.64000,1.02194,0.99996,0.00000,0.00000,0.00004
38.78000,1.02194,0.99997,0.00000,0.00000,0.00003
38.92000,1.02194,0.99998,0.00000,0.00000,0.00002
39.06000,1.02193,0.99999,0.00000,0.00000,0.00001
39.20000,1.02194,0.99995,0.00000,0.00000,0.00005
39.34000,1.02194,0.99984,0.00000,0.00000,0.00016
39.48000,1.02194,0.99899,0.00000,0.00000,0.00101
39.62000,1.02194,0.99626,0.00000,0.00003,0.00370
39.76000,1.02194,0.98987,0.00000,0.00006,0.01007
39.90000,1.02193,0.96414,0.00000,0.00064,0.03522
40.04000,1.02194,0.90212,0.00004,0.00159,0.09625
40.18000,1.02194,0.93486,0.00002,0.00228,0.06285
40.32000,1.02194,0.92822,0.00013,0.00270,0.06895
40.46000,1.02194,0.95021,0.00003,0.00099,0.04876
40.60000,1.02194,0.96873,0.00003,0.00109,0.03016
40.74000,1.02193,0.96017,0.00000,0.00155,0.03827
40.88000,1.02194,0.97491,0.00000,0.00070,0.02439
41.02000,1.02194,0.99338,0.00000,0.00009,0.00654
41.16000,1.02194,0.99763,0.00000,0.00004,0.00233
41.30000,1.02194,0.99765,0.00000,0.00008,0.00228
41.44000,1.02194,0.99858,0.00000,0.00002,0.00140
41.58000,1.02193,0.99980,0.00000,0.00000,0.00020
41.72000,1.02193,0.99992,0.00000,0.00000,0.00008
41.86000,1.02194,0.99992,0.00000,0.00000,0.00008
42.00000,1.02194,0.99993,0.00000,0.00000,0.00007
42.14000,1.02194,0.99997,0.00000,0.00000,0.00003
42.28000,1.02194,0.99999,0.00000,0.00000,0.00001
42.42000,1.02194,1.00000,0.00000,0.00000,0.00000
42.56000,1.02193,0.99999,0.00000,0.00000,0.00001
42.70000,1.02194,0.99996,0.00000,0.00000,0.00003
42.84000,1.02194,0.99992,0.00000,0.00000,0.00008
42.98000,1.02194,0.99991,0.00000,0.00000,0.00009
43.12000,1.02194,0.99984,0.00000,0.00000,0.00016
43.26000,1.02194,0.99978,0.00000,0.00001,0.00022
43.40000,1.02193,0.99927,0.00000,0.00005,0.00068
43.54000,1.02194,0.99907,0.00000,0.00003,0.00090
43.68000,1.02194,0.99961,0.00000,0.00001,0.00038
43.82000,1.02194,0.99891,0.00000,0.00004,0.00105
43.96000,1.02194,0.99740,0.00000,0.00019,0.00241
44.10000,1.02194,0.99784,0.00000,0.00016,0.00200
44.24000,1.02193,0.99700,0.00000,0.00030,0.00270
44.38000,1.02194,0.99825,0.00000,0.00012,0.00163
44.52000,1.02194,0.99922,0.00000,0.00004,0.00074
44.66000,1.02194,0.99970,0.00000,0.00001,0.00029
44.80000,1.02194,0.99995,0.00000,0.00000,0.00005
44.94000,1.02194,0.99999,0.00000,0.00000,0.00001
45.08000,1.02193,0.99998,0.00000,0.00000,0.00002
45.22000,1.02193,0.99993,0.00000,0.00000,0.00007
45.36000,1.02194,0.99980,0.00000,0.00000,0.00020
45.50000,1.02194,0.99987,0.00000,0.00000,0.00013
45.64000,1.02194,0.99977,0.00000,0.00001,0.00022
45.78000,1.02194,0.99971,0.00000,0.00005,0.00024
45.92000,1.02194,0.99894,0.00000,0.00009,0.00098
46.06000,1.02193,0.99890,0.00000,0.00005,0.00105
46.20000,1.02194,0.99894,0.00000,0.00004,0.00102
46.34000,1.02194,0.99768,0.00000,0.00012,0.00221
46.48000,1.02194,0.99714,0.00000,0.00016,0.00270
46.62000,1.02194,0.99766,0.00000,0.00015,0.00219
46.76000,1.02194,0.99398,0.00000,0.00058,0.00544
46.90000,1.02193,0.99432,0.00000,0.00047,0.00521
47.04000,1.02194,0.99809,0.00000,0.00010,0.00181
47.18000,1.02194,0.99930,0.00000,0.00003,0.00067
47.32000,1.02194,0.99981,0.00000,0.00000,0.00019
47.46000,1.02194,0.99983,0.00000,0.00000,0.00017
47.60000,1.02194,0.99992,0.00000,0.00000,0.00008
47.74000,1.02193,0.99995,0.00000,0.00000,0.00005
47.88000,1.02194,0.99989,0.00000,0.00000,0.00011
48.02000,1.02194,0.99985,0.00000,0.00000,0.00015
48.16000,1.02194,0.99994,0.00000,0.00000,0.00006
48.30000,1.02194,0.99991,0.00000,0.00000,0.00009
48.44000,1.02194,0.99983,0.00000,0.00001,0.00016
48.58000,1.02193,0.99963,0.00000,0.00002,0.00035
48.72000,1.02193,0.99990,0.00000,0.00000,0.00009
48.86000,1.02194,0.99998,0.00000,0.00000,0.00002
49.00000,1.02194,0.99999,0.00000,0.00000,0.00001
49.14000,1.02194,0.99999,0.00000,0.00000,0.00001
49.28000,1.02194,0.99999,0.00000,0.00000,0.00001
49.42000,1.02194,0.99999,0.00000,0.00000,0.00001
49.56000,1.02193,0.99997,0.00000,0.00000,0.00003
49.70000,1.02194,0.99996,0.00000,0.00000,0.00004
49.84000,1.02194,0.99995,0.00000,0.00000,0.00005
49.98000,1.02194,0.99995,0.00000,0.00000,0.00005
50.12000,1.02194,0.99994,0.00000,0.00000,0.00006
50.26000,1.02194,0.99994,0.00000,0.00000,0.00006
50.40000,1.02193,0.99997,0.00000,0.00000,0.00003
50.54000,1.02194,0.99998,0.00000,0.00000,0.00002
50.68000,1.02194,0.99999,0.00000,0.00000,0.00001
50.82000,1.02194,0.99999,0.00000,0.00000,0.00001
50.96000,1.02194,0.99999,0.00000,0.00000,0.00001
51.10000,1.02194,0.99999,0.00000,0.00000,0.00001
51.24000,1.02193,0.99998,0.00000,0.00000,0.00002
51.38000,1.02194,0.99998,0.00000,0.00000,0.00002
51.52000,1.02194,0.99999,0.00000,0.00000,0.00001
51.66000,1.02194,0.99999,0.00000,0.00000,0.00001
51.80000,1.02194,0.99999,0.00000,0.00000,0.00001
51.94000,1.02194,0.99998,0.00000,0.00000,0.00002
52.08000,1.02193,0.99999,0.00000,0.00000,0.00001
52.22000,1.02193,0.99999,0.00000,0.00000,0.00001
52.36000,1.02194,0.99999,0.00000,0.00000,0.00001
52.50000,1.02194,0.99999,0.00000,0.00000,0.00001
52.64000,1.02194,0.99999,0.00000,0.00000,0.00001
52.78000,1.02194,0.99999,0.00000,0.00000,0.00001
52.92000,1.02194,0.99999,0.00000,0.00000,0.00001
53.06000,1.02193,0.99998,0.00000,0.00000,0.00002
53.20000,1.02194,0.99992,0.00000,0.00000,0.00008
53.34000,1.02194,0.99966,0.00000,0.00001,0.00034
53.48000,1.02194,0.99952,0.00000,0.00001,0.00047
53.62000,1.02194,0.99923,0.00000,0.00002,0.00075
53.76000,1.02194,0.99934,0.00000,0.00002,0.00064
53.90000,1.02193,0.99948,0.00000,0.00001,0.00051
54.04000,1.02194,0.99980,0.00000,0.00000,0.00020
54.18000,1.02194,0.99982,0.00000,0.00000,0.00018
54.32000,1.02194,0.99955,0.00000,0.00000,0.00044
54.46000,1.02194,0.99775,0.00000,0.00002,0.00223
54.60000,1.02194,0.98983,0.00000,0.00014,0.01003
54.74000,1.02193,0.98913,0.00000,0.00014,0.01073
54.88000,1.02194,0.98969,0.00000,0.00014,0.01017
55.02000,1.02194,0.98463,0.00000,0.00024,0.01513
55.16000,1.02194,0.98449,0.00000,0.00008,0.01544
55.30000,1.02194,0.99588,0.00000,0.00004,0.00408
55.44000,1.02194,0.99886,0.00000,0.00001,0.00113
55.58000,1.02193,0.99979,0.00000,0.00000,0.00021
55.72000,1.02193,0.99978,0.00000,0.00000,0.00021
55.86000,1.02194,0.99981,0.00000,0.00000,0.00019
56.00000,1.02194,0.99977,0.00000,0.00000,0.00023
56.14000,1.02194,0.99997,0.00000,0.00000,0.00003
56.28000,1.02194,0.99998,0.00000,0.00000,0.00002
56.42000,1.02194,0.99998,0.00000,0.00000,0.00002
56.56000,1.02193,0.99996,0.00000,0.00000,0.00004
56.70000,1.02194,0.99998,0.00000,0.00000,0.00002
56.84000,1.02194,0.99998,0.00000,0.00000,0.00002
56.98000,1.02194,0.99997,0.00000,0.00000,0.00003
57.12000,1.02194,0.99997,0.00000,0.00000,0.00003
57.26000,1.02194,0.99998,0.00000,0.00000,0.00002
57.40000,1.02193,0.99998,0.00000,0.00000,0.00002
57.54000,1.02194,0.99996,0.00000,0.00000,0.00004
57.68000,1.02194,0.99996,0.00000,0.00000,0.00004
57.82000,1.02194,0.99998,0.00000,0.00000,0.00002
57.96000,1.02194,0.99998,0.00000,0.00000,0.00002
58.10000,1.02194,0.99982,0.00000,0.00000,0.00018
58.24000,1.02193,0.99838,0.00000,0.00000,0.00162
58.38000,1.02194,0.99689,0.00000,0.00001,0.00310
58.52000,1.02194,0.99715,0.00000,0.00001,0.00284
58.66000,1.02194,0.99766,0.00000,0.00001,0.00233
58.80000,1.02194,0.99501,0.00000,0.00002,0.00497
58.94000,1.02194,0.99827,0.00000,0.00001,0.00172
59.08000,1.02193,0.99985,0.00000,0.00000,0.00015
59.22000,1.02193,0.99995,0.00000,0.00000,0.00005
59.36000,1.02194,0.99992,0.00000,0.00000,0.00008
59.50000,1.02194,0.99994,0.00000,0.00000,0.00006
59.64000,1.02194,0.99994,0.00000,0.00000,0.00006
59.78000,1.02194,0.99995,0.00000,0.00000,0.00005
59.92000,1.02194,0.99992,0.00000,0.00000,0.00008
60.06000,1.02193,0.99988,0.00000,0.00000,0.00012
60.20000,1.02194,0.99997,0.00000,0.00000,0.00003
60.34000,1.02194,0.99999,0.00000,0.00000,0.00001
60.48000,1.02194,0.99998,0.00000,0.00000,0.00002
60.62000,1.02194,0.99999,0.00000,0.00000,0.00001
60.76000,1.02194,0.99999,0.00000,0.00000,0.00001
60.90000,1.02193,0.99998,0.00000,0.00000,0.00002
61.04000,1.02194,0.99985,0.00000,0.00000,0.00015
61.18000,1.02194,0.99929,0.00000,0.00001,0.00070
61.32000,1.02194,0.99789,0.00000,0.00002,0.00208
61.46000,1.02194,0.99622,0.00000,0.00004,0.00374
61.60000,1.02194,0.99248,0.00000,0.00012,0.00740
61.74000,1.02193,0.99147,0.00000,0.00016,0.00837
61.88000,1.02194,0.99626,0.00000,0.00003,0.00371
62.02000,1.02194,0.99942,0.00000,0.00000,0.00058
62.16000,1.02194,0.99992,0.00000,0.00000,0.00008
62.30000,1.02194,0.99995,0.00000,0.00000,0.00005
62.44000,1.02194,0.99996,0.00000,0.00000,0.00004
62.58000,1.02193,0.99995,0.00000,0.00000,0.00005
62.72000,1.02193,0.99991,0.00000,0.00000,0.00009
62.86000,1.02194,0.99982,0.00000,0.00000,0.00018
63.00000,1.02193,0.99978,0.00000,0.00000,0.00021
63.14000,1.02193,0.99902,0.00000,0.00001,0.00097
63.28000,1.02194,0.99736,0.00000,0.00002,0.00262
63.42000,1.02194,0.99719,0.00000,0.00002,0.00279
63.56000,1.02194,0.99904,0.00000,0.00000,0.00096
63.70000,1.02194,0.99936,0.00000,0.00000,0.00063
63.84000,1.02194,0.99965,0.00000,0.00000,0.00035
63.98000,1.02194,0.99985,0.00000,0.00000,0.00015
64.12000,1.02193,0.99994,0.00000,0.00000,0.00006
64.26000,1.02193,0.99985,0.00000,0.00000,0.00015
64.40000,1.02193,0.99970,0.00000,0.00000,0.00030
64.54000,1.02193,0.99958,0.00000,0.00000,0.00042
64.68000,1.02193,0.99959,0.00000,0.00000,0.00040
64.82000,1.02193,0.99951,0.00000,0.00000,0.00049
64.96000,1.02194,0.99909,0.00000,0.00001,0.00090
65.10000,1.02194,0.99953,0.00000,0.00000,0.00047
65.24000,1.02194,0.99985,0.00000,0.00000,0.00015
65.38000,1.02194,0.99980,0.00000,0.00000,0.00020
65.52000,1.02194,0.99980,0.00000,0.00000,0.00020
65.66000,1.02193,0.99979,0.00000,0.00000,0.00021
65.80000,1.02193,0.99975,0.00000,0.00000,0.00025
65.94000,1.02193,0.99963,0.00000,0.00000,0.00037
66.08000,1.02193,0.99951,0.00000,0.00001,0.00048
66.22000,1.02193,0.99822,0.00000,0.00004,0.00174
66.36000,1.02193,0.99806,0.00000,0.00002,0.00191
66.50000,1.02193,0.99867,0.00000,0.00001,0.00132
66.64000,1.02193,0.99880,0.00000,0.00001,0.00119
66.78000,1.02194,0.99886,0.00000,0.00001,0.00113
66.92000,1.02194,0.99937,0.00000,0.00000,0.00063
67.06000,1.02194,0.99956,0.00000,0.00000,0.00044
67.20000,1.02194,0.99980,0.00000,0.00000,0.00020
67.34000,1.02194,0.99965,0.00000,0.00000,0.00035
67.48000,1.02193,0.99985,0.00000,0.00000,0.00015
67.62000,1.02193,0.99985,0.00000,0.00000,0.00015
67.76000,1.02193,0.99982,0.00000,0.00000,0.00018
67.90000,1.02193,0.99978,0.00000,0.00000,0.00022
68.04000,1.02193,0.99997,0.00000,0.00000,0.00003
68.18000,1.02193,0.99998,0.00000,0.00000,0.00002
68.32000,1.02193,0.99999,0.00000,0.00000,0.00001
68.46000,1.02194,0.99999,0.00000,0.00000,0.00001
68.60000,1.02194,0.99999,0.00000,0.00000,0.00001
68.74000,1.02194,0.99999,0.00000,0.00000,0.00001
68.88000,1.02194,0.99999,0.00000,0.00000,0.00001
69.02000,1.02194,0.99999,0.00000,0.00000,0.00001
69.16000,1.02193,0.99999,0.00000,0.00000,0.00001
69.30000,1.02193,0.99999,0.00000,0.00000,0.00001
69.44000,1.02193,1.00000,0.00000,0.00000,0.00000
69.58000,1.02193,1.00000,0.00000,0.00000,0.00000
69.72000,1.02193,0.99999,0.00000,0.00000,0.00001
69.86000,1.02193,0.99999,0.00000,0.00000,0.00001
70.00000,1.02193,0.99999,0.00000,0.00000,0.00001
70.14000,1.02193,0.99999,0.00000,0.00000,0.00001
70.28000,1.02194,0.99999,0.00000,0.00000,0.00001
70.42000,1.02194,0.99999,0.00000,0.00000,0.00001
70.56000,1.02194,0.99998,0.00000,0.00000,0.00002
70.70000,1.02194,0.99992,0.00000,0.00000,0.00008
70.84000,1.02194,0.99960,0.00000,0.00000,0.00040
70.98000,1.02193,0.99794,0.00000,0.00005,0.00200
71.12000,1.02193,0.98841,0.00000,0.00093,0.01066
71.26000,1.02193,0.95201,0.00000,0.01110,0.03688
71.40000,1.02193,0.74935,0.00001,0.09359,0.15704
71.54000,1.02193,0.65201,0.00005,0.06376,0.28418
71.68000,1.02193,0.74874,0.00014,0.06854,0.18258
71.82000,1.02193,0.57243,0.00266,0.15446,0.27045
71.96000,1.02194,0.69418,0.00206,0.13700,0.16677
72.10000,1.02194,0.81708,0.00015,0.03106,0.15171
72.24000,1.02194,0.95999,0.00000,0.00297,0.03705
72.38000,1.02194,0.98773,0.00000,0.00094,0.01133
72.52000,1.02194,0.99701,0.00000,0.00011,0.00288
72.66000,1.02193,0.99547,0.00000,0.00007,0.00446
72.80000,1.02193,0.99833,0.00000,0.00003,0.00164
72.94000,1.02193,0.99818,0.00000,0.00002,0.00181
73.08000,1.02193,0.99884,0.00000,0.00001,0.00115
73.22000,1.02193,0.99638,0.00000,0.00004,0.00358
73.36000,1.02193,0.99091,0.00000,0.00071,0.00837
73.50000,1.02193,0.97837,0.00000,0.01126,0.01037
73.64000,1.02193,0.98259,0.00000,0.00572,0.01168
73.78000,1.02194,0.98876,0.00000,0.00274,0.00849
73.92000,1.02194,0.99430,0.00000,0.00100,0.00471
74.06000,1.02194,0.99081,0.00000,0.00192,0.00727
74.20000,1.02194,0.98952,0.00000,0.00336,0.00712
74.34000,1.02194,0.99094,0.00000,0.00324,0.00582
74.48000,1.02193,0.99133,0.00000,0.00315,0.00552
74.62000,1.02193,0.96982,0.00000,0.02506,0.00512
74.76000,1.02193,0.98900,0.00000,0.00641,0.00459
74.90000,1.02193,0.91046,0.00001,0.07126,0.01827
75.04000,1.02193,0.88184,0.00003,0.10239,0.01574
75.18000,1.02193,0.99410,0.00000,0.00272,0.00318
75.32000,1.02193,0.99570,0.00000,0.00072,0.00358
75.46000,1.02194,0.99514,0.00000,0.00102,0.00384
75.60000,1.02194,0.99265,0.00000,0.00304,0.00431
75.74000,1.02194,0.97931,0.00000,0.01672,0.00396
75.88000,1.02194,0.99435,0.00000,0.00205,0.00360
76.02000,1.02194,0.95677,0.00000,0.02968,0.01355
76.16000,1.02193,0.88594,0.00002,0.07750,0.03653
76.30000,1.02193,0.83462,0.00004,0.13806,0.02727
76.44000,1.02193,0.92085,0.00001,0.04767,0.03148
76.58000,1.02193,0.92412,0.00001,0.02665,0.04922
76.72000,1.02193,0.93094,0.00001,0.02397,0.04508
76.86000,1.02193,0.92902,0.00001,0.03234,0.03864
77.00000,1.02193,0.74471,0.00016,0.19950,0.05563
77.14000,1.02193,0.85005,0.00009,0.08253,0.06732
77.28000,1.02194,0.89730,0.00004,0.03252,0.07014
77.42000,1.02194,0.94246,0.00000,0.02937,0.02817
77.56000,1.02194,0.98636,0.00000,0.00359,0.01005
77.70000,1.02194,0.99646,0.00000,0.00112,0.00242
77.84000,1.02194,0.99640,0.00000,0.00020,0.00340
77.98000,1.02193,0.99630,0.00000,0.00070,0.00300
78.12000,1.02193,0.99437,0.00000,0.00330,0.00233
78.26000,1.02193,0.99221,0.00000,0.00586,0.00193
78.40000,1.02193,0.95562,0.00000,0.04050,0.00388
78.54000,1.02193,0.85501,0.00007,0.12210,0.02283
78.68000,1.02193,0.61890,0.00097,0.30840,0.07173
78.82000,1.02193,0.87943,0.00003,0.08541,0.03513
78.96000,1.02194,0.91803,0.00001,0.02438,0.05758
79.10000,1.02194,0.92858,0.00001,0.02379,0.04762
79.24000,1.02194,0.93320,0.00001,0.01783,0.04896
79.38000,1.02194,0.93854,0.00001,0.04231,0.01914
79.52000,1.02194,0.99483,0.00000,0.00299,0.00218
79.66000,1.02193,0.99673,0.00000,0.00211,0.00116
79.80000,1.02193,0.98770,0.00000,0.01038,0.00192
79.94000,1.02193,0.97263,0.00000,0.02567,0.00170
80.08000,1.02193,0.97686,0.00000,0.02139,0.00175
80.22000,1.02193,0.98889,0.00000,0.00878,0.00233
80.36000,1.02193,0.98905,0.00000,0.00317,0.00778
80.50000,1.02193,0.96704,0.00000,0.01091,0.02205
80.64000,1.02193,0.74767,0.00035,0.20804,0.04394
80.78000,1.02194,0.73732,0.00030,0.21130,0.05108
80.92000,1.02194,0.83855,0.00009,0.03838,0.12298
81.06000,1.02194,0.87972,0.00002,0.00866,0.11160
81.20000,1.02194,0.93722,0.00001,0.01558,0.04719
81.34000,1.02194,0.98960,0.00000,0.00235,0.00805
81.48000,1.02193,0.99811,0.00000,0.00038,0.00151
81.62000,1.02193,0.99983,0.00000,0.00000,0.00017
81.76000,1.02193,0.99996,0.00000,0.00000,0.00004
81.90000,1.02193,0.99999,0.00000,0.00000,0.00001
82.04000,1.02193,0.99999,0.00000,0.00000,0.00001
82.18000,1.02193,0.99997,0.00000,0.00000,0.00003
82.32000,1.02193,0.99995,0.00000,0.00000,0.00005
82.46000,1.02194,0.99898,0.00000,0.00001,0.00101
82.60000,1.02194,0.99620,0.00000,0.00009,0.00371
82.74000,1.02194,0.97349,0.00000,0.00239,0.02413
82.88000,1.02194,0.96680,0.00000,0.00313,0.03007
83.02000,1.02194,0.96715,0.00000,0.00588,0.02698
83.16000,1.02193,0.99504,0.00000,0.00043,0.00453
83.30000,1.02193,0.99659,0.00000,0.00030,0.00311
83.44000,1.02193,0.99927,0.00000,0.00002,0.00072
83.58000,1.02193,0.99981,0.00000,0.00000,0.00019
83.72000,1.02193,0.99996,0.00000,0.00000,0.00004
83.86000,1.02193,0.99998,0.00000,0.00000,0.00002
84.00000,1.02193,0.99998,0.00000,0.00000,0.00002
84.14000,1.02193,0.99998,0.00000,0.00000,0.00002
84.28000,1.02194,0.99998,0.00000,0.00000,0.00002
