Time (seconds), Duration (seconds),pred_(unlabeled),pred_brushing_teeth,pred_hair_drying,pred_showering
0.00000,0.62194,1.00000,0.00000,0.00000,0.00000
0.33000,0.62194,0.99841,0.00017,0.00126,0.00016
0.66000,0.62194,0.20993,0.01175,0.68776,0.09056
0.99000,0.62194,0.99398,0.00027,0.00518,0.00057
1.32000,0.62194,0.99959,0.00001,0.00038,0.00002
1.65000,0.62194,0.99992,0.00000,0.00007,0.00000
1.98000,0.62194,0.99990,0.00000,0.00010,0.00000
2.31000,0.62194,0.99992,0.00000,0.00008,0.00000
2.64000,0.62194,0.99995,0.00000,0.00004,0.00000
2.97000,0.62194,0.99992,0.00000,0.00007,0.00000
3.30000,0.62194,0.99989,0.00000,0.00010,0.00000
3.63000,0.62194,0.99988,0.00000,0.00011,0.00000
3.96000,0.62194,0.99985,0.00000,0.00015,0.00000
4.29000,0.62194,0.99988,0.00000,0.00012,0.00000
4.62000,0.62194,0.99995,0.00000,0.00004,0.00000
4.95000,0.62194,0.99996,0.00000,0.00004,0.00000
5.28000,0.62194,0.99995,0.00000,0.00005,0.00000
5.61000,0.62194,0.99996,0.00000,0.00003,0.00000
5.94000,0.62194,0.99996,0.00000,0.00003,0.00000
6.27000,0.62194,0.99995,0.00000,0.00005,0.00000
6.60000,0.62194,0.99995,0.00000,0.00004,0.00000
6.93000,0.62194,0.99994,0.00001,0.00005,0.00000
7.26000,0.62194,0.91806,0.00256,0.06851,0.01087
7.59000,0.62194,0.98900,0.00161,0.00635,0.00305
7.92000,0.62194,0.99773,0.00050,0.00125,0.00052
8.25000,0.62194,0.99723,0.00032,0.00203,0.00042
8.58000,0.62194,0.96021,0.00172,0.02996,0.00811
8.91000,0.62194,0.18500,0.00587,0.65180,0.15733
9.24000,0.62194,0.96178,0.00108,0.03176,0.00538
9.57000,0.62194,0.99911,0.00014,0.00049,0.00026
9.90000,0.62194,0.99818,0.00030,0.00086,0.00065
10.23000,0.62194,0.30556,0.00486,0.46662,0.22296
10.56000,0.62194,0.24349,0.00843,0.32172,0.42636
10.89000,0.62194,0.98607,0.00180,0.00394,0.00819
11.22000,0.62194,0.96739,0.00127,0.00756,0.02379
11.55000,0.62194,0.22756,0.00091,0.28853,0.48301
11.88000,0.62194,0.99481,0.00021,0.00342,0.00157
12.21000,0.62194,0.99996,0.00000,0.00003,0.00000
12.54000,0.62194,0.99531,0.00014,0.00434,0.00022
12.87000,0.62194,0.65378,0.00224,0.33409,0.00989
13.20000,0.62194,0.84717,0.00013,0.15170,0.00100
13.53000,0.62194,0.99983,0.00000,0.00017,0.00000
13.86000,0.62194,0.99994,0.00000,0.00006,0.00000
14.19000,0.62194,0.99995,0.00000,0.00004,0.00000
14.52000,0.62194,0.99993,0.00000,0.00006,0.00000
14.85000,0.62194,0.99989,0.00001,0.00010,0.00000
15.18000,0.62194,0.77710,0.19219,0.01067,0.02003
15.51000,0.62194,0.02262,0.88403,0.00022,0.09313
15.84000,0.62194,0.12470,0.28602,0.00079,0.58849
16.17000,0.62194,0.13527,0.13633,0.00675,0.72165
16.50000,0.62194,0.12318,0.20049,0.00502,0.67130
16.83000,0.62194,0.13834,0.13642,0.00474,0.72050
17.16000,0.62194,0.14752,0.09605,0.00241,0.75402
17.49000,0.62194,0.14054,0.16689,0.00152,0.69104
17.82000,0.62194,0.13314,0.21900,0.00273,0.64514
18.15000,0.62194,0.13268,0.21231,0.00388,0.65113
18.48000,0.62194,0.12761,0.24615,0.00435,0.62189
18.81000,0.62194,0.13773,0.14772,0.00384,0.71071
19.14000,0.62194,0.13738,0.20026,0.00208,0.66028
19.47000,0.62194,0.09793,0.43342,0.00299,0.46566
19.80000,0.62194,0.11843,0.18360,0.00071,0.69726
20.13000,0.62194,0.14407,0.05923,0.00043,0.79627
20.46000,0.62194,0.12487,0.16471,0.00080,0.70962
20.79000,0.62194,0.10914,0.29601,0.00139,0.59346
21.12000,0.62194,0.10782,0.29755,0.00220,0.59243
21.45000,0.62194,0.10734,0.28616,0.00165,0.60485
21.78000,0.62194,0.13728,0.12372,0.00168,0.73732
22.11000,0.62194,0.14289,0.09776,0.00100,0.75836
22.44000,0.62194,0.14806,0.15678,0.00174,0.69342
22.77000,0.62194,0.12767,0.25238,0.00511,0.61484
23.10000,0.62194,0.12232,0.20906,0.00369,0.66492
23.43000,0.62194,0.11494,0.26600,0.00280,0.61627
23.76000,0.62194,0.10002,0.35443,0.00206,0.54349
24.09000,0.62194,0.11780,0.23454,0.00198,0.64568
24.42000,0.62194,0.11385,0.27723,0.00125,0.60767
24.75000,0.62194,0.11012,0.34094,0.00148,0.54747
25.08000,0.62194,0.10962,0.33991,0.00332,0.54715
25.41000,0.62194,0.12458,0.20881,0.00155,0.66505
25.74000,0.62194,0.07733,0.53655,0.00319,0.38293
26.07000,0.62194,0.11450,0.27894,0.00434,0.60222
26.40000,0.62194,0.11297,0.26943,0.00288,0.61472
26.73000,0.62194,0.12143,0.23009,0.00220,0.64628
27.06000,0.62194,0.10000,0.42545,0.00313,0.47142
27.39000,0.62194,0.12619,0.20127,0.00403,0.66851
27.72000,0.62194,0.13167,0.16171,0.00144,0.70519
28.05000,0.62194,0.09519,0.40832,0.00326,0.49324
28.38000,0.62194,0.10425,0.33690,0.00207,0.55678
28.71000,0.62194,0.13388,0.17026,0.00298,0.69288
29.04000,0.62194,0.12737,0.20868,0.00235,0.66159
29.37000,0.62194,0.10317,0.37684,0.00391,0.51609
29.70000,0.62194,0.09863,0.42196,0.00338,0.47604
30.03000,0.62194,0.09278,0.48293,0.00570,0.41859
30.36000,0.62194,0.11345,0.29805,0.01014,0.57836
30.69000,0.62194,0.12977,0.18216,0.00997,0.67811
31.02000,0.62194,0.09751,0.42266,0.00472,0.47512
31.35000,0.62194,0.08991,0.49836,0.00749,0.40424
31.68000,0.62194,0.09270,0.44391,0.00759,0.45580
32.01000,0.62194,0.12889,0.19478,0.00682,0.66951
32.34000,0.62194,0.09116,0.41182,0.01519,0.48183
32.67000,0.62194,0.11187,0.25365,0.01334,0.62113
33.00000,0.62194,0.11426,0.35813,0.01354,0.51407
33.33000,0.62194,0.11798,0.33835,0.02094,0.52273
33.66000,0.62194,0.13616,0.20115,0.01351,0.64918
33.99000,0.62194,0.12987,0.17756,0.00752,0.68505
34.32000,0.62194,0.10108,0.37406,0.01461,0.51025
34.65000,0.62194,0.11614,0.20681,0.00503,0.67202
34.98000,0.62194,0.13875,0.16176,0.00282,0.69668
35.31000,0.62194,0.13428,0.23105,0.00101,0.63366
35.64000,0.62194,0.12503,0.15912,0.00072,0.71514
35.97000,0.62194,0.10793,0.33847,0.00046,0.55314
36.30000,0.62194,0.07080,0.59960,0.00031,0.32928
36.63000,0.62194,0.07938,0.64398,0.00058,0.27605
36.96000,0.62194,0.09494,0.63031,0.00076,0.27398
37.29000,0.62194,0.04710,0.77732,0.00072,0.17486
37.62000,0.62194,0.10973,0.45368,0.00080,0.43579
37.95000,0.62194,0.18503,0.16128,0.00039,0.65331
38.28000,0.62194,0.10583,0.54621,0.00037,0.34759
38.61000,0.62194,0.13807,0.33681,0.00101,0.52411
38.94000,0.62194,0.06644,0.68511,0.00041,0.24804
39.27000,0.62194,0.10068,0.61909,0.00048,0.27975
39.60000,0.62194,0.36165,0.17406,0.00854,0.45576
39.93000,0.62194,0.17580,0.39071,0.00423,0.42926
40.26000,0.62194,0.11681,0.51591,0.00046,0.36683
40.59000,0.62194,0.09213,0.41359,0.00009,0.49419
40.92000,0.62194,0.20491,0.13968,0.00077,0.65464
41.25000,0.62194,0.29007,0.20245,0.00570,0.50179
41.58000,0.62194,0.59563,0.16671,0.00455,0.23311
41.91000,0.62194,0.62692,0.25396,0.00437,0.11475
42.24000,0.62194,0.08995,0.55897,0.00007,0.35100
42.57000,0.62194,0.17528,0.23913,0.00003,0.58556
42.90000,0.62194,0.16936,0.10291,0.00041,0.72733
43.23000,0.62194,0.16300,0.11875,0.00102,0.71723
43.56000,0.62194,0.18442,0.07669,0.00089,0.73801
43.89000,0.62194,0.21576,0.07343,0.01472,0.69609
44.22000,0.62194,0.78023,0.01656,0.00437,0.19884
44.55000,0.62194,0.72032,0.02086,0.01179,0.24703
44.88000,0.62194,0.22055,0.19053,0.05176,0.53716
45.21000,0.62194,0.05574,0.67015,0.00171,0.27240
45.54000,0.62194,0.07966,0.49212,0.00005,0.42817
45.87000,0.62194,0.06775,0.56568,0.00002,0.36654
46.20000,0.62194,0.06301,0.62690,0.00004,0.31006
46.53000,0.62194,0.13071,0.26965,0.00004,0.59959
46.86000,0.62194,0.18822,0.07805,0.00028,0.73345
47.19000,0.62194,0.13987,0.14494,0.00127,0.71391
47.52000,0.62194,0.17810,0.06264,0.00032,0.75894
47.85000,0.62194,0.25684,0.07576,0.00571,0.66169
48.18000,0.62194,0.17781,0.20934,0.00195,0.61090
48.51000,0.62194,0.18780,0.10319,0.00094,0.70806
48.84000,0.62194,0.22174,0.13621,0.00086,0.64119
49.17000,0.62194,0.03732,0.74343,0.00010,0.21915
49.50000,0.62194,0.06691,0.47047,0.00005,0.46257
49.83000,0.62194,0.17165,0.14089,0.00029,0.68717
50.16000,0.62194,0.03965,0.79543,0.00063,0.16430
50.49000,0.62194,0.03549,0.85903,0.00286,0.10261
50.82000,0.62194,0.05311,0.79951,0.00554,0.14185
51.15000,0.62194,0.02200,0.90371,0.00173,0.07257
51.48000,0.62194,0.01021,0.94649,0.00067,0.04263
51.81000,0.62194,0.02893,0.81058,0.00131,0.15918
52.14000,0.62194,0.01591,0.89854,0.00073,0.08482
52.47000,0.62194,0.03370,0.81651,0.00308,0.14670
52.80000,0.62194,0.06740,0.71176,0.00962,0.21122
53.13000,0.62194,0.06843,0.71349,0.00301,0.21506
53.46000,0.62194,0.07589,0.64943,0.00215,0.27253
53.79000,0.62194,0.02438,0.87388,0.00099,0.10074
54.12000,0.62194,0.03308,0.78094,0.00066,0.18531
54.45000,0.62194,0.02626,0.79038,0.00037,0.18298
54.78000,0.62194,0.01715,0.85999,0.00025,0.12260
55.11000,0.62194,0.02682,0.81272,0.00071,0.15975
55.44000,0.62194,0.01967,0.88743,0.00086,0.09204
55.77000,0.62194,0.05427,0.73723,0.00690,0.20160
56.10000,0.62194,0.07334,0.62948,0.00307,0.29411
56.43000,0.62194,0.04018,0.78510,0.00110,0.17363
56.76000,0.62194,0.02504,0.85448,0.00250,0.11798
57.09000,0.62194,0.03377,0.76567,0.00352,0.19705
57.42000,0.62194,0.04250,0.74938,0.00341,0.20471
57.75000,0.62194,0.04410,0.76826,0.00481,0.18283
58.08000,0.62194,0.03194,0.81160,0.00290,0.15355
58.41000,0.62194,0.03398,0.80183,0.00191,0.16229
58.74000,0.62194,0.02109,0.88921,0.00118,0.08852
59.07000,0.62194,0.02699,0.83903,0.00080,0.13318
59.40000,0.62194,0.02493,0.86052,0.00222,0.11233
59.73000,0.62194,0.01034,0.94821,0.00114,0.04030
60.06000,0.62194,0.03233,0.82383,0.00220,0.14164
60.39000,0.62194,0.03165,0.83019,0.00120,0.13696
60.72000,0.62194,0.02521,0.85151,0.00067,0.12262
61.05000,0.62194,0.12235,0.08673,0.00189,0.78903
61.38000,0.62194,0.07246,0.44004,0.00106,0.48644
61.71000,0.62194,0.03043,0.81021,0.00161,0.15775
62.04000,0.62194,0.04800,0.71664,0.00137,0.23399
62.37000,0.62194,0.02712,0.83084,0.00068,0.14136
62.70000,0.62194,0.02768,0.80550,0.00037,0.16645
63.03000,0.62194,0.03277,0.80111,0.00028,0.16584
63.36000,0.62194,0.03430,0.82591,0.00127,0.13853
63.69000,0.62194,0.03413,0.77962,0.00090,0.18536
64.02000,0.62194,0.03811,0.77026,0.00066,0.19096
64.35000,0.62194,0.02282,0.86748,0.00049,0.10921
64.68000,0.62194,0.02271,0.88351,0.00102,0.09275
65.01000,0.62193,0.03220,0.84726,0.00111,0.11943
65.34000,0.62194,0.02566,0.86874,0.00049,0.10511
65.67000,0.62194,0.04859,0.71289,0.00169,0.23683
66.00000,0.62194,0.04604,0.74796,0.00294,0.20306
66.33000,0.62193,0.04177,0.75491,0.00476,0.19856
66.66000,0.62193,0.03583,0.78373,0.00122,0.17922
66.99000,0.62194,0.03432,0.84950,0.00220,0.11398
67.32000,0.62194,0.03382,0.83281,0.00128,0.13209
67.65000,0.62193,0.02815,0.82383,0.00038,0.14764
67.98000,0.62193,0.01822,0.88741,0.00078,0.09358
68.31000,0.62194,0.01149,0.92728,0.00070,0.06053
68.64000,0.62194,0.04955,0.62458,0.00343,0.32245
68.97000,0.62193,0.03699,0.71979,0.00279,0.24042
69.30000,0.62193,0.04638,0.52824,0.00042,0.42496
69.63000,0.62194,0.04176,0.55241,0.00007,0.40575
69.96000,0.62194,0.03927,0.65068,0.00008,0.30997
70.29000,0.62193,0.03313,0.69625,0.00023,0.27039
70.62000,0.62193,0.07822,0.32596,0.01741,0.57841
70.95000,0.62194,0.04053,0.60233,0.00043,0.35671
71.28000,0.62194,0.03395,0.72132,0.00050,0.24423
71.61000,0.62194,0.03938,0.69519,0.00076,0.26466
71.94000,0.62193,0.05840,0.54693,0.00053,0.39414
72.27000,0.62194,0.01159,0.90843,0.00035,0.07962
72.60000,0.62194,0.02406,0.74412,0.00038,0.23144
72.93000,0.62194,0.05010,0.58946,0.00077,0.35967
73.26000,0.62193,0.04487,0.70146,0.00152,0.25215
73.59000,0.62194,0.03458,0.78217,0.00203,0.18121
73.92000,0.62194,0.04348,0.69299,0.00077,0.26276
74.25000,0.62194,0.02681,0.72621,0.00010,0.24687
74.58000,0.62193,0.02818,0.73475,0.00073,0.23634
74.91000,0.62193,0.06310,0.43708,0.00255,0.49727
75.24000,0.62194,0.04720,0.50366,0.00072,0.44842
75.57000,0.62194,0.02608,0.73065,0.00010,0.24317
75.90000,0.62193,0.01064,0.89960,0.00012,0.08965
76.23000,0.62193,0.01015,0.91697,0.00030,0.07259
76.56000,0.62194,0.02383,0.81560,0.00153,0.15904
76.89000,0.62194,0.04121,0.62767,0.00271,0.32841
77.22000,0.62193,0.05014,0.60851,0.00144,0.33991
77.55000,0.62193,0.01761,0.85841,0.00056,0.12341
77.88000,0.62194,0.01124,0.91663,0.00030,0.07184
78.21000,0.62194,0.03724,0.66994,0.00056,0.29225
78.54000,0.62193,0.05098,0.74151,0.00315,0.20436
78.87000,0.62193,0.04732,0.74792,0.00415,0.20061
79.20000,0.62194,0.05494,0.68480,0.00241,0.25785
79.53000,0.62194,0.05019,0.72702,0.00334,0.21946
79.86000,0.62194,0.03149,0.78079,0.00111,0.18662
80.19000,0.62193,0.09076,0.37176,0.00086,0.53662
80.52000,0.62194,0.10097,0.42911,0.00171,0.46820
80.85000,0.62194,0.03299,0.80360,0.00040,0.16300
81.18000,0.62194,0.02251,0.86185,0.00051,0.11513
81.51000,0.62193,0.04608,0.64760,0.00040,0.30591
81.84000,0.62194,0.00874,0.92081,0.00007,0.07038
82.17000,0.62194,0.01509,0.87363,0.00060,0.11069
82.50000,0.62194,0.04038,0.68154,0.00055,0.27753
82.83000,0.62193,0.02344,0.81023,0.00042,0.16590
83.16000,0.62193,0.05700,0.55371,0.00171,0.38758
83.49000,0.62194,0.06350,0.48542,0.00065,0.45043
83.82000,0.62194,0.05464,0.58840,0.00029,0.35667
84.15000,0.62193,0.02610,0.82723,0.00085,0.14582
84.48000,0.62193,0.01965,0.86509,0.00068,0.11458
84.81000,0.62194,0.01282,0.91218,0.00036,0.07465
85.14000,0.62194,0.02464,0.82000,0.00045,0.15491
85.47000,0.62193,0.04239,0.69139,0.00255,0.26367
85.80000,0.62193,0.04612,0.72895,0.00648,0.21845
86.13000,0.62194,0.05302,0.70331,0.00318,0.24049
86.46000,0.62194,0.08915,0.36124,0.00041,0.54919
86.79000,0.62193,0.08425,0.37077,0.00022,0.54476
87.12000,0.62193,0.05801,0.67275,0.00058,0.26866
87.45000,0.62194,0.06687,0.63311,0.00102,0.29900
87.78000,0.62194,0.07672,0.56495,0.00196,0.35637
88.11000,0.62194,0.13148,0.25121,0.00107,0.61623
88.44000,0.62193,0.14165,0.22152,0.00105,0.63577
88.77000,0.62194,0.12820,0.15638,0.00059,0.71483
89.10000,0.62194,0.11188,0.34066,0.00059,0.54687
89.43000,0.62194,0.07581,0.44946,0.00058,0.47415
89.76000,0.62193,0.06807,0.49506,0.00091,0.43596
90.09000,0.62194,0.08592,0.26272,0.00045,0.65091
90.42000,0.62194,0.07346,0.36528,0.00077,0.56049
90.75000,0.62194,0.06037,0.49215,0.00034,0.44714
91.08000,0.62193,0.07545,0.44818,0.00089,0.47548
91.41000,0.62193,0.06342,0.58386,0.00042,0.35230
91.74000,0.62194,0.08305,0.45765,0.00035,0.45895
92.07000,0.62194,0.11331,0.26386,0.00033,0.62250
92.40000,0.62193,0.10528,0.27714,0.00018,0.61741
92.73000,0.62193,0.11546,0.20717,0.00015,0.67723
93.06000,0.62194,0.10317,0.26397,0.00048,0.63238
93.39000,0.62194,0.09264,0.35239,0.00013,0.55485
93.72000,0.62193,0.09468,0.34156,0.00023,0.56353
94.05000,0.62193,0.07449,0.43846,0.00116,0.48590
94.38000,0.62194,0.04295,0.69870,0.00145,0.25691
94.71000,0.62194,0.06789,0.57601,0.00400,0.35210
95.04000,0.62193,0.07399,0.54879,0.00611,0.37110
95.37000,0.62193,0.09422,0.39835,0.00301,0.50442
95.70000,0.62194,0.04287,0.67786,0.00046,0.27880
96.03000,0.62194,0.03631,0.70434,0.00059,0.25877
96.36000,0.62194,0.03316,0.60326,0.00008,0.36351
96.69000,0.62193,0.07270,0.34616,0.00028,0.58086
97.02000,0.62194,0.06243,0.52101,0.00076,0.41580
97.35000,0.62194,0.05157,0.59372,0.00035,0.35437
97.68000,0.62194,0.08258,0.35315,0.00037,0.56391
98.01000,0.62193,0.07997,0.34493,0.00031,0.57479
98.34000,0.62194,0.08968,0.26313,0.00036,0.64684
98.67000,0.62194,0.03407,0.71539,0.00021,0.25032
99.00000,0.62194,0.03936,0.67386,0.00030,0.28648
99.33000,0.62193,0.10040,0.30507,0.00048,0.59405
99.66000,0.62193,0.11418,0.32224,0.00083,0.56275
99.99000,0.62194,0.04981,0.68141,0.00088,0.26790
100.32000,0.62194,0.09460,0.28376,0.00021,0.62143
100.65000,0.62193,0.09896,0.21834,0.00006,0.68263
100.98000,0.62193,0.07955,0.37303,0.00003,0.54739
101.31000,0.62194,0.03232,0.74064,0.00008,0.22696
101.64000,0.62194,0.05248,0.50238,0.00003,0.44511
101.97000,0.62193,0.09461,0.22224,0.00008,0.68307
102.30000,0.62193,0.10387,0.23812,0.00016,0.65785
102.63000,0.62194,0.12289,0.16242,0.00060,0.71409
102.96000,0.62194,0.12652,0.19909,0.00197,0.67242
103.29000,0.62193,0.11165,0.23954,0.00118,0.64763
103.62000,0.62193,0.07247,0.49909,0.00156,0.42688
103.95000,0.62194,0.10571,0.20993,0.00154,0.68282
104.28000,0.62194,0.11439,0.13640,0.00148,0.74774
104.61000,0.62194,0.09754,0.22000,0.00085,0.68160
104.94000,0.62193,0.05509,0.51969,0.00031,0.42492
105.27000,0.62194,0.05954,0.49610,0.00044,0.44393
105.60000,0.62194,0.07623,0.30633,0.00056,0.61688
105.93000,0.62194,0.04312,0.51032,0.00021,0.44635
106.26000,0.62193,0.04121,0.54553,0.00019,0.41307
106.59000,0.62194,0.04347,0.52821,0.00013,0.42819
106.92000,0.62194,0.07692,0.29310,0.00041,0.62957
107.25000,0.62194,0.10932,0.17227,0.00083,0.71758
107.58000,0.62193,0.09008,0.40898,0.00573,0.49521
107.91000,0.62193,0.05281,0.68749,0.00602,0.25367
108.24000,0.62194,0.05225,0.63513,0.00093,0.31169
108.57000,0.62194,0.12231,0.10331,0.00019,0.77418
108.90000,0.62193,0.08749,0.31376,0.00162,0.59714
109.23000,0.62193,0.03651,0.62577,0.00041,0.33730
109.56000,0.62194,0.07958,0.36007,0.00116,0.55919
109.89000,0.62194,0.07532,0.32547,0.00150,0.59771
110.22000,0.62193,0.09355,0.17778,0.00032,0.72835
110.55000,0.62193,0.09574,0.25998,0.00014,0.64414
110.88000,0.62194,0.06730,0.53584,0.00054,0.39632
111.21000,0.62194,0.06824,0.47779,0.00033,0.45365
111.54000,0.62193,0.06859,0.41706,0.00015,0.51419
111.87000,0.62193,0.04989,0.58696,0.00030,0.36286
112.20000,0.62194,0.02126,0.83160,0.00011,0.14703
112.53000,0.62194,0.08803,0.32465,0.00012,0.58721
112.86000,0.62194,0.08938,0.34348,0.00021,0.56693
113.19000,0.62193,0.08737,0.36690,0.00093,0.54479
113.52000,0.62194,0.08571,0.42396,0.00423,0.48610
113.85000,0.62194,0.10321,0.39839,0.00640,0.49200
114.18000,0.62194,0.10274,0.30746,0.00197,0.58783
114.51000,0.62193,0.09835,0.36256,0.00127,0.53782
114.84000,0.62194,0.12067,0.27454,0.00145,0.60334
115.17000,0.62194,0.09392,0.41896,0.00257,0.48455
115.50000,0.62194,0.09197,0.31684,0.00036,0.59083
115.83000,0.62193,0.04222,0.65267,0.00012,0.30499
116.16000,0.62193,0.05421,0.56006,0.00010,0.38563
116.49000,0.62194,0.09296,0.38711,0.00018,0.51974
116.82000,0.62194,0.10971,0.25130,0.00083,0.63816
117.15000,0.62193,0.09123,0.37350,0.00125,0.53402
117.48000,0.62193,0.06350,0.60458,0.00207,0.32986
117.81000,0.62194,0.10401,0.25556,0.00135,0.63909
118.14000,0.62194,0.08014,0.40240,0.00071,0.51675
118.47000,0.62193,0.09531,0.34016,0.00063,0.56391
118.80000,0.62193,0.10268,0.32659,0.00124,0.56949
119.13000,0.62194,0.08499,0.47051,0.00095,0.44355
119.46000,0.62194,0.04905,0.72848,0.00083,0.22164
119.79000,0.62193,0.03721,0.76690,0.00027,0.19562
120.12000,0.62193,0.08198,0.43122,0.00029,0.48652
120.45000,0.62194,0.04952,0.67125,0.00059,0.27864
120.78000,0.62194,0.10220,0.38428,0.00299,0.51053
121.11000,0.62194,0.12933,0.23379,0.00093,0.63594
121.44000,0.62193,0.10155,0.35206,0.00069,0.54570
121.77000,0.62194,0.08402,0.50493,0.00041,0.41064
122.10000,0.62194,0.06416,0.62937,0.00041,0.30606
122.43000,0.62194,0.01737,0.85276,0.00006,0.12980
122.76000,0.62193,0.01676,0.85823,0.00006,0.12495
123.09000,0.62194,0.04742,0.66996,0.00038,0.28225
123.42000,0.62194,0.02418,0.84271,0.00052,0.13259
123.75000,0.62194,0.02498,0.81496,0.00049,0.15957
124.08000,0.62193,0.04132,0.68587,0.00031,0.27251
124.41000,0.62193,0.03778,0.74105,0.00156,0.21960
124.74000,0.62194,0.09841,0.35573,0.00114,0.54472
125.07000,0.62194,0.10529,0.43588,0.00203,0.45680
125.40000,0.62193,0.08961,0.45675,0.00155,0.45209
125.73000,0.62193,0.12199,0.22330,0.00266,0.65205
126.06000,0.62194,0.08679,0.40575,0.00697,0.50049
126.39000,0.62194,0.05070,0.64698,0.00039,0.30193
126.72000,0.62193,0.11245,0.32292,0.00139,0.56324
127.05000,0.62193,0.06349,0.58425,0.00136,0.35090
127.38000,0.62194,0.04619,0.68636,0.00106,0.26638
127.71000,0.62194,0.04110,0.74099,0.00069,0.21722
128.03999,0.62195,0.06148,0.64432,0.00088,0.29332
128.37000,0.62195,0.06815,0.64133,0.00109,0.28943
128.70000,0.62193,0.07129,0.62994,0.00111,0.29766
129.03000,0.62193,0.07046,0.63925,0.00190,0.28839
129.36000,0.62193,0.07023,0.65932,0.00328,0.26717
129.69000,0.62193,0.08159,0.57058,0.00372,0.34411
130.02000,0.62193,0.07876,0.42021,0.00106,0.49998
130.35001,0.62193,0.08467,0.38923,0.00081,0.52529
130.67999,0.62195,0.04220,0.72758,0.00206,0.22816
131.00999,0.62195,0.03042,0.69786,0.00049,0.27123
131.34000,0.62195,0.05330,0.44415,0.00081,0.50173
131.67000,0.62193,0.02606,0.78484,0.00078,0.18832
132.00000,0.62193,0.01218,0.90687,0.00021,0.08073
132.33000,0.62193,0.02506,0.79886,0.00144,0.17465
132.66000,0.62193,0.01178,0.86288,0.00043,0.12492
132.99001,0.62193,0.03787,0.50338,0.00012,0.45864
133.32001,0.62193,0.02352,0.68706,0.00018,0.28924
133.64999,0.62195,0.01095,0.87760,0.00030,0.11115
133.98000,0.62195,0.03824,0.66370,0.00102,0.29704
134.31000,0.62193,0.03492,0.69177,0.00036,0.27295
134.64000,0.62193,0.03319,0.71726,0.00046,0.24909
134.97000,0.62193,0.04228,0.64475,0.00168,0.31129
135.30000,0.62193,0.09074,0.27555,0.00124,0.63246
135.63000,0.62193,0.07800,0.35791,0.00047,0.56361
135.96001,0.62193,0.05953,0.54575,0.00050,0.39422
136.28999,0.62195,0.07568,0.42210,0.00079,0.50142
136.62000,0.62195,0.06440,0.47570,0.00036,0.45954
136.95000,0.62193,0.05057,0.61180,0.00048,0.33716
137.28000,0.62193,0.07215,0.41526,0.00119,0.51140
137.61000,0.62193,0.06067,0.47467,0.00027,0.46439
137.94000,0.62193,0.07390,0.33768,0.00004,0.58838
138.27000,0.62193,0.10326,0.18390,0.00015,0.71270
138.60001,0.62193,0.06763,0.40719,0.00107,0.52411
138.92999,0.62195,0.06476,0.44137,0.00020,0.49367
139.25999,0.62195,0.03579,0.65885,0.00023,0.30513
139.59000,0.62195,0.04934,0.51602,0.00025,0.43440
139.92000,0.62193,0.06278,0.41345,0.00053,0.52323
140.25000,0.62193,0.11015,0.13490,0.00052,0.75443
140.58000,0.62193,0.10683,0.16219,0.00021,0.73077
140.91000,0.62193,0.07940,0.30438,0.00009,0.61614
141.24001,0.62193,0.11153,0.20573,0.00006,0.68268
141.57001,0.62193,0.10089,0.31325,0.00056,0.58529
141.89999,0.62195,0.09481,0.27058,0.00074,0.63387
142.23000,0.62195,0.07969,0.37879,0.00018,0.54135
142.56000,0.62193,0.07495,0.44127,0.00042,0.48335
142.89000,0.62193,0.08699,0.33639,0.00050,0.57611
143.22000,0.62193,0.09883,0.31380,0.00044,0.58693
143.55000,0.62193,0.09421,0.38346,0.00178,0.52055
143.88000,0.62193,0.08901,0.35100,0.00504,0.55494
144.21001,0.62193,0.06339,0.44122,0.00089,0.49451
144.53999,0.62195,0.07391,0.44635,0.00049,0.47925
144.87000,0.62195,0.09748,0.29919,0.00079,0.60255
145.20000,0.62193,0.09250,0.37802,0.00278,0.52670
145.53000,0.62193,0.08968,0.44269,0.00133,0.46630
145.86000,0.62193,0.10177,0.36302,0.00304,0.53217
146.19000,0.62193,0.10455,0.29379,0.00213,0.59953
146.52000,0.62193,0.07105,0.52506,0.00437,0.39952
146.85001,0.62193,0.05528,0.58842,0.00287,0.35342
147.17999,0.62195,0.08632,0.33956,0.00440,0.56973
147.50999,0.62195,0.10740,0.21964,0.00101,0.67195
147.84000,0.62195,0.10534,0.31320,0.00071,0.58076
148.17000,0.62193,0.09979,0.32268,0.00119,0.57634
148.50000,0.62193,0.12355,0.25338,0.00511,0.61795
148.83000,0.62193,0.06535,0.55795,0.00151,0.37519
149.16000,0.62193,0.12591,0.17615,0.00198,0.69596
149.49001,0.62193,0.12355,0.22399,0.00202,0.65044
149.82001,0.62193,0.09413,0.33794,0.00188,0.56605
150.14999,0.62195,0.08727,0.41378,0.00809,0.49085
150.48000,0.62195,0.10292,0.31744,0.00396,0.57568
150.81000,0.62193,0.12492,0.12998,0.00112,0.74398
151.14000,0.62193,0.10834,0.28221,0.00192,0.60753
151.47000,0.62193,0.09423,0.43786,0.00251,0.46540
151.80000,0.62193,0.05842,0.60747,0.00054,0.33356
152.13000,0.62193,0.05321,0.62832,0.00044,0.31803
152.46001,0.62193,0.10831,0.22211,0.00370,0.66588
152.78999,0.62195,0.11714,0.20277,0.01002,0.67007
153.12000,0.62195,0.11913,0.17586,0.00231,0.70270
153.45000,0.62193,0.07831,0.40859,0.00129,0.51181
153.78000,0.62193,0.06327,0.51004,0.00028,0.42641
154.11000,0.62193,0.06564,0.53197,0.00035,0.40205
154.44000,0.62193,0.07668,0.48388,0.00057,0.43887
154.77000,0.62193,0.04286,0.70036,0.00028,0.25650
155.10001,0.62193,0.03547,0.76429,0.00055,0.19969
155.42999,0.62195,0.07841,0.55842,0.00303,0.36014
155.75999,0.62195,0.04572,0.76082,0.00158,0.19188
156.09000,0.62195,0.11363,0.40621,0.00180,0.47837
156.42000,0.62193,0.08897,0.44477,0.00244,0.46382
156.75000,0.62193,0.04104,0.74188,0.00093,0.21615
157.08000,0.62193,0.05720,0.61766,0.00139,0.32375
157.41000,0.62193,0.09485,0.27165,0.00059,0.63291
157.74001,0.62193,0.09171,0.33172,0.00117,0.57540
158.07001,0.62193,0.06356,0.50190,0.00198,0.43255
158.39999,0.62195,0.07920,0.39450,0.00059,0.52572
158.73000,0.62195,0.11970,0.29451,0.00447,0.58132
159.06000,0.62193,0.06130,0.56929,0.00345,0.36596
159.39000,0.62193,0.05014,0.65824,0.00035,0.29127
159.72000,0.62193,0.07922,0.46448,0.00305,0.45325
160.05000,0.62193,0.11185,0.33565,0.00398,0.54852
160.38000,0.62193,0.08992,0.50362,0.00537,0.40110
160.71001,0.62193,0.09416,0.48188,0.00336,0.42060
161.03999,0.62195,0.06039,0.66977,0.00191,0.26792
161.37000,0.62195,0.07942,0.52578,0.00163,0.39318
161.70000,0.62193,0.05814,0.68576,0.00409,0.25201
162.03000,0.62193,0.05194,0.64660,0.00102,0.30044
162.36000,0.62193,0.05291,0.58945,0.00043,0.35722
162.69000,0.62193,0.03191,0.72068,0.00059,0.24682
163.02000,0.62193,0.02336,0.76333,0.00013,0.21318
163.35001,0.62193,0.06723,0.42002,0.00018,0.51257
163.67999,0.62195,0.04404,0.60559,0.00041,0.34996
164.00999,0.62195,0.02751,0.72593,0.00036,0.24620
164.34000,0.62195,0.03336,0.71371,0.00056,0.25238
164.67000,0.62193,0.04397,0.64516,0.00086,0.31000
165.00000,0.62193,0.01958,0.81727,0.00020,0.16295
165.33000,0.62193,0.02653,0.68891,0.00009,0.28448
165.66000,0.62193,0.02272,0.76426,0.00013,0.21288
165.99001,0.62193,0.01855,0.79438,0.00031,0.18676
166.32001,0.62193,0.03980,0.58375,0.00166,0.37479
166.64999,0.62195,0.04808,0.55874,0.00089,0.39230
166.98000,0.62195,0.03450,0.75753,0.00294,0.20504
167.31000,0.62193,0.07112,0.55808,0.00565,0.36514
167.64000,0.62193,0.07072,0.49547,0.00155,0.43226
167.97000,0.62193,0.02993,0.78120,0.00092,0.18795
168.30000,0.62193,0.03922,0.68397,0.00027,0.27653
168.63000,0.62193,0.06570,0.51221,0.00049,0.42160
168.96001,0.62193,0.04342,0.69500,0.00021,0.26136
169.28999,0.62195,0.08619,0.33798,0.00026,0.57557
169.62000,0.62195,0.11256,0.20531,0.00110,0.68103
169.95000,0.62193,0.06914,0.57994,0.00193,0.34899
170.28000,0.62193,0.08069,0.48989,0.00156,0.42786
170.61000,0.62193,0.08590,0.46013,0.00147,0.45250
170.94000,0.62193,0.11083,0.35607,0.00270,0.53041
171.27000,0.62193,0.10333,0.27380,0.00146,0.62141
171.60001,0.62193,0.11019,0.18569,0.00037,0.70374
171.92999,0.62195,0.06839,0.60631,0.00304,0.32226
172.25999,0.62195,0.13156,0.24627,0.02362,0.59854
172.59000,0.62195,0.11097,0.27725,0.01162,0.60017
172.92000,0.62193,0.07187,0.43107,0.00191,0.49515
173.25000,0.62193,0.03294,0.70100,0.00020,0.26587
173.58000,0.62193,0.03495,0.72861,0.00040,0.23604
173.91000,0.62193,0.03473,0.75754,0.00038,0.20735
174.24001,0.62193,0.04422,0.65805,0.00013,0.29760
174.57001,0.62193,0.01489,0.90026,0.00046,0.08440
174.89999,0.62195,0.03244,0.70732,0.00056,0.25969
175.23000,0.62195,0.02131,0.77772,0.00045,0.20052
175.56000,0.62193,0.04472,0.58369,0.00017,0.37142
175.89000,0.62193,0.02256,0.81672,0.00057,0.16016
176.22000,0.62193,0.01257,0.90638,0.00025,0.08080
176.55000,0.62193,0.06257,0.59126,0.00059,0.34559
176.88000,0.62193,0.07947,0.51569,0.00374,0.40110
177.21001,0.62193,0.09144,0.41621,0.00364,0.48871
177.53999,0.62195,0.05606,0.66458,0.00213,0.27722
177.87000,0.62195,0.07778,0.44989,0.00478,0.46754
178.20000,0.62193,0.02767,0.81349,0.00054,0.15830
178.53000,0.62193,0.06905,0.55158,0.00077,0.37859
178.86000,0.62193,0.08639,0.42079,0.00019,0.49263
179.19000,0.62193,0.09188,0.45097,0.00532,0.45183
179.52000,0.62193,0.10018,0.26587,0.00340,0.63055
179.85001,0.62193,0.10503,0.20068,0.00085,0.69344
180.17999,0.62195,0.11939,0.15712,0.00068,0.72280
180.50999,0.62195,0.07255,0.54357,0.00162,0.38227
180.84000,0.62195,0.04807,0.63867,0.00164,0.31162
181.17000,0.62193,0.08536,0.39305,0.00270,0.51889
181.50000,0.62193,0.06109,0.51991,0.00253,0.41647
181.83000,0.62193,0.05496,0.65113,0.00210,0.29181
182.16000,0.62193,0.08434,0.49495,0.00639,0.41432
182.49001,0.62193,0.09430,0.35995,0.00415,0.54161
182.82001,0.62193,0.03093,0.72031,0.00089,0.24786
183.14999,0.62195,0.04884,0.49330,0.00055,0.45732
183.48000,0.62195,0.06701,0.41681,0.00061,0.51557
183.81000,0.62193,0.05691,0.50073,0.00049,0.44187
184.14000,0.62193,0.06725,0.36872,0.00035,0.56367
184.47000,0.62193,0.02464,0.71567,0.00022,0.25948
184.80000,0.62193,0.01519,0.83308,0.00006,0.15166
185.13000,0.62193,0.05432,0.47068,0.00005,0.47494
185.46001,0.62193,0.08806,0.19558,0.00034,0.71602
185.78999,0.62195,0.10912,0.18852,0.00126,0.70110
186.12000,0.62195,0.08682,0.46119,0.00221,0.44978
186.45000,0.62193,0.06445,0.59775,0.00259,0.33521
186.78000,0.62193,0.11073,0.23500,0.00114,0.65313
187.11000,0.62193,0.14424,0.07053,0.00034,0.78490
187.44000,0.62193,0.08283,0.40916,0.00164,0.50637
187.77000,0.62193,0.06787,0.55413,0.00469,0.37331
188.10001,0.62193,0.09687,0.38403,0.01527,0.50382
188.42999,0.62195,0.12302,0.13561,0.00147,0.73991
188.75999,0.62195,0.11954,0.17692,0.00087,0.70267
189.09000,0.62195,0.11013,0.30787,0.00475,0.57725
189.42000,0.62193,0.05145,0.62897,0.00152,0.31807
189.75000,0.62193,0.04970,0.61327,0.00049,0.33653
190.08000,0.62193,0.04649,0.64265,0.00043,0.31043
190.41000,0.62193,0.02086,0.87501,0.00046,0.10367
190.74001,0.62193,0.04425,0.74285,0.00113,0.21177
191.07001,0.62193,0.06007,0.65225,0.00130,0.28638
191.39999,0.62195,0.06695,0.52759,0.00043,0.40504
191.73000,0.62195,0.03405,0.74397,0.00043,0.22156
192.06000,0.62193,0.02632,0.80498,0.00027,0.16843
192.39000,0.62193,0.03499,0.73509,0.00044,0.22948
192.72000,0.62193,0.03193,0.81362,0.00045,0.15399
193.05000,0.62193,0.02847,0.82629,0.00066,0.14458
193.38000,0.62193,0.07129,0.53289,0.00188,0.39394
193.71001,0.62193,0.07277,0.38174,0.00074,0.54475
194.03999,0.62195,0.05222,0.55009,0.00043,0.39726
194.37000,0.62195,0.05606,0.63501,0.00105,0.30787
194.70000,0.62193,0.09590,0.42605,0.00316,0.47490
195.03000,0.62193,0.09122,0.41113,0.00201,0.49565
195.36000,0.62193,0.07162,0.47821,0.00138,0.44879
195.69000,0.62193,0.11905,0.29770,0.00308,0.58017
196.02000,0.62193,0.10275,0.48262,0.01101,0.40361
196.35001,0.62193,0.06405,0.60685,0.00485,0.32425
196.67999,0.62195,0.06240,0.53922,0.00044,0.39794
197.00999,0.62195,0.03225,0.79475,0.00120,0.17179
197.34000,0.62195,0.02466,0.86909,0.00170,0.10456
197.67000,0.62193,0.07171,0.59206,0.00542,0.33080
198.00000,0.62193,0.10614,0.37411,0.00623,0.51352
198.33000,0.62193,0.05272,0.69984,0.00169,0.24574
198.66000,0.62193,0.04121,0.75334,0.00091,0.20454
198.99001,0.62193,0.02737,0.81768,0.00075,0.15421
199.32001,0.62193,0.02976,0.80404,0.00089,0.16531
199.64999,0.62195,0.02960,0.81832,0.00052,0.15156
199.98000,0.62195,0.05715,0.60857,0.00179,0.33248
200.31000,0.62193,0.04102,0.58991,0.00024,0.36882
200.64000,0.62193,0.05189,0.53444,0.00014,0.41353
200.97000,0.62193,0.06493,0.36186,0.00020,0.57301
201.30000,0.62193,0.04967,0.52793,0.00015,0.42225
201.63000,0.62193,0.04011,0.60887,0.00004,0.35098
201.96001,0.62193,0.01842,0.83820,0.00017,0.14321
202.28999,0.62195,0.03020,0.77411,0.00134,0.19435
202.62000,0.62195,0.02651,0.82592,0.00206,0.14552
202.95000,0.62193,0.01414,0.85631,0.00041,0.12914
203.28000,0.62193,0.04035,0.54342,0.00053,0.41570
203.61000,0.62193,0.02448,0.76183,0.00022,0.21347
203.94000,0.62193,0.03637,0.63348,0.00009,0.33006
204.27000,0.62193,0.06771,0.39461,0.00031,0.53737
204.60001,0.62193,0.06826,0.42469,0.00041,0.50664
204.92999,0.62195,0.05105,0.59504,0.00096,0.35296
205.25999,0.62195,0.01974,0.85237,0.00082,0.12707
205.59000,0.62195,0.03838,0.69929,0.00158,0.26076
205.92000,0.62193,0.05540,0.54435,0.00519,0.39506
206.25000,0.62193,0.11841,0.14113,0.01965,0.72082
206.58000,0.62193,0.05670,0.51802,0.00214,0.42314
206.91000,0.62193,0.01431,0.88842,0.00021,0.09706
207.24001,0.62193,0.03332,0.76221,0.00027,0.20420
207.57001,0.62193,0.06035,0.60178,0.00097,0.33690
207.89999,0.62195,0.11483,0.22107,0.00147,0.66263
208.23000,0.62195,0.10136,0.25145,0.00069,0.64650
208.56000,0.62193,0.08146,0.29622,0.00020,0.62212
208.89000,0.62193,0.06600,0.38001,0.00033,0.55366
209.22000,0.62193,0.04552,0.53865,0.00049,0.41533
209.55000,0.62193,0.05963,0.39391,0.00035,0.54611
209.88000,0.62193,0.05885,0.48314,0.00156,0.45645
210.21001,0.62193,0.09359,0.44618,0.00440,0.45583
210.53999,0.62195,0.12990,0.43679,0.00746,0.42585
210.87000,0.62195,0.07496,0.67525,0.00461,0.24518
211.20000,0.62193,0.08841,0.55847,0.00837,0.34475
211.53000,0.62193,0.08483,0.45877,0.00203,0.45437
211.86000,0.62193,0.03604,0.78717,0.00037,0.17642
212.19000,0.62193,0.04299,0.75044,0.00080,0.20577
212.52000,0.62193,0.03849,0.72782,0.00137,0.23232
212.85001,0.62193,0.02622,0.75388,0.00041,0.21949
213.17999,0.62195,0.04473,0.59544,0.00144,0.35840
213.50999,0.62195,0.07949,0.33510,0.00401,0.58140
213.84000,0.62195,0.02340,0.81352,0.00056,0.16251
214.17000,0.62193,0.04413,0.63714,0.00139,0.31735
214.50000,0.62193,0.06774,0.39632,0.00040,0.53554
214.83000,0.62193,0.04282,0.69012,0.00078,0.26628
215.16000,0.62193,0.06392,0.55050,0.00173,0.38384
215.49001,0.62193,0.03162,0.73206,0.00042,0.23591
215.82001,0.62193,0.02224,0.81645,0.00021,0.16109
216.14999,0.62195,0.04418,0.67598,0.00065,0.27919
216.48000,0.62195,0.10606,0.32002,0.00073,0.57319
216.81000,0.62193,0.12962,0.22252,0.00024,0.64763
217.14000,0.62193,0.07716,0.55388,0.00169,0.36726
217.47000,0.62193,0.05213,0.64422,0.00098,0.30267
217.80000,0.62193,0.04675,0.65981,0.00079,0.29265
218.13000,0.62193,0.06402,0.42556,0.00025,0.51016
218.46001,0.62193,0.05591,0.60894,0.00181,0.33335
218.78999,0.62195,0.04282,0.76377,0.00633,0.18707
219.12000,0.62195,0.08059,0.54989,0.00933,0.36019
219.45000,0.62193,0.10485,0.29464,0.00275,0.59776
219.78000,0.62193,0.08396,0.44118,0.00442,0.47045
220.11000,0.62193,0.04340,0.71881,0.00132,0.23647
220.44000,0.62193,0.05376,0.65882,0.00053,0.28689
220.77000,0.62193,0.06738,0.49491,0.00043,0.43728
221.10001,0.62193,0.02919,0.76959,0.00044,0.20077
221.42999,0.62195,0.02007,0.84345,0.00056,0.13591
221.75999,0.62195,0.05663,0.59282,0.00194,0.34861
222.09000,0.62195,0.12992,0.18370,0.00667,0.67971
222.42000,0.62193,0.10114,0.25043,0.00223,0.64620
222.75000,0.62193,0.06647,0.42510,0.00081,0.50762
223.08000,0.62193,0.11727,0.12204,0.00072,0.75997
223.41000,0.62193,0.10312,0.22625,0.00120,0.66943
223.74001,0.62193,0.11235,0.24429,0.01928,0.62408
224.07001,0.62193,0.10721,0.22177,0.00234,0.66868
224.39999,0.62195,0.06108,0.62384,0.00045,0.31464
224.73000,0.62195,0.04385,0.68909,0.00090,0.26616
225.06000,0.62193,0.07709,0.53893,0.00142,0.38255
225.39000,0.62193,0.11282,0.41779,0.00128,0.46811
225.72000,0.62193,0.05463,0.72547,0.00394,0.21596
226.05000,0.62193,0.05283,0.67472,0.00338,0.26908
226.38000,0.62193,0.08132,0.42616,0.00122,0.49131
226.71001,0.62193,0.05873,0.58794,0.00090,0.35242
227.03999,0.62195,0.04240,0.74291,0.00272,0.21197
227.37000,0.62195,0.06811,0.59863,0.00659,0.32666
227.70000,0.62193,0.05718,0.56145,0.00209,0.37928
228.03000,0.62193,0.01032,0.93033,0.00048,0.05887
228.36000,0.62193,0.02638,0.77809,0.00051,0.19502
228.69000,0.62193,0.01968,0.88232,0.00047,0.09753
229.02000,0.62193,0.03488,0.77691,0.00274,0.18547
229.35001,0.62193,0.04951,0.62094,0.00169,0.32785
229.67999,0.62195,0.06177,0.52061,0.00074,0.41688
230.00999,0.62195,0.07667,0.49868,0.00411,0.42055
230.34000,0.62195,0.04205,0.71463,0.00115,0.24217
230.67000,0.62193,0.05397,0.66725,0.00082,0.27796
231.00000,0.62193,0.09054,0.38749,0.00100,0.52098
231.33000,0.62193,0.02823,0.83271,0.00074,0.13832
231.66000,0.62193,0.03675,0.77572,0.00105,0.18647
231.99001,0.62193,0.04220,0.75202,0.00170,0.20407
232.32001,0.62193,0.02882,0.82508,0.00026,0.14584
232.64999,0.62195,0.02715,0.84290,0.00077,0.12918
232.98000,0.62195,0.02948,0.81732,0.00045,0.15276
233.31000,0.62193,0.06705,0.48835,0.00039,0.44422
233.64000,0.62193,0.03020,0.74689,0.00026,0.22265
233.97000,0.62193,0.04205,0.63629,0.00039,0.32128
234.30000,0.62193,0.05040,0.57484,0.00144,0.37331
234.63000,0.62193,0.07783,0.43074,0.00748,0.48394
234.96001,0.62193,0.08324,0.42107,0.00218,0.49351
235.28999,0.62195,0.09365,0.45789,0.00988,0.43859
235.62000,0.62195,0.10030,0.28820,0.00634,0.60517
235.95000,0.62193,0.08489,0.39290,0.00138,0.52082
236.28000,0.62193,0.07579,0.50133,0.00211,0.42078
236.61000,0.62193,0.08470,0.51538,0.00449,0.39543
236.94000,0.62193,0.05190,0.68394,0.00457,0.25959
237.27000,0.62193,0.07327,0.53463,0.00392,0.38818
237.60001,0.62193,0.07091,0.48507,0.00132,0.44271
237.92999,0.62195,0.07601,0.37699,0.00050,0.54650
238.25999,0.62195,0.07308,0.32191,0.00074,0.60426
238.59000,0.62195,0.05058,0.62613,0.00390,0.31939
238.92000,0.62193,0.03443,0.79555,0.00276,0.16726
239.25000,0.62193,0.09437,0.35366,0.00640,0.54557
239.58000,0.62193,0.08386,0.45855,0.00773,0.44986
239.91000,0.62193,0.08451,0.51830,0.01457,0.38262
240.24001,0.62193,0.03617,0.76981,0.00238,0.19164
240.57001,0.62193,0.02434,0.79613,0.00023,0.17931
240.89999,0.62195,0.05090,0.66659,0.00074,0.28177
241.23000,0.62195,0.04052,0.71281,0.00124,0.24543
241.56000,0.62193,0.04488,0.59615,0.00064,0.35832
241.89000,0.62193,0.05377,0.48495,0.00136,0.45992
242.22000,0.62193,0.07992,0.27685,0.00260,0.64063
242.55000,0.62193,0.11175,0.22810,0.02125,0.63890
242.88000,0.62193,0.06232,0.53006,0.00383,0.40380
243.21001,0.62193,0.07024,0.46317,0.00273,0.46385
243.53999,0.62195,0.04187,0.60616,0.00095,0.35102
243.87000,0.62195,0.07385,0.33344,0.00126,0.59144
244.20000,0.62193,0.09100,0.33853,0.00251,0.56795
244.53000,0.62193,0.11076,0.25667,0.00241,0.63016
244.86000,0.62193,0.10216,0.40386,0.00334,0.49063
245.19000,0.62193,0.08665,0.49553,0.01033,0.40750
245.52000,0.62193,0.02215,0.81524,0.00103,0.16157
245.85001,0.62193,0.03555,0.65891,0.00031,0.30523
246.17999,0.62195,0.06078,0.48210,0.00085,0.45627
246.50999,0.62195,0.01342,0.88591,0.00050,0.10017
246.84000,0.62195,0.01559,0.87669,0.00071,0.10702
247.17000,0.62193,0.03907,0.65204,0.00093,0.30796
247.50000,0.62193,0.06753,0.38283,0.00024,0.54940
247.83000,0.62193,0.03073,0.69982,0.00012,0.26933
248.16000,0.62193,0.02759,0.70253,0.00030,0.26959
248.49001,0.62193,0.01384,0.82317,0.00009,0.16289
248.82001,0.62193,0.02687,0.71928,0.00021,0.25364
249.14999,0.62195,0.07418,0.24938,0.00055,0.67589
249.48000,0.62195,0.05143,0.55927,0.00040,0.38890
249.81000,0.62193,0.04997,0.56741,0.00017,0.38245
250.14000,0.62193,0.02339,0.80712,0.00029,0.16920
250.47000,0.62193,0.05440,0.54962,0.00024,0.39573
250.80000,0.62193,0.08455,0.24896,0.00010,0.66638
251.13000,0.62193,0.07910,0.26939,0.00017,0.65135
251.46001,0.62193,0.07646,0.29559,0.00028,0.62767
251.78999,0.62195,0.05304,0.51912,0.00020,0.42764
252.12000,0.62195,0.10002,0.22723,0.00099,0.67177
252.45000,0.62193,0.11984,0.15356,0.00205,0.72456
252.78000,0.62193,0.08091,0.42343,0.00383,0.49184
253.11000,0.62193,0.08287,0.48973,0.01196,0.41544
253.44000,0.62193,0.07809,0.46552,0.00485,0.45154
253.77000,0.62193,0.08222,0.41729,0.00083,0.49967
254.10001,0.62193,0.08154,0.47443,0.00206,0.44197
254.42999,0.62195,0.09141,0.37864,0.00214,0.52781
254.75999,0.62195,0.05927,0.55192,0.00265,0.38616
255.09000,0.62195,0.10059,0.20935,0.00179,0.68826
255.42000,0.62193,0.08824,0.25549,0.00066,0.65561
255.75000,0.62195,0.01041,0.89813,0.00012,0.09134
256.07999,0.62195,0.02952,0.71036,0.00009,0.26003
256.41000,0.62195,0.05599,0.52661,0.00011,0.41728
256.73999,0.62195,0.03928,0.65209,0.00024,0.30839
257.07001,0.62192,0.05890,0.39877,0.00007,0.54226
257.39999,0.62195,0.07914,0.31886,0.00005,0.60196
257.73001,0.62192,0.05066,0.60711,0.00027,0.34196
258.06000,0.62195,0.03885,0.69510,0.00090,0.26515
258.39001,0.62192,0.02845,0.79898,0.00168,0.17088
258.72000,0.62195,0.06039,0.57815,0.00065,0.36082
259.04999,0.62195,0.06712,0.56877,0.00185,0.36225
259.38000,0.62192,0.07278,0.43695,0.00217,0.48810
259.70999,0.62195,0.15082,0.06657,0.01795,0.76465
260.04001,0.62192,0.04708,0.63982,0.00068,0.31241
260.37000,0.62195,0.09214,0.34039,0.00092,0.56654
260.70001,0.62192,0.13940,0.07867,0.00031,0.78162
261.03000,0.62195,0.13307,0.11650,0.00018,0.75025
261.35999,0.62195,0.10966,0.23341,0.00021,0.65672
261.69000,0.62195,0.08536,0.39244,0.00136,0.52084
262.01999,0.62195,0.10592,0.21749,0.00113,0.67546
262.35001,0.62192,0.06780,0.47932,0.00093,0.45195
262.67999,0.62195,0.07105,0.45961,0.00232,0.46701
263.01001,0.62192,0.07104,0.44010,0.00417,0.48469
263.34000,0.62195,0.06250,0.40968,0.00036,0.52746
263.67001,0.62192,0.04374,0.59824,0.00014,0.35788
264.00000,0.62195,0.04508,0.59803,0.00017,0.35672
264.32999,0.62195,0.08160,0.32009,0.00045,0.59787
264.66000,0.62195,0.11372,0.19532,0.00126,0.68971
264.98999,0.62195,0.10351,0.31034,0.00079,0.58536
265.32001,0.62192,0.08105,0.45489,0.00051,0.46355
265.64999,0.62195,0.10584,0.34200,0.00144,0.55072
265.98001,0.62192,0.08922,0.45500,0.00419,0.45159
266.31000,0.62195,0.11885,0.19855,0.00239,0.68021
266.64001,0.62192,0.11150,0.30838,0.00321,0.57690
266.97000,0.62195,0.10622,0.29350,0.00374,0.59655
267.29999,0.62195,0.07600,0.39844,0.00177,0.52379
267.63000,0.62192,0.04068,0.66162,0.00037,0.29732
267.95999,0.62195,0.02550,0.77928,0.00046,0.19476
268.29001,0.62192,0.05176,0.62023,0.00106,0.32695
268.62000,0.62195,0.05294,0.64669,0.00345,0.29693
268.95001,0.62192,0.08022,0.36117,0.00176,0.55686
269.28000,0.62195,0.03146,0.76859,0.00074,0.19922
269.60999,0.62195,0.02711,0.80266,0.00176,0.16847
269.94000,0.62195,0.06594,0.53090,0.00365,0.39951
270.26999,0.62195,0.07979,0.43243,0.00306,0.48472
270.60001,0.62192,0.07464,0.46105,0.00084,0.46347
270.92999,0.62195,0.04586,0.69056,0.00050,0.26308
271.26001,0.62192,0.05769,0.55161,0.00066,0.39004
271.59000,0.62195,0.05268,0.60524,0.00117,0.34091
271.92001,0.62192,0.03468,0.69749,0.00089,0.26694
272.25000,0.62195,0.04956,0.56382,0.00083,0.38579
272.57999,0.62195,0.09390,0.27124,0.00092,0.63394
272.91000,0.62195,0.08875,0.31234,0.00107,0.59784
273.23999,0.62195,0.07823,0.29584,0.00130,0.62463
273.57001,0.62192,0.08835,0.29041,0.00133,0.61991
273.89999,0.62195,0.05342,0.56392,0.00202,0.38064
274.23001,0.62192,0.07013,0.44252,0.00418,0.48317
274.56000,0.62195,0.06815,0.57635,0.00431,0.35120
274.89001,0.62192,0.05543,0.61435,0.00634,0.32388
275.22000,0.62195,0.07116,0.39348,0.00104,0.53431
275.54999,0.62195,0.04434,0.69588,0.00094,0.25884
275.88000,0.62192,0.04591,0.70119,0.00459,0.24831
276.20999,0.62195,0.06336,0.62298,0.00559,0.30807
276.54001,0.62192,0.08426,0.46487,0.00089,0.44997
276.87000,0.62195,0.08021,0.51506,0.00109,0.40363
277.20001,0.62192,0.06546,0.59871,0.00472,0.33111
277.53000,0.62195,0.01830,0.87735,0.00087,0.10348
277.85999,0.62195,0.03574,0.67497,0.00010,0.28920
278.19000,0.62195,0.05537,0.59389,0.00086,0.34987
278.51999,0.62195,0.06101,0.53359,0.00186,0.40353
278.85001,0.62192,0.06024,0.57769,0.00170,0.36036
279.17999,0.62195,0.07486,0.55569,0.00379,0.36565
279.51001,0.62192,0.10825,0.33168,0.00571,0.55436
279.84000,0.62195,0.07527,0.51491,0.00865,0.40116
280.17001,0.62192,0.07121,0.47169,0.00773,0.44937
280.50000,0.62195,0.06909,0.50209,0.00418,0.42463
280.82999,0.62195,0.09717,0.35524,0.00464,0.54295
281.16000,0.62195,0.14009,0.06551,0.00067,0.79374
281.48999,0.62195,0.18470,0.01510,0.00045,0.79975
281.82001,0.62192,0.19743,0.03361,0.00176,0.76719
282.14999,0.62195,0.08866,0.48160,0.00173,0.42801
282.48001,0.62192,0.19586,0.04315,0.00095,0.76003
282.81000,0.62195,0.19181,0.10120,0.00080,0.70619
283.14001,0.62192,0.09411,0.42724,0.00060,0.47805
283.47000,0.62195,0.11829,0.16534,0.00046,0.71591
283.79999,0.62195,0.15743,0.06673,0.00357,0.77227
284.13000,0.62192,0.17747,0.03577,0.00257,0.78418
284.45999,0.62195,0.16197,0.02234,0.00064,0.81505
284.79001,0.62192,0.15802,0.01768,0.00010,0.82420
285.12000,0.62195,0.15891,0.03267,0.00044,0.80798
285.45001,0.62192,0.13922,0.11903,0.00007,0.74169
285.78000,0.62195,0.08523,0.29274,0.00008,0.62195
286.10999,0.62195,0.14122,0.05164,0.00014,0.80701
286.44000,0.62195,0.13981,0.03769,0.00036,0.82213
286.76999,0.62195,0.09520,0.19444,0.00023,0.71013
287.10001,0.62192,0.05495,0.59399,0.00030,0.35075
287.42999,0.62195,0.07262,0.23881,0.00018,0.68838
287.76001,0.62192,0.04550,0.33486,0.00007,0.61957
288.09000,0.62195,0.07964,0.27975,0.00002,0.64059
288.42001,0.62192,0.09074,0.18849,0.00003,0.72075
288.75000,0.62195,0.10606,0.08592,0.00002,0.80800
289.07999,0.62195,0.06140,0.42697,0.00028,0.51135
289.41000,0.62195,0.09323,0.25589,0.00236,0.64852
289.73999,0.62195,0.14766,0.06288,0.00084,0.78863
290.07001,0.62192,0.14801,0.03642,0.00017,0.81540
290.39999,0.62195,0.00069,0.98828,0.00022,0.01081
290.73001,0.62192,0.00056,0.99072,0.00030,0.00841
291.06000,0.62195,0.01766,0.79228,0.00064,0.18942
291.39001,0.62192,0.12688,0.05539,0.00046,0.81728
291.72000,0.62195,0.13396,0.07757,0.00085,0.78762
292.04999,0.62195,0.06356,0.23187,0.00079,0.70378
292.38000,0.62192,0.08011,0.11093,0.00018,0.80878
292.70999,0.62195,0.12621,0.03360,0.00008,0.84011
293.04001,0.62192,0.11709,0.03208,0.00003,0.85080
293.37000,0.62195,0.15576,0.02885,0.00066,0.81473
293.70001,0.62192,0.10417,0.15346,0.00114,0.74123
294.03000,0.62195,0.00013,0.99350,0.00175,0.00462
294.35999,0.62195,0.00003,0.99872,0.00043,0.00082
294.69000,0.62195,0.01193,0.88602,0.00477,0.09727
295.01999,0.62195,0.18418,0.03012,0.00269,0.78300
295.35001,0.62192,0.16280,0.05662,0.00118,0.77941
295.67999,0.62195,0.14209,0.05000,0.00021,0.80770
296.01001,0.62192,0.12041,0.08998,0.00007,0.78954
296.34000,0.62195,0.09807,0.11830,0.00001,0.78361
296.67001,0.62192,0.02511,0.77924,0.00022,0.19543
297.00000,0.62195,0.01802,0.81293,0.00225,0.16679
297.32999,0.62195,0.05201,0.46404,0.00045,0.48350
297.66000,0.62195,0.13023,0.08218,0.00011,0.78749
297.98999,0.62195,0.12105,0.07846,0.00050,0.79999
298.32001,0.62192,0.10651,0.08258,0.00143,0.80948
298.64999,0.62195,0.16469,0.01350,0.00060,0.82120
298.98001,0.62192,0.16422,0.01186,0.00045,0.82346
299.31000,0.62195,0.13143,0.06548,0.00064,0.80245
