Time (seconds), Duration (seconds),pred_(unlabeled),pred_brushing_teeth,pred_hair_drying,pred_showering
0.00000,0.62194,1.00000,0.00000,0.00000,0.00000
0.33000,0.62194,1.00000,0.00000,0.00000,0.00000
0.66000,0.62194,1.00000,0.00000,0.00000,0.00000
0.99000,0.62194,1.00000,0.00000,0.00000,0.00000
1.32000,0.62194,1.00000,0.00000,0.00000,0.00000
1.65000,0.62194,1.00000,0.00000,0.00000,0.00000
1.98000,0.62194,1.00000,0.00000,0.00000,0.00000
2.31000,0.62194,1.00000,0.00000,0.00000,0.00000
2.64000,0.62194,1.00000,0.00000,0.00000,0.00000
2.97000,0.62194,1.00000,0.00000,0.00000,0.00000
3.30000,0.62194,1.00000,0.00000,0.00000,0.00000
3.63000,0.62194,1.00000,0.00000,0.00000,0.00000
3.96000,0.62194,1.00000,0.00000,0.00000,0.00000
4.29000,0.62194,1.00000,0.00000,0.00000,0.00000
4.62000,0.62194,1.00000,0.00000,0.00000,0.00000
4.95000,0.62194,1.00000,0.00000,0.00000,0.00000
5.28000,0.62194,1.00000,0.00000,0.00000,0.00000
5.61000,0.62194,1.00000,0.00000,0.00000,0.00000
5.94000,0.62194,1.00000,0.00000,0.00000,0.00000
6.27000,0.62194,1.00000,0.00000,0.00000,0.00000
6.60000,0.62194,1.00000,0.00000,0.00000,0.00000
6.93000,0.62194,1.00000,0.00000,0.00000,0.00000
7.26000,0.62194,1.00000,0.00000,0.00000,0.00000
7.59000,0.62194,1.00000,0.00000,0.00000,0.00000
7.92000,0.62194,1.00000,0.00000,0.00000,0.00000
8.25000,0.62194,1.00000,0.00000,0.00000,0.00000
8.58000,0.62194,1.00000,0.00000,0.00000,0.00000
8.91000,0.62194,1.00000,0.00000,0.00000,0.00000
9.24000,0.62194,1.00000,0.00000,0.00000,0.00000
9.57000,0.62194,1.00000,0.00000,0.00000,0.00000
9.90000,0.62194,1.00000,0.00000,0.00000,0.00000
10.23000,0.62194,1.00000,0.00000,0.00000,0.00000
10.56000,0.62194,1.00000,0.00000,0.00000,0.00000
10.89000,0.62194,1.00000,0.00000,0.00000,0.00000
11.22000,0.62194,1.00000,0.00000,0.00000,0.00000
11.55000,0.62194,1.00000,0.00000,0.00000,0.00000
11.88000,0.62194,1.00000,0.00000,0.00000,0.00000
12.21000,0.62194,1.00000,0.00000,0.00000,0.00000
12.54000,0.62194,1.00000,0.00000,0.00000,0.00000
12.87000,0.62194,1.00000,0.00000,0.00000,0.00000
13.20000,0.62194,1.00000,0.00000,0.00000,0.00000
13.53000,0.62194,1.00000,0.00000,0.00000,0.00000
13.86000,0.62194,1.00000,0.00000,0.00000,0.00000
14.19000,0.62194,1.00000,0.00000,0.00000,0.00000
14.52000,0.62194,1.00000,0.00000,0.00000,0.00000
14.85000,0.62194,1.00000,0.00000,0.00000,0.00000
15.18000,0.62194,1.00000,0.00000,0.00000,0.00000
15.51000,0.62194,1.00000,0.00000,0.00000,0.00000
15.84000,0.62194,1.00000,0.00000,0.00000,0.00000
16.17000,0.62194,1.00000,0.00000,0.00000,0.00000
16.50000,0.62194,1.00000,0.00000,0.00000,0.00000
16.83000,0.62194,1.00000,0.00000,0.00000,0.00000
17.16000,0.62194,1.00000,0.00000,0.00000,0.00000
17.49000,0.62194,1.00000,0.00000,0.00000,0.00000
17.82000,0.62194,1.00000,0.00000,0.00000,0.00000
18.15000,0.62194,1.00000,0.00000,0.00000,0.00000
18.48000,0.62194,1.00000,0.00000,0.00000,0.00000
18.81000,0.62194,1.00000,0.00000,0.00000,0.00000
19.14000,0.62194,1.00000,0.00000,0.00000,0.00000
19.47000,0.62194,1.00000,0.00000,0.00000,0.00000
19.80000,0.62194,1.00000,0.00000,0.00000,0.00000
20.13000,0.62194,1.00000,0.00000,0.00000,0.00000
20.46000,0.62194,1.00000,0.00000,0.00000,0.00000
20.79000,0.62194,1.00000,0.00000,0.00000,0.00000
21.12000,0.62194,1.00000,0.00000,0.00000,0.00000
21.45000,0.62194,1.00000,0.00000,0.00000,0.00000
21.78000,0.62194,1.00000,0.00000,0.00000,0.00000
22.11000,0.62194,1.00000,0.00000,0.00000,0.00000
22.44000,0.62194,1.00000,0.00000,0.00000,0.00000
22.77000,0.62194,1.00000,0.00000,0.00000,0.00000
23.10000,0.62194,1.00000,0.00000,0.00000,0.00000
23.43000,0.62194,1.00000,0.00000,0.00000,0.00000
23.76000,0.62194,1.00000,0.00000,0.00000,0.00000
24.09000,0.62194,1.00000,0.00000,0.00000,0.00000
24.42000,0.62194,1.00000,0.00000,0.00000,0.00000
24.75000,0.62194,1.00000,0.00000,0.00000,0.00000
25.08000,0.62194,1.00000,0.00000,0.00000,0.00000
25.41000,0.62194,1.00000,0.00000,0.00000,0.00000
25.74000,0.62194,1.00000,0.00000,0.00000,0.00000
26.07000,0.62194,1.00000,0.00000,0.00000,0.00000
26.40000,0.62194,1.00000,0.00000,0.00000,0.00000
26.73000,0.62194,1.00000,0.00000,0.00000,0.00000
27.06000,0.62194,1.00000,0.00000,0.00000,0.00000
27.39000,0.62194,1.00000,0.00000,0.00000,0.00000
27.72000,0.62194,1.00000,0.00000,0.00000,0.00000
28.05000,0.62194,1.00000,0.00000,0.00000,0.00000
28.38000,0.62194,1.00000,0.00000,0.00000,0.00000
28.71000,0.62194,1.00000,0.00000,0.00000,0.00000
29.04000,0.62194,1.00000,0.00000,0.00000,0.00000
29.37000,0.62194,1.00000,0.00000,0.00000,0.00000
29.70000,0.62194,1.00000,0.00000,0.00000,0.00000
30.03000,0.62194,1.00000,0.00000,0.00000,0.00000
30.36000,0.62194,1.00000,0.00000,0.00000,0.00000
30.69000,0.62194,1.00000,0.00000,0.00000,0.00000
31.02000,0.62194,1.00000,0.00000,0.00000,0.00000
31.35000,0.62194,1.00000,0.00000,0.00000,0.00000
31.68000,0.62194,1.00000,0.00000,0.00000,0.00000
32.01000,0.62194,1.00000,0.00000,0.00000,0.00000
32.34000,0.62194,1.00000,0.00000,0.00000,0.00000
32.67000,0.62194,1.00000,0.00000,0.00000,0.00000
33.00000,0.62194,1.00000,0.00000,0.00000,0.00000
33.33000,0.62194,1.00000,0.00000,0.00000,0.00000
33.66000,0.62194,1.00000,0.00000,0.00000,0.00000
33.99000,0.62194,1.00000,0.00000,0.00000,0.00000
34.32000,0.62194,1.00000,0.00000,0.00000,0.00000
34.65000,0.62194,1.00000,0.00000,0.00000,0.00000
34.98000,0.62194,1.00000,0.00000,0.00000,0.00000
35.31000,0.62194,1.00000,0.00000,0.00000,0.00000
35.64000,0.62194,1.00000,0.00000,0.00000,0.00000
35.97000,0.62194,1.00000,0.00000,0.00000,0.00000
36.30000,0.62194,1.00000,0.00000,0.00000,0.00000
36.63000,0.62194,1.00000,0.00000,0.00000,0.00000
36.96000,0.62194,1.00000,0.00000,0.00000,0.00000
37.29000,0.62194,1.00000,0.00000,0.00000,0.00000
37.62000,0.62194,1.00000,0.00000,0.00000,0.00000
37.95000,0.62194,1.00000,0.00000,0.00000,0.00000
38.28000,0.62194,1.00000,0.00000,0.00000,0.00000
38.61000,0.62194,1.00000,0.00000,0.00000,0.00000
38.94000,0.62194,1.00000,0.00000,0.00000,0.00000
39.27000,0.62194,1.00000,0.00000,0.00000,0.00000
39.60000,0.62194,1.00000,0.00000,0.00000,0.00000
39.93000,0.62194,1.00000,0.00000,0.00000,0.00000
40.26000,0.62194,1.00000,0.00000,0.00000,0.00000
40.59000,0.62194,1.00000,0.00000,0.00000,0.00000
40.92000,0.62194,0.99999,0.00000,0.00000,0.00000
41.25000,0.62194,1.00000,0.00000,0.00000,0.00000
41.58000,0.62194,1.00000,0.00000,0.00000,0.00000
41.91000,0.62194,1.00000,0.00000,0.00000,0.00000
42.24000,0.62194,1.00000,0.00000,0.00000,0.00000
42.57000,0.62194,1.00000,0.00000,0.00000,0.00000
42.90000,0.62194,0.99999,0.00000,0.00000,0.00001
43.23000,0.62194,0.99999,0.00000,0.00000,0.00001
43.56000,0.62194,1.00000,0.00000,0.00000,0.00000
43.89000,0.62194,0.99998,0.00000,0.00000,0.00001
44.22000,0.62194,0.99999,0.00000,0.00000,0.00000
44.55000,0.62194,1.00000,0.00000,0.00000,0.00000
44.88000,0.62194,0.99999,0.00000,0.00000,0.00001
45.21000,0.62194,0.99991,0.00000,0.00000,0.00009
45.54000,0.62194,0.99990,0.00000,0.00000,0.00010
45.87000,0.62194,1.00000,0.00000,0.00000,0.00000
46.20000,0.62194,1.00000,0.00000,0.00000,0.00000
46.53000,0.62194,1.00000,0.00000,0.00000,0.00000
46.86000,0.62194,1.00000,0.00000,0.00000,0.00000
47.19000,0.62194,1.00000,0.00000,0.00000,0.00000
47.52000,0.62194,1.00000,0.00000,0.00000,0.00000
47.85000,0.62194,1.00000,0.00000,0.00000,0.00000
48.18000,0.62194,1.00000,0.00000,0.00000,0.00000
48.51000,0.62194,1.00000,0.00000,0.00000,0.00000
48.84000,0.62194,1.00000,0.00000,0.00000,0.00000
49.17000,0.62194,1.00000,0.00000,0.00000,0.00000
49.50000,0.62194,1.00000,0.00000,0.00000,0.00000
49.83000,0.62194,1.00000,0.00000,0.00000,0.00000
50.16000,0.62194,1.00000,0.00000,0.00000,0.00000
50.49000,0.62194,1.00000,0.00000,0.00000,0.00000
50.82000,0.62194,1.00000,0.00000,0.00000,0.00000
51.15000,0.62194,0.99999,0.00000,0.00000,0.00000
51.48000,0.62194,1.00000,0.00000,0.00000,0.00000
51.81000,0.62194,1.00000,0.00000,0.00000,0.00000
52.14000,0.62194,0.99999,0.00000,0.00000,0.00001
52.47000,0.62194,0.99998,0.00000,0.00000,0.00001
52.80000,0.62194,1.00000,0.00000,0.00000,0.00000
53.13000,0.62194,1.00000,0.00000,0.00000,0.00000
53.46000,0.62194,0.99999,0.00000,0.00000,0.00001
53.79000,0.62194,1.00000,0.00000,0.00000,0.00000
54.12000,0.62194,0.99999,0.00000,0.00000,0.00000
54.45000,0.62194,0.99999,0.00000,0.00000,0.00000
54.78000,0.62194,0.99999,0.00000,0.00000,0.00001
55.11000,0.62194,0.99999,0.00000,0.00000,0.00001
55.44000,0.62194,0.99996,0.00000,0.00000,0.00004
55.77000,0.62194,0.99998,0.00000,0.00000,0.00002
56.10000,0.62194,0.99998,0.00000,0.00000,0.00002
56.43000,0.62194,0.99989,0.00000,0.00000,0.00011
56.76000,0.62194,0.99975,0.00000,0.00000,0.00024
57.09000,0.62194,0.99996,0.00000,0.00000,0.00004
57.42000,0.62194,0.99996,0.00000,0.00000,0.00004
57.75000,0.62194,0.99999,0.00000,0.00000,0.00001
58.08000,0.62194,0.99999,0.00000,0.00000,0.00001
58.41000,0.62194,0.99997,0.00000,0.00000,0.00002
58.74000,0.62194,0.99999,0.00000,0.00000,0.00001
59.07000,0.62194,1.00000,0.00000,0.00000,0.00000
59.40000,0.62194,1.00000,0.00000,0.00000,0.00000
59.73000,0.62194,0.99999,0.00000,0.00000,0.00001
60.06000,0.62194,0.99981,0.00000,0.00000,0.00018
60.39000,0.62194,0.99998,0.00000,0.00000,0.00002
60.72000,0.62194,0.99999,0.00000,0.00000,0.00001
61.05000,0.62194,1.00000,0.00000,0.00000,0.00000
61.38000,0.62194,1.00000,0.00000,0.00000,0.00000
61.71000,0.62194,1.00000,0.00000,0.00000,0.00000
62.04000,0.62194,1.00000,0.00000,0.00000,0.00000
62.37000,0.62194,1.00000,0.00000,0.00000,0.00000
62.70000,0.62194,0.99997,0.00000,0.00000,0.00003
63.03000,0.62194,0.99999,0.00000,0.00000,0.00001
63.36000,0.62194,0.99998,0.00000,0.00000,0.00002
63.69000,0.62194,0.99999,0.00000,0.00000,0.00001
64.02000,0.62194,1.00000,0.00000,0.00000,0.00000
64.35000,0.62194,1.00000,0.00000,0.00000,0.00000
64.68000,0.62194,1.00000,0.00000,0.00000,0.00000
65.01000,0.62193,0.99999,0.00000,0.00000,0.00001
65.34000,0.62194,0.99999,0.00000,0.00000,0.00001
65.67000,0.62194,0.99997,0.00000,0.00000,0.00003
66.00000,0.62194,0.99999,0.00000,0.00000,0.00001
66.33000,0.62193,0.99997,0.00000,0.00000,0.00002
66.66000,0.62193,0.99999,0.00000,0.00000,0.00001
66.99000,0.62194,1.00000,0.00000,0.00000,0.00000
67.32000,0.62194,0.99998,0.00000,0.00000,0.00001
67.65000,0.62193,0.99997,0.00000,0.00000,0.00003
67.98000,0.62193,0.99993,0.00000,0.00002,0.00004
68.31000,0.62194,0.99998,0.00000,0.00000,0.00002
68.64000,0.62194,0.99997,0.00000,0.00000,0.00003
68.97000,0.62193,0.99992,0.00000,0.00001,0.00007
69.30000,0.62193,0.99998,0.00000,0.00000,0.00002
69.63000,0.62194,0.99999,0.00000,0.00000,0.00001
69.96000,0.62194,0.99997,0.00000,0.00000,0.00003
70.29000,0.62193,0.99985,0.00001,0.00004,0.00010
70.62000,0.62193,0.99998,0.00000,0.00000,0.00002
70.95000,0.62194,0.99999,0.00000,0.00000,0.00001
71.28000,0.62194,1.00000,0.00000,0.00000,0.00000
71.61000,0.62194,1.00000,0.00000,0.00000,0.00000
71.94000,0.62193,0.99998,0.00000,0.00000,0.00002
72.27000,0.62194,0.99999,0.00000,0.00000,0.00001
72.60000,0.62194,0.99999,0.00000,0.00000,0.00001
72.93000,0.62194,1.00000,0.00000,0.00000,0.00000
73.26000,0.62193,0.99999,0.00000,0.00000,0.00001
73.59000,0.62194,0.99999,0.00000,0.00000,0.00001
73.92000,0.62194,0.99996,0.00000,0.00001,0.00003
74.25000,0.62194,0.99995,0.00000,0.00000,0.00004
74.58000,0.62193,0.99999,0.00000,0.00000,0.00001
74.91000,0.62193,1.00000,0.00000,0.00000,0.00000
75.24000,0.62194,1.00000,0.00000,0.00000,0.00000
75.57000,0.62194,0.99998,0.00000,0.00000,0.00001
75.90000,0.62193,0.99997,0.00000,0.00000,0.00002
76.23000,0.62193,0.99999,0.00000,0.00000,0.00001
76.56000,0.62194,0.99999,0.00000,0.00000,0.00001
76.89000,0.62194,1.00000,0.00000,0.00000,0.00000
77.22000,0.62193,0.99999,0.00000,0.00000,0.00001
77.55000,0.62193,0.99998,0.00000,0.00000,0.00002
77.88000,0.62194,1.00000,0.00000,0.00000,0.00000
78.21000,0.62194,0.99998,0.00000,0.00000,0.00002
78.54000,0.62193,0.99999,0.00000,0.00000,0.00000
78.87000,0.62193,0.99998,0.00000,0.00000,0.00001
79.20000,0.62194,0.99999,0.00000,0.00000,0.00001
79.53000,0.62194,1.00000,0.00000,0.00000,0.00000
79.86000,0.62194,0.99998,0.00000,0.00000,0.00002
80.19000,0.62193,0.99995,0.00000,0.00000,0.00005
80.52000,0.62194,0.99998,0.00000,0.00000,0.00001
80.85000,0.62194,0.99999,0.00000,0.00000,0.00001
81.18000,0.62194,1.00000,0.00000,0.00000,0.00000
81.51000,0.62193,0.99999,0.00000,0.00000,0.00001
81.84000,0.62194,1.00000,0.00000,0.00000,0.00000
82.17000,0.62194,1.00000,0.00000,0.00000,0.00000
82.50000,0.62194,0.99996,0.00000,0.00000,0.00004
82.83000,0.62193,0.99997,0.00000,0.00000,0.00003
83.16000,0.62193,0.99999,0.00000,0.00000,0.00001
83.49000,0.62194,0.99999,0.00000,0.00000,0.00000
83.82000,0.62194,1.00000,0.00000,0.00000,0.00000
84.15000,0.62193,1.00000,0.00000,0.00000,0.00000
84.48000,0.62193,0.99998,0.00000,0.00000,0.00002
84.81000,0.62194,0.99999,0.00000,0.00000,0.00000
85.14000,0.62194,1.00000,0.00000,0.00000,0.00000
85.47000,0.62193,0.99999,0.00000,0.00000,0.00001
85.80000,0.62193,0.99999,0.00000,0.00000,0.00001
86.13000,0.62194,0.99999,0.00000,0.00000,0.00001
86.46000,0.62194,1.00000,0.00000,0.00000,0.00000
86.79000,0.62193,1.00000,0.00000,0.00000,0.00000
87.12000,0.62193,0.99998,0.00000,0.00000,0.00002
87.45000,0.62194,0.99983,0.00000,0.00000,0.00016
87.78000,0.62194,0.99946,0.00000,0.00000,0.00053
88.11000,0.62194,0.99959,0.00000,0.00001,0.00040
88.44000,0.62193,0.99959,0.00000,0.00000,0.00040
88.77000,0.62194,0.99993,0.00000,0.00000,0.00007
89.10000,0.62194,0.99993,0.00000,0.00000,0.00007
89.43000,0.62194,0.99995,0.00000,0.00000,0.00005
89.76000,0.62193,0.99995,0.00000,0.00000,0.00004
90.09000,0.62194,0.99998,0.00000,0.00000,0.00002
90.42000,0.62194,0.99994,0.00000,0.00000,0.00005
90.75000,0.62194,0.99996,0.00001,0.00002,0.00001
91.08000,0.62193,0.99999,0.00000,0.00000,0.00001
91.41000,0.62193,0.99999,0.00000,0.00000,0.00001
91.74000,0.62194,1.00000,0.00000,0.00000,0.00000
92.07000,0.62194,0.99998,0.00000,0.00001,0.00001
92.40000,0.62193,0.99999,0.00000,0.00000,0.00001
92.73000,0.62193,0.99999,0.00000,0.00000,0.00001
93.06000,0.62194,0.99997,0.00000,0.00000,0.00003
93.39000,0.62194,0.99999,0.00000,0.00000,0.00000
93.72000,0.62193,1.00000,0.00000,0.00000,0.00000
94.05000,0.62193,0.99989,0.00000,0.00000,0.00011
94.38000,0.62194,0.99988,0.00000,0.00000,0.00012
94.71000,0.62194,0.99996,0.00000,0.00000,0.00004
95.04000,0.62193,0.99996,0.00000,0.00000,0.00003
95.37000,0.62193,0.99997,0.00000,0.00000,0.00003
95.70000,0.62194,0.99995,0.00000,0.00000,0.00004
96.03000,0.62194,0.99981,0.00000,0.00000,0.00018
96.36000,0.62194,0.99968,0.00001,0.00001,0.00031
96.69000,0.62193,0.99862,0.00002,0.00003,0.00133
97.02000,0.62194,0.99711,0.00024,0.00004,0.00261
97.35000,0.62194,0.99445,0.00037,0.00002,0.00516
97.68000,0.62194,0.97508,0.00004,0.00003,0.02485
98.01000,0.62193,0.99332,0.00001,0.00002,0.00665
98.34000,0.62194,0.99985,0.00000,0.00000,0.00014
98.67000,0.62194,0.99998,0.00000,0.00000,0.00002
99.00000,0.62194,0.99998,0.00000,0.00000,0.00002
99.33000,0.62193,0.99989,0.00000,0.00000,0.00010
99.66000,0.62193,0.99978,0.00000,0.00000,0.00022
99.99000,0.62194,0.99986,0.00000,0.00000,0.00013
100.32000,0.62194,0.99991,0.00001,0.00001,0.00008
100.65000,0.62193,0.99988,0.00000,0.00000,0.00012
100.98000,0.62193,0.99976,0.00000,0.00000,0.00024
101.31000,0.62194,0.99998,0.00000,0.00000,0.00002
101.64000,0.62194,0.99999,0.00000,0.00000,0.00001
101.97000,0.62193,0.99988,0.00000,0.00000,0.00011
102.30000,0.62193,0.99987,0.00000,0.00000,0.00012
102.63000,0.62194,0.99925,0.00000,0.00000,0.00074
102.96000,0.62194,0.99980,0.00000,0.00000,0.00020
103.29000,0.62193,0.99998,0.00000,0.00000,0.00002
103.62000,0.62193,0.99998,0.00000,0.00000,0.00001
103.95000,0.62194,0.99983,0.00000,0.00000,0.00017
104.28000,0.62194,0.99985,0.00000,0.00000,0.00015
104.61000,0.62194,0.99163,0.00009,0.00160,0.00668
104.94000,0.62193,0.99872,0.00000,0.00002,0.00126
105.27000,0.62194,0.99990,0.00000,0.00000,0.00010
105.60000,0.62194,1.00000,0.00000,0.00000,0.00000
105.93000,0.62194,0.99999,0.00000,0.00000,0.00000
106.26000,0.62193,0.99999,0.00000,0.00000,0.00001
106.59000,0.62194,1.00000,0.00000,0.00000,0.00000
106.92000,0.62194,0.99999,0.00000,0.00000,0.00001
107.25000,0.62194,0.99998,0.00000,0.00000,0.00001
107.58000,0.62193,0.99998,0.00000,0.00000,0.00001
107.91000,0.62193,0.99997,0.00000,0.00000,0.00002
108.24000,0.62194,0.99991,0.00000,0.00000,0.00008
108.57000,0.62194,0.99997,0.00000,0.00000,0.00003
108.90000,0.62193,0.99999,0.00000,0.00000,0.00001
109.23000,0.62193,0.99998,0.00000,0.00000,0.00002
109.56000,0.62194,0.99999,0.00000,0.00000,0.00001
109.89000,0.62194,0.99998,0.00000,0.00000,0.00002
110.22000,0.62193,0.99989,0.00001,0.00001,0.00009
110.55000,0.62193,0.99999,0.00000,0.00000,0.00001
110.88000,0.62194,0.99995,0.00000,0.00000,0.00005
111.21000,0.62194,0.99990,0.00000,0.00000,0.00010
111.54000,0.62193,0.99997,0.00000,0.00000,0.00003
111.87000,0.62193,0.99994,0.00000,0.00000,0.00005
112.20000,0.62194,0.99976,0.00000,0.00001,0.00023
112.53000,0.62194,0.99999,0.00000,0.00000,0.00001
112.86000,0.62194,0.99999,0.00000,0.00000,0.00001
113.19000,0.62193,0.99996,0.00000,0.00000,0.00003
113.52000,0.62194,0.99999,0.00000,0.00000,0.00001
113.85000,0.62194,0.99998,0.00000,0.00000,0.00002
114.18000,0.62194,0.99999,0.00000,0.00000,0.00000
114.51000,0.62193,0.99998,0.00000,0.00000,0.00002
114.84000,0.62194,0.99999,0.00000,0.00000,0.00001
115.17000,0.62194,0.99998,0.00000,0.00000,0.00002
115.50000,0.62194,0.99999,0.00000,0.00000,0.00001
115.83000,0.62193,1.00000,0.00000,0.00000,0.00000
116.16000,0.62193,0.99997,0.00000,0.00000,0.00003
116.49000,0.62194,0.99994,0.00000,0.00000,0.00006
116.82000,0.62194,0.99995,0.00000,0.00000,0.00005
117.15000,0.62193,0.99805,0.00003,0.00016,0.00175
117.48000,0.62193,0.99987,0.00000,0.00000,0.00013
117.81000,0.62194,0.99996,0.00000,0.00000,0.00004
118.14000,0.62194,0.99970,0.00001,0.00001,0.00028
118.47000,0.62193,0.99988,0.00000,0.00000,0.00011
118.80000,0.62193,1.00000,0.00000,0.00000,0.00000
119.13000,0.62194,1.00000,0.00000,0.00000,0.00000
119.46000,0.62194,0.99991,0.00000,0.00000,0.00009
119.79000,0.62193,0.99997,0.00000,0.00000,0.00003
120.12000,0.62193,1.00000,0.00000,0.00000,0.00000
120.45000,0.62194,0.99997,0.00000,0.00000,0.00003
120.78000,0.62194,0.99998,0.00000,0.00000,0.00002
121.11000,0.62194,0.99999,0.00000,0.00000,0.00001
121.44000,0.62193,0.99991,0.00000,0.00000,0.00008
121.77000,0.62194,0.99977,0.00000,0.00000,0.00022
122.10000,0.62194,0.99999,0.00000,0.00000,0.00001
122.43000,0.62194,0.99996,0.00000,0.00000,0.00003
122.76000,0.62193,0.99993,0.00000,0.00000,0.00006
123.09000,0.62194,0.99981,0.00000,0.00000,0.00019
123.42000,0.62194,0.99990,0.00000,0.00000,0.00010
123.75000,0.62194,0.99989,0.00000,0.00000,0.00010
124.08000,0.62193,0.99963,0.00000,0.00001,0.00036
124.41000,0.62193,0.99959,0.00000,0.00001,0.00040
124.74000,0.62194,0.99960,0.00000,0.00001,0.00040
125.07000,0.62194,0.99984,0.00000,0.00000,0.00015
125.40000,0.62193,0.99999,0.00000,0.00000,0.00001
125.73000,0.62193,0.99998,0.00000,0.00000,0.00002
126.06000,0.62194,0.99991,0.00002,0.00002,0.00006
126.39000,0.62194,0.99950,0.00000,0.00001,0.00049
126.72000,0.62193,0.99999,0.00000,0.00000,0.00001
127.05000,0.62193,0.99999,0.00000,0.00000,0.00001
127.38000,0.62194,0.99999,0.00000,0.00000,0.00001
127.71000,0.62194,0.99992,0.00000,0.00000,0.00008
128.03999,0.62195,0.99987,0.00001,0.00001,0.00011
128.37000,0.62195,0.99998,0.00000,0.00000,0.00002
128.70000,0.62193,0.99993,0.00000,0.00000,0.00007
129.03000,0.62193,0.99977,0.00000,0.00000,0.00022
129.36000,0.62193,0.99990,0.00000,0.00001,0.00010
129.69000,0.62193,0.99862,0.00000,0.00001,0.00137
130.02000,0.62193,0.99972,0.00000,0.00001,0.00027
130.35001,0.62193,0.99984,0.00000,0.00000,0.00015
130.67999,0.62195,0.99961,0.00000,0.00000,0.00039
131.00999,0.62195,0.99993,0.00000,0.00000,0.00007
131.34000,0.62195,0.99994,0.00000,0.00000,0.00005
131.67000,0.62193,0.99989,0.00000,0.00000,0.00010
132.00000,0.62193,0.99867,0.00000,0.00001,0.00133
132.33000,0.62193,0.99983,0.00000,0.00000,0.00016
132.66000,0.62193,0.99993,0.00000,0.00000,0.00007
132.99001,0.62193,0.99714,0.00000,0.00000,0.00286
133.32001,0.62193,0.99997,0.00000,0.00000,0.00003
133.64999,0.62195,0.99999,0.00000,0.00000,0.00001
133.98000,0.62195,1.00000,0.00000,0.00000,0.00000
134.31000,0.62193,0.99999,0.00000,0.00000,0.00001
134.64000,0.62193,0.99997,0.00000,0.00000,0.00003
134.97000,0.62193,0.99993,0.00000,0.00000,0.00006
135.30000,0.62193,0.99998,0.00000,0.00000,0.00002
135.63000,0.62193,0.99998,0.00000,0.00000,0.00002
135.96001,0.62193,0.99978,0.00000,0.00000,0.00021
136.28999,0.62195,0.99981,0.00000,0.00000,0.00019
136.62000,0.62195,0.99979,0.00000,0.00000,0.00021
136.95000,0.62193,0.99994,0.00000,0.00000,0.00005
137.28000,0.62193,0.99997,0.00000,0.00000,0.00003
137.61000,0.62193,0.99978,0.00000,0.00000,0.00022
137.94000,0.62193,0.99880,0.00000,0.00000,0.00119
138.27000,0.62193,0.99901,0.00000,0.00001,0.00098
138.60001,0.62193,0.99907,0.00000,0.00000,0.00092
138.92999,0.62195,0.99990,0.00000,0.00002,0.00008
139.25999,0.62195,0.99998,0.00000,0.00000,0.00002
139.59000,0.62195,0.99995,0.00000,0.00000,0.00004
139.92000,0.62193,0.99997,0.00000,0.00000,0.00003
140.25000,0.62193,0.99995,0.00000,0.00000,0.00005
140.58000,0.62193,0.99942,0.00000,0.00000,0.00057
140.91000,0.62193,0.99983,0.00000,0.00000,0.00017
141.24001,0.62193,0.99997,0.00000,0.00000,0.00003
141.57001,0.62193,0.99984,0.00000,0.00000,0.00016
141.89999,0.62195,0.99960,0.00000,0.00001,0.00039
142.23000,0.62195,0.99909,0.00000,0.00001,0.00090
142.56000,0.62193,0.99849,0.00001,0.00001,0.00149
142.89000,0.62193,0.99978,0.00000,0.00000,0.00022
143.22000,0.62193,0.99958,0.00000,0.00001,0.00040
143.55000,0.62193,0.99931,0.00000,0.00001,0.00068
143.88000,0.62193,0.99616,0.00000,0.00001,0.00383
144.21001,0.62193,0.99953,0.00000,0.00000,0.00046
144.53999,0.62195,0.99940,0.00000,0.00000,0.00059
144.87000,0.62195,0.99995,0.00000,0.00000,0.00005
145.20000,0.62193,0.99959,0.00000,0.00001,0.00040
145.53000,0.62193,0.99950,0.00000,0.00001,0.00049
145.86000,0.62193,0.99891,0.00000,0.00000,0.00108
146.19000,0.62193,0.99928,0.00000,0.00001,0.00071
146.52000,0.62193,0.99987,0.00000,0.00000,0.00013
146.85001,0.62193,0.99997,0.00000,0.00000,0.00003
147.17999,0.62195,0.99990,0.00003,0.00004,0.00004
147.50999,0.62195,0.99986,0.00000,0.00001,0.00014
147.84000,0.62195,0.99974,0.00000,0.00000,0.00025
148.17000,0.62193,0.99979,0.00000,0.00000,0.00021
148.50000,0.62193,0.99994,0.00000,0.00000,0.00005
148.83000,0.62193,0.99997,0.00000,0.00000,0.00003
149.16000,0.62193,0.99990,0.00000,0.00000,0.00009
149.49001,0.62193,0.99996,0.00000,0.00000,0.00004
149.82001,0.62193,0.99988,0.00000,0.00000,0.00011
150.14999,0.62195,0.99996,0.00000,0.00000,0.00004
150.48000,0.62195,0.99988,0.00000,0.00000,0.00012
150.81000,0.62193,0.99897,0.00000,0.00001,0.00102
151.14000,0.62193,0.99998,0.00000,0.00000,0.00001
151.47000,0.62193,0.99997,0.00000,0.00000,0.00003
151.80000,0.62193,0.99999,0.00000,0.00000,0.00001
152.13000,0.62193,0.99995,0.00000,0.00000,0.00005
152.46001,0.62193,0.99997,0.00000,0.00000,0.00003
152.78999,0.62195,0.99999,0.00000,0.00000,0.00000
153.12000,0.62195,0.99998,0.00000,0.00000,0.00002
153.45000,0.62193,0.99997,0.00000,0.00000,0.00003
153.78000,0.62193,0.99999,0.00000,0.00000,0.00001
154.11000,0.62193,0.99999,0.00000,0.00000,0.00000
154.44000,0.62193,0.99999,0.00000,0.00000,0.00000
154.77000,0.62193,0.99980,0.00000,0.00000,0.00020
155.10001,0.62193,1.00000,0.00000,0.00000,0.00000
155.42999,0.62195,0.99999,0.00000,0.00000,0.00001
155.75999,0.62195,0.99997,0.00000,0.00000,0.00003
156.09000,0.62195,0.99986,0.00000,0.00000,0.00014
156.42000,0.62193,0.99975,0.00000,0.00000,0.00025
156.75000,0.62193,0.99994,0.00001,0.00001,0.00004
157.08000,0.62193,0.99996,0.00000,0.00000,0.00004
157.41000,0.62193,0.99999,0.00000,0.00000,0.00001
157.74001,0.62193,0.99996,0.00000,0.00000,0.00004
158.07001,0.62193,0.99999,0.00000,0.00000,0.00000
158.39999,0.62195,0.99994,0.00001,0.00001,0.00005
158.73000,0.62195,0.99997,0.00000,0.00000,0.00003
159.06000,0.62193,0.99996,0.00000,0.00000,0.00004
159.39000,0.62193,1.00000,0.00000,0.00000,0.00000
159.72000,0.62193,0.99999,0.00000,0.00000,0.00001
160.05000,0.62193,0.99998,0.00000,0.00000,0.00002
160.38000,0.62193,0.99997,0.00000,0.00001,0.00002
160.71001,0.62193,0.99982,0.00000,0.00000,0.00017
161.03999,0.62195,0.99965,0.00000,0.00000,0.00035
161.37000,0.62195,0.99983,0.00000,0.00000,0.00017
161.70000,0.62193,0.99976,0.00000,0.00001,0.00023
162.03000,0.62193,0.99995,0.00000,0.00000,0.00005
162.36000,0.62193,0.99980,0.00000,0.00000,0.00020
162.69000,0.62193,0.99948,0.00000,0.00000,0.00051
163.02000,0.62193,0.99940,0.00000,0.00001,0.00059
163.35001,0.62193,0.99974,0.00000,0.00000,0.00025
163.67999,0.62195,0.99959,0.00000,0.00000,0.00040
164.00999,0.62195,0.99985,0.00000,0.00000,0.00015
164.34000,0.62195,0.99991,0.00000,0.00000,0.00009
164.67000,0.62193,0.99996,0.00000,0.00000,0.00004
165.00000,0.62193,0.99997,0.00000,0.00000,0.00003
165.33000,0.62193,0.99992,0.00000,0.00000,0.00008
165.66000,0.62193,0.99999,0.00000,0.00000,0.00001
165.99001,0.62193,0.99996,0.00000,0.00000,0.00004
166.32001,0.62193,0.99990,0.00000,0.00000,0.00009
166.64999,0.62195,0.99997,0.00000,0.00000,0.00003
166.98000,0.62195,1.00000,0.00000,0.00000,0.00000
167.31000,0.62193,1.00000,0.00000,0.00000,0.00000
167.64000,0.62193,0.99990,0.00000,0.00000,0.00010
167.97000,0.62193,0.99997,0.00000,0.00000,0.00003
168.30000,0.62193,0.99997,0.00000,0.00000,0.00002
168.63000,0.62193,0.99999,0.00000,0.00000,0.00001
168.96001,0.62193,0.99999,0.00000,0.00000,0.00000
169.28999,0.62195,1.00000,0.00000,0.00000,0.00000
169.62000,0.62195,0.99999,0.00000,0.00000,0.00001
169.95000,0.62193,0.99994,0.00000,0.00000,0.00005
170.28000,0.62193,0.99989,0.00000,0.00000,0.00010
170.61000,0.62193,0.99996,0.00000,0.00000,0.00004
170.94000,0.62193,0.99992,0.00000,0.00000,0.00008
171.27000,0.62193,0.99999,0.00000,0.00000,0.00001
171.60001,0.62193,1.00000,0.00000,0.00000,0.00000
171.92999,0.62195,1.00000,0.00000,0.00000,0.00000
172.25999,0.62195,0.99999,0.00000,0.00000,0.00001
172.59000,0.62195,0.99997,0.00000,0.00000,0.00003
172.92000,0.62193,0.99999,0.00000,0.00000,0.00001
173.25000,0.62193,1.00000,0.00000,0.00000,0.00000
173.58000,0.62193,0.99998,0.00000,0.00000,0.00001
173.91000,0.62193,0.99993,0.00000,0.00000,0.00006
174.24001,0.62193,0.99979,0.00000,0.00000,0.00021
174.57001,0.62193,0.99995,0.00000,0.00000,0.00005
174.89999,0.62195,0.99995,0.00000,0.00000,0.00005
175.23000,0.62195,0.99981,0.00000,0.00000,0.00018
175.56000,0.62193,0.99998,0.00000,0.00000,0.00002
175.89000,0.62193,0.99995,0.00000,0.00000,0.00005
176.22000,0.62193,0.99994,0.00000,0.00000,0.00006
176.55000,0.62193,0.99998,0.00000,0.00000,0.00001
176.88000,0.62193,0.99999,0.00000,0.00000,0.00001
177.21001,0.62193,0.99986,0.00000,0.00000,0.00014
177.53999,0.62195,0.99984,0.00000,0.00000,0.00016
177.87000,0.62195,0.99994,0.00000,0.00000,0.00005
178.20000,0.62193,0.99999,0.00000,0.00000,0.00001
178.53000,0.62193,0.99997,0.00000,0.00000,0.00003
178.86000,0.62193,0.99999,0.00000,0.00000,0.00001
179.19000,0.62193,0.99999,0.00000,0.00000,0.00001
179.52000,0.62193,0.99998,0.00000,0.00000,0.00002
179.85001,0.62193,0.99997,0.00000,0.00000,0.00003
180.17999,0.62195,0.99995,0.00000,0.00000,0.00004
180.50999,0.62195,0.99969,0.00000,0.00001,0.00030
180.84000,0.62195,0.99984,0.00000,0.00000,0.00016
181.17000,0.62193,0.99995,0.00000,0.00000,0.00004
181.50000,0.62193,0.99998,0.00000,0.00000,0.00002
181.83000,0.62193,0.99998,0.00000,0.00000,0.00002
182.16000,0.62193,0.99998,0.00000,0.00000,0.00001
182.49001,0.62193,0.99997,0.00000,0.00000,0.00003
182.82001,0.62193,0.99961,0.00000,0.00001,0.00038
183.14999,0.62195,0.99979,0.00000,0.00000,0.00021
183.48000,0.62195,0.99986,0.00000,0.00000,0.00013
183.81000,0.62193,0.99985,0.00000,0.00000,0.00015
184.14000,0.62193,0.99965,0.00000,0.00000,0.00034
184.47000,0.62193,0.99970,0.00000,0.00000,0.00030
184.80000,0.62193,0.99980,0.00000,0.00000,0.00019
185.13000,0.62193,0.99963,0.00000,0.00000,0.00036
185.46001,0.62193,0.99977,0.00000,0.00000,0.00022
185.78999,0.62195,0.99956,0.00000,0.00000,0.00043
186.12000,0.62195,0.99911,0.00001,0.00001,0.00088
186.45000,0.62193,0.99980,0.00000,0.00000,0.00020
186.78000,0.62193,0.99992,0.00000,0.00000,0.00008
187.11000,0.62193,0.99992,0.00000,0.00000,0.00008
187.44000,0.62193,0.99997,0.00000,0.00000,0.00003
187.77000,0.62193,0.99999,0.00000,0.00000,0.00001
188.10001,0.62193,0.99999,0.00000,0.00000,0.00001
188.42999,0.62195,0.99994,0.00000,0.00000,0.00005
188.75999,0.62195,0.99996,0.00000,0.00000,0.00004
189.09000,0.62195,0.99998,0.00000,0.00000,0.00002
189.42000,0.62193,1.00000,0.00000,0.00000,0.00000
189.75000,0.62193,0.99999,0.00000,0.00000,0.00001
190.08000,0.62193,0.99995,0.00000,0.00000,0.00005
190.41000,0.62193,0.99999,0.00000,0.00000,0.00001
190.74001,0.62193,0.99998,0.00000,0.00000,0.00001
191.07001,0.62193,0.99998,0.00000,0.00000,0.00002
191.39999,0.62195,0.99997,0.00000,0.00000,0.00003
191.73000,0.62195,0.99995,0.00000,0.00000,0.00005
192.06000,0.62193,0.99992,0.00000,0.00000,0.00007
192.39000,0.62193,0.99991,0.00000,0.00000,0.00009
192.72000,0.62193,0.99999,0.00000,0.00000,0.00001
193.05000,0.62193,0.99994,0.00000,0.00000,0.00005
193.38000,0.62193,0.99944,0.00001,0.00001,0.00055
193.71001,0.62193,0.99980,0.00000,0.00001,0.00020
194.03999,0.62195,0.99966,0.00000,0.00001,0.00034
194.37000,0.62195,0.99991,0.00000,0.00001,0.00008
194.70000,0.62193,0.99869,0.00000,0.00001,0.00130
195.03000,0.62193,0.99966,0.00000,0.00000,0.00034
195.36000,0.62193,0.99979,0.00000,0.00000,0.00021
195.69000,0.62193,0.99968,0.00000,0.00001,0.00032
196.02000,0.62193,0.99988,0.00000,0.00000,0.00011
196.35001,0.62193,0.99997,0.00000,0.00000,0.00003
196.67999,0.62195,0.99992,0.00000,0.00000,0.00007
197.00999,0.62195,0.99975,0.00000,0.00000,0.00024
197.34000,0.62195,0.99978,0.00000,0.00000,0.00022
197.67000,0.62193,0.99978,0.00000,0.00000,0.00022
198.00000,0.62193,0.99897,0.00000,0.00001,0.00102
198.33000,0.62193,0.99969,0.00000,0.00000,0.00030
198.66000,0.62193,0.99946,0.00000,0.00000,0.00053
198.99001,0.62193,0.99986,0.00000,0.00000,0.00013
199.32001,0.62193,0.99997,0.00000,0.00000,0.00003
199.64999,0.62195,0.99862,0.00000,0.00001,0.00137
199.98000,0.62195,0.99960,0.00000,0.00001,0.00039
200.31000,0.62193,0.99686,0.00000,0.00001,0.00313
200.64000,0.62193,0.99852,0.00001,0.00001,0.00147
200.97000,0.62193,0.99699,0.00000,0.00001,0.00299
201.30000,0.62193,0.99932,0.00001,0.00000,0.00067
201.63000,0.62193,0.99985,0.00000,0.00000,0.00015
201.96001,0.62193,0.99982,0.00000,0.00000,0.00017
202.28999,0.62195,0.99980,0.00000,0.00000,0.00019
202.62000,0.62195,0.99965,0.00000,0.00000,0.00035
202.95000,0.62193,0.99969,0.00000,0.00000,0.00031
203.28000,0.62193,0.99911,0.00000,0.00001,0.00088
203.61000,0.62193,0.99962,0.00000,0.00000,0.00037
203.94000,0.62193,0.99992,0.00000,0.00000,0.00007
204.27000,0.62193,0.99998,0.00000,0.00000,0.00001
204.60001,0.62193,0.99989,0.00000,0.00001,0.00010
204.92999,0.62195,0.99993,0.00000,0.00000,0.00007
205.25999,0.62195,0.99994,0.00000,0.00000,0.00006
205.59000,0.62195,0.99996,0.00000,0.00000,0.00004
205.92000,0.62193,0.99999,0.00000,0.00000,0.00001
206.25000,0.62193,0.99988,0.00000,0.00000,0.00011
206.58000,0.62193,0.99992,0.00000,0.00000,0.00008
206.91000,0.62193,0.99996,0.00000,0.00000,0.00004
207.24001,0.62193,0.99966,0.00000,0.00000,0.00033
207.57001,0.62193,0.99978,0.00000,0.00000,0.00022
207.89999,0.62195,0.99894,0.00000,0.00000,0.00105
208.23000,0.62195,0.99985,0.00000,0.00000,0.00015
208.56000,0.62193,0.99948,0.00000,0.00001,0.00051
208.89000,0.62193,0.99977,0.00000,0.00000,0.00023
209.22000,0.62193,0.99938,0.00000,0.00000,0.00062
209.55000,0.62193,0.99928,0.00000,0.00000,0.00071
209.88000,0.62193,0.99982,0.00000,0.00000,0.00017
210.21001,0.62193,0.99991,0.00000,0.00000,0.00008
210.53999,0.62195,0.99991,0.00000,0.00000,0.00009
210.87000,0.62195,0.99964,0.00000,0.00001,0.00035
211.20000,0.62193,0.99984,0.00000,0.00000,0.00016
211.53000,0.62193,0.99995,0.00000,0.00000,0.00005
211.86000,0.62193,0.99963,0.00000,0.00001,0.00037
212.19000,0.62193,0.99918,0.00002,0.00002,0.00078
212.52000,0.62193,0.99987,0.00000,0.00000,0.00012
212.85001,0.62193,0.99993,0.00000,0.00000,0.00007
213.17999,0.62195,0.99996,0.00000,0.00000,0.00004
213.50999,0.62195,0.99992,0.00000,0.00000,0.00008
213.84000,0.62195,0.99941,0.00000,0.00000,0.00058
214.17000,0.62193,0.99984,0.00000,0.00001,0.00016
214.50000,0.62193,0.99972,0.00000,0.00000,0.00028
214.83000,0.62193,0.99972,0.00000,0.00001,0.00027
215.16000,0.62193,0.99999,0.00000,0.00000,0.00001
215.49001,0.62193,0.99979,0.00000,0.00001,0.00020
215.82001,0.62193,0.99964,0.00000,0.00000,0.00036
216.14999,0.62195,1.00000,0.00000,0.00000,0.00000
216.48000,0.62195,0.99999,0.00000,0.00000,0.00001
216.81000,0.62193,0.99999,0.00000,0.00000,0.00001
217.14000,0.62193,0.99999,0.00000,0.00000,0.00001
217.47000,0.62193,0.99993,0.00000,0.00000,0.00007
217.80000,0.62193,0.99991,0.00000,0.00000,0.00008
218.13000,0.62193,0.99999,0.00000,0.00000,0.00001
218.46001,0.62193,0.99997,0.00000,0.00000,0.00003
218.78999,0.62195,0.99998,0.00000,0.00000,0.00002
219.12000,0.62195,0.99996,0.00000,0.00000,0.00004
219.45000,0.62193,0.99997,0.00000,0.00001,0.00002
219.78000,0.62193,0.99999,0.00000,0.00000,0.00001
220.11000,0.62193,0.99999,0.00000,0.00000,0.00000
220.44000,0.62193,0.99999,0.00000,0.00000,0.00001
220.77000,0.62193,0.99997,0.00000,0.00000,0.00003
221.10001,0.62193,0.99951,0.00012,0.00021,0.00016
221.42999,0.62195,0.99991,0.00000,0.00000,0.00009
221.75999,0.62195,0.99995,0.00000,0.00000,0.00005
222.09000,0.62195,0.99980,0.00000,0.00000,0.00019
222.42000,0.62193,0.99996,0.00000,0.00000,0.00003
222.75000,0.62193,0.99996,0.00000,0.00000,0.00003
223.08000,0.62193,0.99997,0.00000,0.00000,0.00003
223.41000,0.62193,0.99996,0.00000,0.00000,0.00004
223.74001,0.62193,0.99991,0.00000,0.00000,0.00009
224.07001,0.62193,0.99991,0.00000,0.00000,0.00009
224.39999,0.62195,0.99948,0.00000,0.00001,0.00050
224.73000,0.62195,0.99982,0.00000,0.00001,0.00017
225.06000,0.62193,0.99959,0.00000,0.00001,0.00040
225.39000,0.62193,0.99985,0.00000,0.00000,0.00015
225.72000,0.62193,0.99978,0.00000,0.00001,0.00021
226.05000,0.62193,0.99981,0.00000,0.00000,0.00019
226.38000,0.62193,0.99967,0.00000,0.00000,0.00032
226.71001,0.62193,0.99910,0.00000,0.00001,0.00090
227.03999,0.62195,0.99900,0.00000,0.00002,0.00098
227.37000,0.62195,0.99694,0.00001,0.00002,0.00303
227.70000,0.62193,0.99952,0.00000,0.00001,0.00046
228.03000,0.62193,0.99849,0.00000,0.00000,0.00150
228.36000,0.62193,0.99962,0.00000,0.00001,0.00037
228.69000,0.62193,0.99966,0.00000,0.00001,0.00033
229.02000,0.62193,0.99998,0.00000,0.00000,0.00002
229.35001,0.62193,0.99990,0.00000,0.00000,0.00010
229.67999,0.62195,0.99996,0.00000,0.00000,0.00004
230.00999,0.62195,0.99997,0.00000,0.00000,0.00003
230.34000,0.62195,0.99994,0.00000,0.00000,0.00006
230.67000,0.62193,0.99987,0.00000,0.00000,0.00012
231.00000,0.62193,0.99998,0.00000,0.00000,0.00002
231.33000,0.62193,0.99994,0.00000,0.00000,0.00006
231.66000,0.62193,0.99991,0.00000,0.00000,0.00008
231.99001,0.62193,0.99992,0.00000,0.00000,0.00008
232.32001,0.62193,0.99983,0.00001,0.00001,0.00015
232.64999,0.62195,0.99994,0.00000,0.00000,0.00005
232.98000,0.62195,0.99997,0.00000,0.00000,0.00003
233.31000,0.62193,0.99994,0.00000,0.00000,0.00006
233.64000,0.62193,0.99947,0.00000,0.00000,0.00053
233.97000,0.62193,0.99998,0.00000,0.00000,0.00002
234.30000,0.62193,0.99987,0.00000,0.00000,0.00012
234.63000,0.62193,0.99969,0.00000,0.00000,0.00030
234.96001,0.62193,0.99704,0.00001,0.00005,0.00290
235.28999,0.62195,0.99282,0.00000,0.00004,0.00714
235.62000,0.62195,0.99956,0.00000,0.00003,0.00040
235.95000,0.62193,0.99950,0.00001,0.00002,0.00047
236.28000,0.62193,0.99993,0.00000,0.00000,0.00006
236.61000,0.62193,0.99978,0.00000,0.00000,0.00022
236.94000,0.62193,0.99941,0.00000,0.00000,0.00058
237.27000,0.62193,0.99976,0.00000,0.00000,0.00024
237.60001,0.62193,0.99995,0.00000,0.00000,0.00005
237.92999,0.62195,0.99996,0.00000,0.00000,0.00004
238.25999,0.62195,0.99995,0.00000,0.00000,0.00004
238.59000,0.62195,0.99037,0.00000,0.00001,0.00961
238.92000,0.62193,0.99982,0.00000,0.00000,0.00017
239.25000,0.62193,0.99997,0.00000,0.00000,0.00003
239.58000,0.62193,0.99997,0.00000,0.00000,0.00002
239.91000,0.62193,1.00000,0.00000,0.00000,0.00000
240.24001,0.62193,0.99997,0.00000,0.00000,0.00003
240.57001,0.62193,0.99993,0.00000,0.00000,0.00006
240.89999,0.62195,0.99997,0.00000,0.00000,0.00002
241.23000,0.62195,0.99998,0.00000,0.00000,0.00002
241.56000,0.62193,0.99978,0.00000,0.00000,0.00022
241.89000,0.62193,0.99924,0.00000,0.00001,0.00075
242.22000,0.62193,0.99842,0.00001,0.00001,0.00156
242.55000,0.62193,0.99979,0.00000,0.00000,0.00020
242.88000,0.62193,0.99992,0.00000,0.00001,0.00007
243.21001,0.62193,0.99979,0.00000,0.00001,0.00020
243.53999,0.62195,0.99913,0.00000,0.00001,0.00086
243.87000,0.62195,0.99982,0.00000,0.00001,0.00017
244.20000,0.62193,0.99994,0.00000,0.00000,0.00005
244.53000,0.62193,0.99991,0.00000,0.00000,0.00009
244.86000,0.62193,0.99953,0.00000,0.00000,0.00047
245.19000,0.62193,0.99993,0.00000,0.00000,0.00007
245.52000,0.62193,0.99998,0.00000,0.00000,0.00001
245.85001,0.62193,0.99999,0.00000,0.00000,0.00001
246.17999,0.62195,0.99997,0.00000,0.00000,0.00003
246.50999,0.62195,0.99986,0.00000,0.00000,0.00014
246.84000,0.62195,0.99980,0.00000,0.00001,0.00019
247.17000,0.62193,0.99830,0.00000,0.00001,0.00170
247.50000,0.62193,0.99992,0.00000,0.00001,0.00007
247.83000,0.62193,0.99698,0.00000,0.00001,0.00301
248.16000,0.62193,0.99729,0.00000,0.00001,0.00269
248.49001,0.62193,0.99788,0.00000,0.00001,0.00211
248.82001,0.62193,0.99984,0.00000,0.00000,0.00015
249.14999,0.62195,0.99984,0.00000,0.00000,0.00015
249.48000,0.62195,0.99908,0.00000,0.00001,0.00092
249.81000,0.62193,0.99941,0.00000,0.00001,0.00058
250.14000,0.62193,0.99772,0.00000,0.00001,0.00227
250.47000,0.62193,0.99372,0.00001,0.00001,0.00626
250.80000,0.62193,0.99766,0.00000,0.00001,0.00233
251.13000,0.62193,0.99780,0.00001,0.00001,0.00218
251.46001,0.62193,0.99838,0.00000,0.00001,0.00160
251.78999,0.62195,0.99766,0.00001,0.00001,0.00232
252.12000,0.62195,0.99973,0.00000,0.00000,0.00026
252.45000,0.62193,0.99937,0.00000,0.00001,0.00062
252.78000,0.62193,0.99872,0.00000,0.00001,0.00127
253.11000,0.62193,0.99846,0.00000,0.00001,0.00153
253.44000,0.62193,0.99987,0.00000,0.00000,0.00013
253.77000,0.62193,0.99949,0.00000,0.00000,0.00051
254.10001,0.62193,0.99970,0.00000,0.00000,0.00030
254.42999,0.62195,0.99978,0.00000,0.00000,0.00022
254.75999,0.62195,0.99948,0.00000,0.00001,0.00051
255.09000,0.62195,0.99983,0.00000,0.00000,0.00016
255.42000,0.62193,0.99956,0.00000,0.00000,0.00043
255.75000,0.62195,0.99968,0.00000,0.00000,0.00031
256.07999,0.62195,0.99987,0.00000,0.00000,0.00013
256.41000,0.62195,0.99992,0.00000,0.00000,0.00008
256.73999,0.62195,0.99998,0.00000,0.00000,0.00002
257.07001,0.62192,1.00000,0.00000,0.00000,0.00000
257.39999,0.62195,1.00000,0.00000,0.00000,0.00000
257.73001,0.62192,0.99999,0.00000,0.00000,0.00001
258.06000,0.62195,0.99999,0.00000,0.00000,0.00001
258.39001,0.62192,0.99998,0.00000,0.00000,0.00001
258.72000,0.62195,0.99998,0.00000,0.00000,0.00002
259.04999,0.62195,0.99992,0.00000,0.00000,0.00008
259.38000,0.62192,0.99994,0.00000,0.00000,0.00006
259.70999,0.62195,0.99997,0.00000,0.00000,0.00003
260.04001,0.62192,0.99994,0.00000,0.00000,0.00006
260.37000,0.62195,0.99988,0.00000,0.00000,0.00012
260.70001,0.62192,0.99982,0.00000,0.00000,0.00017
261.03000,0.62195,0.99997,0.00000,0.00000,0.00003
261.35999,0.62195,0.99999,0.00000,0.00000,0.00001
261.69000,0.62195,0.99979,0.00000,0.00001,0.00019
262.01999,0.62195,0.99869,0.00000,0.00001,0.00130
262.35001,0.62192,0.99932,0.00000,0.00001,0.00067
262.67999,0.62195,0.99998,0.00000,0.00000,0.00002
263.01001,0.62192,0.99997,0.00000,0.00000,0.00003
263.34000,0.62195,0.99996,0.00000,0.00000,0.00004
263.67001,0.62192,0.99991,0.00000,0.00000,0.00009
264.00000,0.62195,0.99979,0.00000,0.00000,0.00020
264.32999,0.62195,0.99998,0.00000,0.00000,0.00002
264.66000,0.62195,0.99996,0.00000,0.00000,0.00004
264.98999,0.62195,0.99998,0.00000,0.00000,0.00001
265.32001,0.62192,0.99998,0.00000,0.00000,0.00002
265.64999,0.62195,0.99996,0.00000,0.00000,0.00004
265.98001,0.62192,0.99999,0.00000,0.00000,0.00000
266.31000,0.62195,0.99994,0.00000,0.00001,0.00006
266.64001,0.62192,0.99993,0.00000,0.00000,0.00007
266.97000,0.62195,0.99970,0.00000,0.00000,0.00030
267.29999,0.62195,0.99996,0.00000,0.00001,0.00003
267.63000,0.62192,0.99910,0.00000,0.00001,0.00090
267.95999,0.62195,0.99945,0.00001,0.00031,0.00023
268.29001,0.62192,0.99861,0.00000,0.00001,0.00138
268.62000,0.62195,0.99992,0.00000,0.00000,0.00007
268.95001,0.62192,0.99998,0.00000,0.00000,0.00001
269.28000,0.62195,0.99992,0.00000,0.00000,0.00008
269.60999,0.62195,0.99989,0.00000,0.00000,0.00011
269.94000,0.62195,0.99999,0.00000,0.00000,0.00001
270.26999,0.62195,0.99998,0.00000,0.00000,0.00002
270.60001,0.62192,0.99994,0.00000,0.00000,0.00006
270.92999,0.62195,0.99996,0.00000,0.00000,0.00003
271.26001,0.62192,0.99969,0.00001,0.00002,0.00028
271.59000,0.62195,0.99876,0.00000,0.00001,0.00123
271.92001,0.62192,0.99962,0.00000,0.00001,0.00037
272.25000,0.62195,0.99838,0.00000,0.00000,0.00162
272.57999,0.62195,0.99975,0.00000,0.00000,0.00024
272.91000,0.62195,0.99975,0.00000,0.00000,0.00025
273.23999,0.62195,0.99995,0.00000,0.00000,0.00005
273.57001,0.62192,0.99997,0.00000,0.00000,0.00003
273.89999,0.62195,0.99991,0.00000,0.00001,0.00008
274.23001,0.62192,0.99999,0.00000,0.00000,0.00001
274.56000,0.62195,0.99994,0.00000,0.00000,0.00006
274.89001,0.62192,0.99992,0.00000,0.00000,0.00008
275.22000,0.62195,0.99999,0.00000,0.00000,0.00001
275.54999,0.62195,0.99997,0.00000,0.00000,0.00003
275.88000,0.62192,0.99991,0.00000,0.00000,0.00008
276.20999,0.62195,0.99921,0.00000,0.00001,0.00078
276.54001,0.62192,0.99956,0.00000,0.00001,0.00043
276.87000,0.62195,0.99895,0.00000,0.00001,0.00104
277.20001,0.62192,0.99847,0.00000,0.00001,0.00152
277.53000,0.62195,0.99970,0.00000,0.00000,0.00029
277.85999,0.62195,0.99977,0.00000,0.00000,0.00022
278.19000,0.62195,0.99923,0.00000,0.00001,0.00075
278.51999,0.62195,0.99888,0.00000,0.00001,0.00110
278.85001,0.62192,0.99819,0.00000,0.00001,0.00180
279.17999,0.62195,0.99724,0.00000,0.00001,0.00275
279.51001,0.62192,0.99578,0.00000,0.00001,0.00421
279.84000,0.62195,0.99797,0.00001,0.00001,0.00201
280.17001,0.62192,0.99930,0.00000,0.00000,0.00069
280.50000,0.62195,0.99674,0.00000,0.00001,0.00324
280.82999,0.62195,0.97257,0.00001,0.00038,0.02704
281.16000,0.62195,0.99689,0.00000,0.00003,0.00308
281.48999,0.62195,0.99840,0.00000,0.00000,0.00159
281.82001,0.62192,0.99972,0.00000,0.00001,0.00027
282.14999,0.62195,0.99884,0.00000,0.00001,0.00115
282.48001,0.62192,0.99946,0.00000,0.00000,0.00053
282.81000,0.62195,0.99979,0.00000,0.00000,0.00021
283.14001,0.62192,0.99996,0.00000,0.00000,0.00004
283.47000,0.62195,0.99999,0.00000,0.00000,0.00001
283.79999,0.62195,0.99995,0.00000,0.00000,0.00005
284.13000,0.62192,0.99994,0.00000,0.00000,0.00005
284.45999,0.62195,0.99998,0.00000,0.00000,0.00002
284.79001,0.62192,0.99999,0.00000,0.00000,0.00001
285.12000,0.62195,0.99999,0.00000,0.00000,0.00001
285.45001,0.62192,0.99999,0.00000,0.00000,0.00000
285.78000,0.62195,0.99999,0.00000,0.00000,0.00001
286.10999,0.62195,0.99999,0.00000,0.00000,0.00001
286.44000,0.62195,0.99999,0.00000,0.00000,0.00001
286.76999,0.62195,0.99963,0.00000,0.00000,0.00036
287.10001,0.62192,0.99981,0.00000,0.00000,0.00018
287.42999,0.62195,0.99995,0.00000,0.00000,0.00004
287.76001,0.62192,0.99991,0.00000,0.00000,0.00009
288.09000,0.62195,0.99998,0.00000,0.00000,0.00002
288.42001,0.62192,0.99999,0.00000,0.00000,0.00000
288.75000,0.62195,0.99995,0.00000,0.00000,0.00005
289.07999,0.62195,0.99999,0.00000,0.00000,0.00001
289.41000,0.62195,1.00000,0.00000,0.00000,0.00000
289.73999,0.62195,1.00000,0.00000,0.00000,0.00000
290.07001,0.62192,0.99997,0.00000,0.00000,0.00003
290.39999,0.62195,1.00000,0.00000,0.00000,0.00000
290.73001,0.62192,0.99999,0.00000,0.00000,0.00001
291.06000,0.62195,0.99996,0.00000,0.00000,0.00003
291.39001,0.62192,0.99999,0.00000,0.00000,0.00001
291.72000,0.62195,0.99999,0.00000,0.00000,0.00001
292.04999,0.62195,0.99999,0.00000,0.00000,0.00001
292.38000,0.62192,0.99999,0.00000,0.00000,0.00001
292.70999,0.62195,0.99997,0.00000,0.00000,0.00002
293.04001,0.62192,0.99998,0.00000,0.00000,0.00002
293.37000,0.62195,0.99999,0.00000,0.00000,0.00001
293.70001,0.62192,0.99983,0.00000,0.00000,0.00016
294.03000,0.62195,0.99995,0.00000,0.00000,0.00005
294.35999,0.62195,0.99997,0.00000,0.00000,0.00003
294.69000,0.62195,0.99985,0.00000,0.00000,0.00014
295.01999,0.62195,0.99990,0.00000,0.00000,0.00010
295.35001,0.62192,0.99838,0.00000,0.00001,0.00161
295.67999,0.62195,0.99932,0.00001,0.00001,0.00067
296.01001,0.62192,0.99988,0.00000,0.00000,0.00011
296.34000,0.62195,0.99975,0.00000,0.00000,0.00025
296.67001,0.62192,0.99997,0.00000,0.00000,0.00003
297.00000,0.62195,0.99998,0.00000,0.00000,0.00002
297.32999,0.62195,0.99996,0.00000,0.00000,0.00004
297.66000,0.62195,0.99995,0.00000,0.00000,0.00004
297.98999,0.62195,0.99971,0.00000,0.00001,0.00028
298.32001,0.62192,0.99973,0.00000,0.00000,0.00027
298.64999,0.62195,0.99985,0.00000,0.00000,0.00014
298.98001,0.62192,0.99990,0.00000,0.00000,0.00010
299.31000,0.62195,0.99998,0.00000,0.00000,0.00002
299.64001,0.62192,0.99998,0.00000,0.00000,0.00001
299.97000,0.62195,0.99996,0.00000,0.00000,0.00004
300.29999,0.62195,0.99999,0.00000,0.00000,0.00000
300.63000,0.62192,0.99999,0.00000,0.00000,0.00001
300.95999,0.62195,0.99992,0.00000,0.00000,0.00008
301.29001,0.62192,0.99995,0.00000,0.00000,0.00004
301.62000,0.62195,0.99999,0.00000,0.00000,0.00001
301.95001,0.62192,0.99999,0.00000,0.00000,0.00000
302.28000,0.62195,1.00000,0.00000,0.00000,0.00000
302.60999,0.62195,1.00000,0.00000,0.00000,0.00000
302.94000,0.62195,1.00000,0.00000,0.00000,0.00000
303.26999,0.62195,0.99999,0.00000,0.00000,0.00001
303.60001,0.62192,0.99997,0.00000,0.00000,0.00002
303.92999,0.62195,0.99997,0.00000,0.00000,0.00003
304.26001,0.62192,0.99998,0.00000,0.00000,0.00002
304.59000,0.62195,0.99995,0.00000,0.00000,0.00005
304.92001,0.62192,0.99999,0.00000,0.00000,0.00000
305.25000,0.62195,0.99999,0.00000,0.00000,0.00000
305.57999,0.62195,0.99988,0.00000,0.00000,0.00012
305.91000,0.62195,0.99985,0.00000,0.00000,0.00014
306.23999,0.62195,0.99997,0.00000,0.00000,0.00003
306.57001,0.62192,1.00000,0.00000,0.00000,0.00000
306.89999,0.62195,0.99999,0.00000,0.00000,0.00000
307.23001,0.62192,0.99997,0.00000,0.00000,0.00003
307.56000,0.62195,0.99998,0.00000,0.00000,0.00001
307.89001,0.62192,0.99999,0.00000,0.00000,0.00001
308.22000,0.62195,0.99997,0.00000,0.00000,0.00003
308.54999,0.62195,0.99975,0.00000,0.00000,0.00024
308.88000,0.62192,0.99992,0.00000,0.00000,0.00007
309.20999,0.62195,0.99968,0.00000,0.00001,0.00031
309.54001,0.62192,0.99983,0.00000,0.00000,0.00017
309.87000,0.62195,0.99981,0.00000,0.00000,0.00019
310.20001,0.62192,0.99965,0.00000,0.00000,0.00034
310.53000,0.62195,0.99993,0.00000,0.00000,0.00006
310.85999,0.62195,0.99996,0.00001,0.00001,0.00003
311.19000,0.62195,0.99991,0.00000,0.00001,0.00009
311.51999,0.62195,0.99972,0.00000,0.00000,0.00028
311.85001,0.62192,0.99993,0.00000,0.00000,0.00006
312.17999,0.62195,0.99993,0.00000,0.00000,0.00007
312.51001,0.62192,0.99994,0.00000,0.00000,0.00005
312.84000,0.62195,0.99991,0.00000,0.00000,0.00008
313.17001,0.62192,0.99995,0.00000,0.00000,0.00005
313.50000,0.62195,0.99989,0.00000,0.00000,0.00011
313.82999,0.62195,0.99987,0.00000,0.00000,0.00013
314.16000,0.62195,0.99985,0.00000,0.00000,0.00014
314.48999,0.62195,0.99963,0.00000,0.00000,0.00037
314.82001,0.62192,0.99965,0.00000,0.00000,0.00035
315.14999,0.62195,0.99915,0.00000,0.00001,0.00084
315.48001,0.62192,0.99735,0.00000,0.00000,0.00265
315.81000,0.62195,0.99599,0.00000,0.00001,0.00400
316.14001,0.62192,0.99921,0.00000,0.00000,0.00079
316.47000,0.62195,0.99433,0.00000,0.00001,0.00566
316.79999,0.62195,0.99941,0.00001,0.00001,0.00057
317.13000,0.62192,0.99985,0.00000,0.00001,0.00014
317.45999,0.62195,0.99856,0.00000,0.00001,0.00143
317.79001,0.62192,0.99707,0.00003,0.00001,0.00289
318.12000,0.62195,0.99936,0.00000,0.00000,0.00063
318.45001,0.62192,0.99877,0.00001,0.00001,0.00121
318.78000,0.62195,0.99846,0.00000,0.00000,0.00153
319.10999,0.62195,0.99955,0.00000,0.00001,0.00044
319.44000,0.62195,0.99928,0.00000,0.00001,0.00071
319.76999,0.62195,0.99990,0.00000,0.00000,0.00010
320.10001,0.62192,0.99933,0.00000,0.00001,0.00066
320.42999,0.62195,0.99976,0.00000,0.00000,0.00023
320.76001,0.62192,0.99991,0.00000,0.00000,0.00008
321.09000,0.62195,0.99893,0.00000,0.00001,0.00106
321.42001,0.62192,0.99253,0.00000,0.00000,0.00747
321.75000,0.62195,0.99635,0.00000,0.00004,0.00361
322.07999,0.62195,0.99985,0.00000,0.00000,0.00015
322.41000,0.62195,0.99981,0.00000,0.00000,0.00019
322.73999,0.62195,0.99997,0.00000,0.00001,0.00002
323.07001,0.62192,0.99999,0.00000,0.00000,0.00001
323.39999,0.62195,0.99978,0.00000,0.00002,0.00021
323.73001,0.62192,0.99991,0.00001,0.00003,0.00005
324.06000,0.62195,0.99967,0.00000,0.00000,0.00032
324.39001,0.62192,0.99917,0.00000,0.00001,0.00083
324.72000,0.62195,0.99998,0.00000,0.00000,0.00002
325.04999,0.62195,0.99995,0.00000,0.00000,0.00004
325.38000,0.62192,0.99999,0.00000,0.00000,0.00001
325.70999,0.62195,0.99999,0.00000,0.00000,0.00001
326.04001,0.62192,0.99999,0.00000,0.00000,0.00000
326.37000,0.62195,0.99993,0.00000,0.00000,0.00007
326.70001,0.62192,0.99992,0.00000,0.00000,0.00008
327.03000,0.62195,0.99982,0.00001,0.00002,0.00016
327.35999,0.62195,0.99844,0.00000,0.00001,0.00156
327.69000,0.62195,0.99892,0.00000,0.00001,0.00108
328.01999,0.62195,0.99929,0.00000,0.00001,0.00070
328.35001,0.62192,0.99990,0.00000,0.00000,0.00009
328.67999,0.62195,0.99961,0.00000,0.00001,0.00038
329.01001,0.62192,0.99968,0.00000,0.00000,0.00032
329.34000,0.62195,0.99942,0.00000,0.00000,0.00057
329.67001,0.62192,0.99343,0.00028,0.00150,0.00479
330.00000,0.62195,0.99331,0.00000,0.00002,0.00668
330.32999,0.62195,0.99966,0.00000,0.00000,0.00034
330.66000,0.62195,0.99944,0.00000,0.00001,0.00055
330.98999,0.62195,0.99987,0.00000,0.00000,0.00013
331.32001,0.62192,0.99982,0.00000,0.00000,0.00017
331.64999,0.62195,0.99929,0.00000,0.00001,0.00071
331.98001,0.62192,0.99989,0.00000,0.00000,0.00011
332.31000,0.62195,0.99994,0.00000,0.00000,0.00006
332.64001,0.62192,0.99992,0.00000,0.00000,0.00008
332.97000,0.62195,0.99979,0.00000,0.00000,0.00021
333.29999,0.62195,0.99988,0.00000,0.00000,0.00011
333.63000,0.62192,0.99983,0.00000,0.00000,0.00017
333.95999,0.62195,0.99998,0.00000,0.00000,0.00002
334.29001,0.62192,0.99992,0.00000,0.00000,0.00008
334.62000,0.62195,0.99973,0.00000,0.00000,0.00027
334.95001,0.62192,0.99977,0.00000,0.00000,0.00023
335.28000,0.62195,0.99989,0.00000,0.00001,0.00010
335.60999,0.62195,0.99975,0.00000,0.00000,0.00024
335.94000,0.62195,0.99984,0.00001,0.00002,0.00013
336.26999,0.62195,0.99970,0.00000,0.00001,0.00030
336.60001,0.62192,0.99987,0.00000,0.00000,0.00013
336.92999,0.62195,0.99973,0.00000,0.00000,0.00027
337.26001,0.62192,0.99997,0.00000,0.00001,0.00002
337.59000,0.62195,0.99983,0.00000,0.00001,0.00016
337.92001,0.62192,0.99988,0.00000,0.00000,0.00012
338.25000,0.62195,0.99993,0.00000,0.00000,0.00007
338.57999,0.62195,0.99947,0.00000,0.00001,0.00052
338.91000,0.62195,0.99983,0.00000,0.00001,0.00015
339.23999,0.62195,0.98886,0.00000,0.00003,0.01112
339.57001,0.62192,0.99689,0.00000,0.00001,0.00310
339.89999,0.62195,0.99822,0.00001,0.00001,0.00177
340.23001,0.62192,0.99869,0.00000,0.00001,0.00130
340.56000,0.62195,0.99948,0.00000,0.00001,0.00051
340.89001,0.62192,0.99949,0.00000,0.00001,0.00050
341.22000,0.62195,0.99990,0.00000,0.00000,0.00010
341.54999,0.62195,0.99987,0.00000,0.00000,0.00013
341.88000,0.62192,0.99977,0.00000,0.00000,0.00022
342.20999,0.62195,0.99992,0.00000,0.00000,0.00008
342.54001,0.62192,0.99992,0.00000,0.00000,0.00007
342.87000,0.62195,0.99994,0.00000,0.00000,0.00006
343.20001,0.62192,0.99999,0.00000,0.00000,0.00001
343.53000,0.62195,0.99999,0.00000,0.00000,0.00001
343.85999,0.62195,0.99994,0.00000,0.00000,0.00006
344.19000,0.62195,1.00000,0.00000,0.00000,0.00000
344.51999,0.62195,0.99999,0.00000,0.00000,0.00001
344.85001,0.62192,0.99991,0.00000,0.00000,0.00008
345.17999,0.62195,0.99973,0.00000,0.00000,0.00026
345.51001,0.62192,0.99988,0.00000,0.00000,0.00011
345.84000,0.62195,0.99966,0.00000,0.00000,0.00033
346.17001,0.62192,0.99968,0.00000,0.00000,0.00031
346.50000,0.62195,0.99988,0.00000,0.00000,0.00011
346.82999,0.62195,0.99977,0.00000,0.00000,0.00023
347.16000,0.62195,0.99980,0.00000,0.00000,0.00019
347.48999,0.62195,0.99937,0.00000,0.00000,0.00062
347.82001,0.62192,0.99981,0.00000,0.00000,0.00018
348.14999,0.62195,0.99967,0.00000,0.00000,0.00032
348.48001,0.62192,0.99993,0.00000,0.00000,0.00007
348.81000,0.62195,0.99996,0.00000,0.00000,0.00004
349.14001,0.62192,0.99989,0.00000,0.00000,0.00011
349.47000,0.62195,0.99991,0.00000,0.00000,0.00009
349.79999,0.62195,0.99965,0.00000,0.00000,0.00034
350.13000,0.62192,0.99977,0.00000,0.00001,0.00022
350.45999,0.62195,0.99906,0.00000,0.00001,0.00093
350.79001,0.62192,0.99794,0.00000,0.00001,0.00205
351.12000,0.62195,0.99967,0.00000,0.00000,0.00032
351.45001,0.62192,0.99984,0.00000,0.00001,0.00015
351.78000,0.62195,0.99491,0.00000,0.00003,0.00506
352.10999,0.62195,0.94128,0.00002,0.00005,0.05864
352.44000,0.62195,0.99976,0.00000,0.00000,0.00024
352.76999,0.62195,0.99965,0.00000,0.00001,0.00033
353.10001,0.62192,0.99977,0.00001,0.00000,0.00022
353.42999,0.62195,0.99997,0.00000,0.00000,0.00002
353.76001,0.62192,0.99980,0.00000,0.00000,0.00019
354.09000,0.62195,0.99953,0.00000,0.00001,0.00046
354.42001,0.62192,0.99965,0.00000,0.00001,0.00033
354.75000,0.62195,0.99898,0.00000,0.00001,0.00101
355.07999,0.62195,0.99985,0.00000,0.00000,0.00015
355.41000,0.62195,0.99993,0.00000,0.00000,0.00007
355.73999,0.62195,0.99994,0.00000,0.00000,0.00005
356.07001,0.62192,0.99990,0.00000,0.00000,0.00010
356.39999,0.62195,0.99992,0.00000,0.00000,0.00008
356.73001,0.62192,0.99943,0.00000,0.00001,0.00056
357.06000,0.62195,0.99956,0.00000,0.00000,0.00043
357.39001,0.62192,0.99990,0.00000,0.00000,0.00009
357.72000,0.62195,0.99953,0.00000,0.00001,0.00046
358.04999,0.62195,0.99891,0.00000,0.00000,0.00109
358.38000,0.62192,0.99861,0.00001,0.00001,0.00137
358.70999,0.62195,0.99969,0.00000,0.00000,0.00031
359.04001,0.62192,0.99917,0.00000,0.00001,0.00082
359.37000,0.62195,0.99822,0.00001,0.00001,0.00177
359.70001,0.62192,0.99919,0.00000,0.00000,0.00080
360.03000,0.62195,0.99584,0.00001,0.00001,0.00414
360.35999,0.62195,0.99799,0.00000,0.00001,0.00199
360.69000,0.62195,0.99947,0.00000,0.00000,0.00052
361.01999,0.62195,0.99861,0.00001,0.00001,0.00137
361.35001,0.62192,0.99937,0.00000,0.00000,0.00062
361.67999,0.62195,0.99921,0.00000,0.00000,0.00078
362.01001,0.62192,0.99877,0.00001,0.00001,0.00121
362.34000,0.62195,0.99987,0.00000,0.00000,0.00012
362.67001,0.62192,0.99989,0.00000,0.00000,0.00011
363.00000,0.62195,0.99998,0.00000,0.00000,0.00002
363.32999,0.62195,0.99989,0.00000,0.00000,0.00010
363.66000,0.62195,0.99994,0.00000,0.00000,0.00006
363.98999,0.62195,0.99996,0.00000,0.00000,0.00004
364.32001,0.62192,0.99942,0.00000,0.00000,0.00057
364.64999,0.62195,0.99977,0.00000,0.00000,0.00022
364.98001,0.62192,0.99986,0.00000,0.00000,0.00013
365.31000,0.62195,0.99997,0.00000,0.00000,0.00003
365.64001,0.62192,0.99992,0.00000,0.00000,0.00007
365.97000,0.62195,0.99998,0.00000,0.00000,0.00002
366.29999,0.62195,0.99999,0.00000,0.00000,0.00001
366.63000,0.62192,1.00000,0.00000,0.00000,0.00000
366.95999,0.62195,0.99997,0.00000,0.00000,0.00002
367.29001,0.62192,0.99992,0.00000,0.00000,0.00008
367.62000,0.62195,0.99987,0.00000,0.00000,0.00013
367.95001,0.62192,0.99999,0.00000,0.00000,0.00001
368.28000,0.62195,0.99998,0.00000,0.00000,0.00002
368.60999,0.62195,0.99999,0.00000,0.00000,0.00001
368.94000,0.62195,0.99999,0.00000,0.00000,0.00001
369.26999,0.62195,0.99998,0.00000,0.00000,0.00002
369.60001,0.62192,0.99993,0.00000,0.00000,0.00007
369.92999,0.62195,0.99997,0.00000,0.00000,0.00003
370.26001,0.62192,0.99998,0.00000,0.00000,0.00002
370.59000,0.62195,0.99995,0.00000,0.00000,0.00004
370.92001,0.62192,0.99996,0.00000,0.00000,0.00004
371.25000,0.62195,0.99990,0.00000,0.00000,0.00010
371.57999,0.62195,0.99999,0.00000,0.00000,0.00001
371.91000,0.62195,0.99997,0.00000,0.00000,0.00003
372.23999,0.62195,0.99999,0.00000,0.00000,0.00001
372.57001,0.62192,0.99997,0.00000,0.00000,0.00003
372.89999,0.62195,0.99989,0.00000,0.00000,0.00011
373.23001,0.62192,0.99997,0.00000,0.00000,0.00003
373.56000,0.62195,0.99995,0.00000,0.00000,0.00005
373.89001,0.62192,0.99937,0.00000,0.00000,0.00063
374.22000,0.62195,0.99916,0.00000,0.00000,0.00083
374.54999,0.62195,0.99960,0.00000,0.00000,0.00039
374.88000,0.62192,0.99945,0.00000,0.00001,0.00054
375.20999,0.62195,0.99788,0.00000,0.00001,0.00211
375.54001,0.62192,0.99794,0.00001,0.00001,0.00204
375.87000,0.62195,0.99979,0.00000,0.00000,0.00021
376.20001,0.62192,0.99976,0.00000,0.00000,0.00023
376.53000,0.62195,0.99951,0.00000,0.00000,0.00048
376.85999,0.62195,0.99990,0.00000,0.00000,0.00009
377.19000,0.62195,0.99998,0.00000,0.00000,0.00002
377.51999,0.62195,0.99977,0.00000,0.00000,0.00023
377.85001,0.62192,0.99994,0.00000,0.00000,0.00005
378.17999,0.62195,0.99994,0.00000,0.00000,0.00006
378.51001,0.62192,0.99996,0.00000,0.00000,0.00004
378.84000,0.62195,0.99995,0.00000,0.00000,0.00004
379.17001,0.62192,0.99971,0.00000,0.00001,0.00028
379.50000,0.62195,0.99972,0.00000,0.00000,0.00027
379.82999,0.62195,0.99999,0.00000,0.00000,0.00001
380.16000,0.62195,0.99999,0.00000,0.00000,0.00001
380.48999,0.62195,0.99997,0.00000,0.00000,0.00002
380.82001,0.62192,0.99987,0.00000,0.00000,0.00013
381.14999,0.62195,0.99995,0.00000,0.00000,0.00005
381.48001,0.62192,0.99999,0.00000,0.00000,0.00001
381.81000,0.62195,0.99995,0.00000,0.00000,0.00005
382.14001,0.62192,0.99996,0.00000,0.00000,0.00004
382.47000,0.62195,0.99994,0.00000,0.00000,0.00005
382.79999,0.62195,0.99997,0.00000,0.00000,0.00002
383.13000,0.62192,0.99994,0.00000,0.00001,0.00005
383.45999,0.62195,0.99977,0.00000,0.00000,0.00022
383.79001,0.62192,0.99993,0.00000,0.00000,0.00007
384.12000,0.62195,0.99975,0.00000,0.00000,0.00025
384.45001,0.62192,0.99991,0.00000,0.00000,0.00009
384.78000,0.62195,0.99976,0.00000,0.00000,0.00024
385.10999,0.62195,0.99918,0.00000,0.00001,0.00081
385.44000,0.62195,0.99981,0.00000,0.00000,0.00018
385.76999,0.62195,0.99993,0.00000,0.00000,0.00006
386.10001,0.62192,0.99971,0.00000,0.00001,0.00028
386.42999,0.62195,0.99955,0.00000,0.00001,0.00044
386.76001,0.62192,0.99982,0.00000,0.00000,0.00018
387.09000,0.62195,0.99962,0.00000,0.00000,0.00038
387.42001,0.62192,0.99964,0.00000,0.00000,0.00036
387.75000,0.62195,0.99932,0.00000,0.00001,0.00067
388.07999,0.62195,0.99928,0.00000,0.00001,0.00071
388.41000,0.62195,0.99969,0.00000,0.00000,0.00030
388.73999,0.62195,0.99894,0.00000,0.00001,0.00105
389.07001,0.62192,0.99993,0.00000,0.00000,0.00007
389.39999,0.62195,0.99989,0.00000,0.00000,0.00010
389.73001,0.62192,0.99998,0.00000,0.00000,0.00002
390.06000,0.62195,0.99995,0.00000,0.00000,0.00005
390.39001,0.62192,0.99978,0.00000,0.00000,0.00021
390.72000,0.62195,0.99993,0.00000,0.00000,0.00006
391.04999,0.62195,0.99995,0.00000,0.00000,0.00005
391.38000,0.62192,0.99990,0.00000,0.00000,0.00009
391.70999,0.62195,0.99977,0.00000,0.00000,0.00022
392.04001,0.62192,0.99998,0.00000,0.00000,0.00002
392.37000,0.62195,0.99998,0.00000,0.00000,0.00002
392.70001,0.62192,0.99986,0.00000,0.00000,0.00013
393.03000,0.62195,0.99977,0.00000,0.00000,0.00022
393.35999,0.62195,0.99997,0.00000,0.00000,0.00003
393.69000,0.62195,0.99976,0.00000,0.00000,0.00023
394.01999,0.62195,0.99948,0.00000,0.00001,0.00050
394.35001,0.62192,0.99900,0.00000,0.00001,0.00099
394.67999,0.62195,0.99964,0.00000,0.00000,0.00036
395.01001,0.62192,0.99938,0.00000,0.00001,0.00061
395.34000,0.62195,0.99991,0.00000,0.00000,0.00009
395.67001,0.62192,0.99987,0.00000,0.00000,0.00013
396.00000,0.62195,0.99960,0.00000,0.00000,0.00040
396.32999,0.62195,0.99916,0.00000,0.00001,0.00082
396.66000,0.62195,0.99852,0.00000,0.00001,0.00147
396.98999,0.62195,0.99910,0.00000,0.00001,0.00089
397.32001,0.62192,0.99992,0.00001,0.00000,0.00007
397.64999,0.62195,0.99987,0.00000,0.00000,0.00013
397.98001,0.62192,0.99961,0.00001,0.00001,0.00038
398.31000,0.62195,0.99941,0.00000,0.00000,0.00059
398.64001,0.62192,0.99925,0.00001,0.00001,0.00073
398.97000,0.62195,0.99837,0.00001,0.00001,0.00162
399.29999,0.62195,0.99950,0.00000,0.00000,0.00049
399.63000,0.62192,0.99635,0.00001,0.00002,0.00362
399.95999,0.62195,0.99970,0.00000,0.00000,0.00030
400.29001,0.62192,0.99995,0.00000,0.00000,0.00004
400.62000,0.62195,0.99970,0.00000,0.00000,0.00030
400.95001,0.62192,0.99951,0.00001,0.00001,0.00047
401.28000,0.62195,0.99979,0.00000,0.00000,0.00020
401.60999,0.62195,0.99943,0.00001,0.00001,0.00056
401.94000,0.62195,0.99785,0.00001,0.00001,0.00214
402.26999,0.62195,0.99850,0.00001,0.00001,0.00149
402.60001,0.62192,0.99796,0.00001,0.00001,0.00203
402.92999,0.62195,0.99657,0.00001,0.00001,0.00341
403.26001,0.62192,0.99787,0.00000,0.00001,0.00212
403.59000,0.62195,0.99422,0.00000,0.00001,0.00577
403.92001,0.62192,0.99869,0.00000,0.00001,0.00130
404.25000,0.62195,0.99577,0.00001,0.00001,0.00421
404.57999,0.62195,0.99776,0.00001,0.00001,0.00223
404.91000,0.62195,0.99920,0.00000,0.00001,0.00079
405.23999,0.62195,0.99635,0.00000,0.00001,0.00364
405.57001,0.62192,0.99871,0.00001,0.00001,0.00127
405.89999,0.62195,0.99985,0.00001,0.00000,0.00014
406.23001,0.62192,0.99988,0.00000,0.00000,0.00011
406.56000,0.62195,0.99924,0.00000,0.00000,0.00075
406.89001,0.62192,0.99909,0.00001,0.00001,0.00089
407.22000,0.62195,0.99947,0.00000,0.00001,0.00052
407.54999,0.62195,0.99935,0.00000,0.00001,0.00064
407.88000,0.62192,0.99980,0.00000,0.00000,0.00019
408.20999,0.62195,0.99794,0.00001,0.00001,0.00204
408.54001,0.62192,0.99977,0.00000,0.00000,0.00022
408.87000,0.62195,0.99992,0.00000,0.00000,0.00007
409.20001,0.62192,0.99983,0.00000,0.00000,0.00017
409.53000,0.62195,0.99984,0.00000,0.00000,0.00016
409.85999,0.62195,0.99942,0.00001,0.00003,0.00054
410.19000,0.62195,0.99704,0.00001,0.00002,0.00294
410.51999,0.62195,0.99900,0.00005,0.00001,0.00094
410.85001,0.62192,0.99994,0.00000,0.00000,0.00006
411.17999,0.62195,0.99953,0.00000,0.00001,0.00046
411.51001,0.62192,0.99976,0.00000,0.00001,0.00023
411.84000,0.62195,0.99916,0.00000,0.00000,0.00083
412.17001,0.62192,0.99921,0.00000,0.00001,0.00078
412.50000,0.62195,0.99959,0.00000,0.00001,0.00040
412.82999,0.62195,0.99976,0.00000,0.00001,0.00023
413.16000,0.62195,0.99990,0.00000,0.00000,0.00010
413.48999,0.62195,0.99993,0.00000,0.00000,0.00007
413.82001,0.62192,0.99949,0.00000,0.00001,0.00050
414.14999,0.62195,0.99973,0.00000,0.00001,0.00026
414.48001,0.62192,0.99989,0.00000,0.00000,0.00010
414.81000,0.62195,0.99998,0.00000,0.00000,0.00002
415.14001,0.62192,0.99999,0.00000,0.00000,0.00001
415.47000,0.62195,0.99997,0.00000,0.00000,0.00003
415.79999,0.62195,0.99999,0.00000,0.00000,0.00001
416.13000,0.62192,0.99998,0.00000,0.00000,0.00002
416.45999,0.62195,0.99998,0.00000,0.00000,0.00001
416.79001,0.62192,0.99994,0.00000,0.00000,0.00006
417.12000,0.62195,0.99991,0.00000,0.00000,0.00009
417.45001,0.62192,0.99989,0.00000,0.00000,0.00010
417.78000,0.62195,0.99882,0.00000,0.00001,0.00117
418.10999,0.62195,0.99991,0.00000,0.00000,0.00009
418.44000,0.62195,0.99998,0.00000,0.00000,0.00002
418.76999,0.62195,0.99996,0.00000,0.00000,0.00004
419.10001,0.62192,0.99995,0.00000,0.00000,0.00005
419.42999,0.62195,0.99990,0.00000,0.00000,0.00009
419.76001,0.62192,0.99958,0.00000,0.00000,0.00042
420.09000,0.62195,0.99974,0.00000,0.00001,0.00025
420.42001,0.62192,0.99829,0.00000,0.00001,0.00170
420.75000,0.62195,0.99900,0.00000,0.00001,0.00099
421.07999,0.62195,0.99753,0.00000,0.00001,0.00246
421.41000,0.62195,0.99894,0.00000,0.00001,0.00105
421.73999,0.62195,0.99917,0.00000,0.00001,0.00082
422.07001,0.62192,0.99810,0.00000,0.00001,0.00188
422.39999,0.62195,0.99874,0.00000,0.00000,0.00126
422.73001,0.62192,0.99780,0.00001,0.00001,0.00218
423.06000,0.62195,0.99788,0.00000,0.00001,0.00211
423.39001,0.62192,0.99872,0.00001,0.00001,0.00127
423.72000,0.62195,0.98866,0.00001,0.00002,0.01130
424.04999,0.62195,0.98969,0.00001,0.00001,0.01029
424.38000,0.62192,0.99922,0.00000,0.00001,0.00077
424.70999,0.62195,0.99847,0.00001,0.00001,0.00151
425.04001,0.62192,0.99731,0.00001,0.00001,0.00267
425.37000,0.62195,0.99443,0.00001,0.00002,0.00554
425.70001,0.62192,0.98405,0.00001,0.00003,0.01591
426.03000,0.62195,0.99581,0.00000,0.00001,0.00417
426.35999,0.62195,0.99916,0.00000,0.00001,0.00083
426.69000,0.62195,0.99952,0.00000,0.00000,0.00047
427.01999,0.62195,0.99981,0.00000,0.00000,0.00018
427.35001,0.62192,0.99959,0.00000,0.00000,0.00040
427.67999,0.62195,0.99970,0.00000,0.00001,0.00029
428.01001,0.62192,0.99993,0.00000,0.00000,0.00006
428.34000,0.62195,0.99991,0.00000,0.00000,0.00009
428.67001,0.62192,0.99982,0.00000,0.00000,0.00017
429.00000,0.62195,0.99977,0.00000,0.00000,0.00022
429.32999,0.62195,0.99997,0.00000,0.00000,0.00003
429.66000,0.62195,0.99993,0.00000,0.00000,0.00006
429.98999,0.62195,0.99998,0.00000,0.00000,0.00002
430.32001,0.62192,0.99998,0.00000,0.00000,0.00002
430.64999,0.62195,0.99991,0.00000,0.00000,0.00009
430.98001,0.62192,0.99998,0.00000,0.00000,0.00001
431.31000,0.62195,0.99997,0.00000,0.00000,0.00003
431.64001,0.62192,0.99996,0.00000,0.00000,0.00004
431.97000,0.62195,0.99975,0.00000,0.00000,0.00024
432.29999,0.62195,0.99955,0.00000,0.00000,0.00044
432.63000,0.62192,0.99975,0.00000,0.00001,0.00024
432.95999,0.62195,0.99998,0.00000,0.00000,0.00002
433.29001,0.62192,0.99998,0.00000,0.00000,0.00002
433.62000,0.62195,0.99996,0.00000,0.00000,0.00004
433.95001,0.62192,0.99997,0.00000,0.00000,0.00003
434.28000,0.62195,0.99996,0.00000,0.00000,0.00003
434.60999,0.62195,0.99998,0.00000,0.00000,0.00002
434.94000,0.62195,0.99974,0.00000,0.00001,0.00025
435.26999,0.62195,0.99985,0.00000,0.00000,0.00015
435.60001,0.62192,0.99998,0.00000,0.00000,0.00002
435.92999,0.62195,0.99996,0.00000,0.00000,0.00004
436.26001,0.62192,0.99967,0.00000,0.00000,0.00033
436.59000,0.62195,0.99990,0.00000,0.00000,0.00010
436.92001,0.62192,0.99994,0.00000,0.00000,0.00006
437.25000,0.62195,0.99996,0.00000,0.00000,0.00004
437.57999,0.62195,0.99996,0.00000,0.00000,0.00003
437.91000,0.62195,0.99997,0.00000,0.00000,0.00003
438.23999,0.62195,0.99972,0.00000,0.00000,0.00028
438.57001,0.62192,0.99912,0.00000,0.00001,0.00087
438.89999,0.62195,0.99938,0.00000,0.00001,0.00062
439.23001,0.62192,0.99985,0.00000,0.00000,0.00015
439.56000,0.62195,0.99839,0.00000,0.00001,0.00160
439.89001,0.62192,0.99743,0.00000,0.00001,0.00256
440.22000,0.62195,0.99866,0.00000,0.00001,0.00133
440.54999,0.62195,0.99390,0.00001,0.00002,0.00607
440.88000,0.62192,0.99146,0.00000,0.00001,0.00852
441.20999,0.62195,0.99839,0.00000,0.00001,0.00160
441.54001,0.62192,0.99956,0.00000,0.00001,0.00043
441.87000,0.62195,0.99663,0.00001,0.00002,0.00335
442.20001,0.62192,0.98265,0.00001,0.00004,0.01730
442.53000,0.62195,0.99451,0.00001,0.00001,0.00546
442.85999,0.62195,0.99755,0.00000,0.00001,0.00243
443.19000,0.62195,0.99734,0.00000,0.00001,0.00265
443.51999,0.62195,0.99716,0.00000,0.00001,0.00282
443.85001,0.62192,0.99712,0.00000,0.00001,0.00287
444.17999,0.62195,0.99577,0.00001,0.00001,0.00421
444.51001,0.62192,0.99882,0.00000,0.00001,0.00117
444.84000,0.62195,0.99767,0.00001,0.00001,0.00231
445.17001,0.62192,0.99407,0.00000,0.00001,0.00592
445.50000,0.62195,0.99703,0.00000,0.00001,0.00296
445.82999,0.62195,0.99859,0.00000,0.00001,0.00140
446.16000,0.62195,0.99939,0.00000,0.00000,0.00061
446.48999,0.62195,0.99975,0.00000,0.00000,0.00024
446.82001,0.62192,0.99934,0.00000,0.00001,0.00065
447.14999,0.62195,0.99973,0.00000,0.00001,0.00026
447.48001,0.62192,0.99991,0.00000,0.00000,0.00009
447.81000,0.62195,0.99922,0.00000,0.00001,0.00077
448.14001,0.62192,0.99990,0.00000,0.00000,0.00010
448.47000,0.62195,0.99992,0.00000,0.00000,0.00008
448.79999,0.62195,0.99998,0.00000,0.00000,0.00002
449.13000,0.62192,0.99992,0.00000,0.00000,0.00008
449.45999,0.62195,0.99942,0.00000,0.00001,0.00057
449.79001,0.62192,0.99989,0.00000,0.00000,0.00010
450.12000,0.62195,0.99995,0.00000,0.00000,0.00004
450.45001,0.62192,0.99998,0.00000,0.00000,0.00002
450.78000,0.62195,0.99998,0.00000,0.00000,0.00002
451.10999,0.62195,0.99998,0.00000,0.00000,0.00002
451.44000,0.62195,0.99994,0.00000,0.00000,0.00006
451.76999,0.62195,0.99905,0.00000,0.00001,0.00094
452.10001,0.62192,0.99958,0.00000,0.00000,0.00041
452.42999,0.62195,0.99948,0.00000,0.00001,0.00050
452.76001,0.62192,0.99906,0.00000,0.00001,0.00093
453.09000,0.62195,0.99967,0.00000,0.00000,0.00033
453.42001,0.62192,0.99977,0.00000,0.00000,0.00023
453.75000,0.62195,0.99809,0.00000,0.00001,0.00190
454.07999,0.62195,0.99792,0.00000,0.00001,0.00206
454.41000,0.62195,0.99888,0.00000,0.00001,0.00111
454.73999,0.62195,0.99922,0.00000,0.00001,0.00078
455.07001,0.62192,0.99883,0.00000,0.00001,0.00116
455.39999,0.62195,0.99952,0.00000,0.00001,0.00047
455.73001,0.62192,0.99978,0.00000,0.00000,0.00021
456.06000,0.62195,0.99930,0.00001,0.00001,0.00068
456.39001,0.62192,0.99644,0.00000,0.00001,0.00354
456.72000,0.62195,0.99203,0.00001,0.00001,0.00794
457.04999,0.62195,0.99962,0.00000,0.00001,0.00037
457.38000,0.62192,0.99989,0.00000,0.00000,0.00011
457.70999,0.62195,0.99996,0.00000,0.00000,0.00003
458.04001,0.62192,0.99986,0.00000,0.00000,0.00014
458.37000,0.62195,0.99990,0.00000,0.00001,0.00009
458.70001,0.62192,0.99941,0.00000,0.00001,0.00058
459.03000,0.62195,0.99984,0.00000,0.00000,0.00016
459.35999,0.62195,0.99998,0.00000,0.00000,0.00001
459.69000,0.62195,0.99999,0.00000,0.00000,0.00001
460.01999,0.62195,0.99997,0.00000,0.00000,0.00003
460.35001,0.62192,0.99980,0.00000,0.00000,0.00019
460.67999,0.62195,0.99977,0.00000,0.00001,0.00022
461.01001,0.62192,0.99983,0.00000,0.00001,0.00016
461.34000,0.62195,0.99996,0.00000,0.00000,0.00004
461.67001,0.62192,0.99996,0.00000,0.00000,0.00004
462.00000,0.62195,0.99994,0.00000,0.00000,0.00006
462.32999,0.62195,0.99997,0.00000,0.00000,0.00003
462.66000,0.62195,0.99997,0.00000,0.00000,0.00003
462.98999,0.62195,0.99982,0.00000,0.00001,0.00017
463.32001,0.62192,0.99920,0.00000,0.00001,0.00079
463.64999,0.62195,0.99924,0.00000,0.00001,0.00075
463.98001,0.62192,0.99716,0.00000,0.00001,0.00282
464.31000,0.62195,0.99743,0.00000,0.00001,0.00255
464.64001,0.62192,0.99836,0.00000,0.00001,0.00163
464.97000,0.62195,0.99951,0.00000,0.00001,0.00048
465.29999,0.62195,0.99786,0.00000,0.00001,0.00213
465.63000,0.62192,0.99876,0.00000,0.00001,0.00123
465.95999,0.62195,0.99755,0.00000,0.00002,0.00243
466.29001,0.62192,0.99809,0.00000,0.00001,0.00190
466.62000,0.62195,0.99920,0.00000,0.00001,0.00079
466.95001,0.62192,0.99390,0.00001,0.00001,0.00608
467.28000,0.62195,0.99600,0.00000,0.00001,0.00399
467.60999,0.62195,0.99853,0.00000,0.00001,0.00146
467.94000,0.62195,0.99882,0.00000,0.00001,0.00117
468.26999,0.62195,0.99875,0.00000,0.00001,0.00123
468.60001,0.62192,0.99926,0.00000,0.00001,0.00073
468.92999,0.62195,0.99846,0.00000,0.00001,0.00153
469.26001,0.62192,0.99872,0.00000,0.00001,0.00127
469.59000,0.62195,0.99934,0.00000,0.00001,0.00065
469.92001,0.62192,0.99993,0.00000,0.00000,0.00006
470.25000,0.62195,0.99965,0.00000,0.00000,0.00034
470.57999,0.62195,0.99984,0.00000,0.00000,0.00015
470.91000,0.62195,0.99984,0.00000,0.00000,0.00016
471.23999,0.62195,0.99999,0.00000,0.00000,0.00001
471.57001,0.62192,1.00000,0.00000,0.00000,0.00000
471.89999,0.62195,0.99961,0.00000,0.00001,0.00039
472.23001,0.62192,0.99974,0.00000,0.00000,0.00026
472.56000,0.62195,0.99994,0.00000,0.00000,0.00006
472.89001,0.62192,0.99995,0.00000,0.00000,0.00005
473.22000,0.62195,0.99996,0.00000,0.00000,0.00004
473.54999,0.62195,0.99998,0.00000,0.00000,0.00002
473.88000,0.62192,0.99998,0.00000,0.00000,0.00002
474.20999,0.62195,0.99974,0.00000,0.00000,0.00026
474.54001,0.62192,0.99980,0.00000,0.00000,0.00020
474.87000,0.62195,0.99994,0.00000,0.00000,0.00005
475.20001,0.62192,0.99992,0.00000,0.00000,0.00008
475.53000,0.62195,0.99991,0.00000,0.00000,0.00009
475.85999,0.62195,0.99995,0.00000,0.00000,0.00005
476.19000,0.62195,0.99993,0.00000,0.00000,0.00006
476.51999,0.62195,0.99958,0.00000,0.00001,0.00041
476.85001,0.62192,0.99920,0.00000,0.00001,0.00079
477.17999,0.62195,0.99851,0.00000,0.00001,0.00147
477.51001,0.62192,0.99848,0.00000,0.00001,0.00151
477.84000,0.62195,0.99913,0.00000,0.00000,0.00086
478.17001,0.62192,0.99951,0.00000,0.00000,0.00048
478.50000,0.62195,0.99842,0.00000,0.00001,0.00156
478.82999,0.62195,0.99903,0.00000,0.00001,0.00096
479.16000,0.62195,0.99881,0.00001,0.00001,0.00117
479.48999,0.62195,0.99884,0.00000,0.00001,0.00115
479.82001,0.62192,0.99977,0.00000,0.00000,0.00022
480.14999,0.62195,0.99877,0.00000,0.00001,0.00122
480.48001,0.62192,0.99781,0.00000,0.00001,0.00218
480.81000,0.62195,0.99950,0.00000,0.00001,0.00049
481.14001,0.62192,0.99743,0.00000,0.00001,0.00255
481.47000,0.62195,0.99784,0.00000,0.00001,0.00215
481.79999,0.62195,0.99890,0.00000,0.00000,0.00109
482.13000,0.62192,0.99982,0.00000,0.00000,0.00017
482.45999,0.62195,0.99972,0.00001,0.00001,0.00026
482.79001,0.62192,0.98497,0.00009,0.00004,0.01490
483.12000,0.62195,0.96600,0.00108,0.00061,0.03231
483.45001,0.62192,0.99301,0.00002,0.00003,0.00694
483.78000,0.62195,0.99395,0.00008,0.00001,0.00596
484.10999,0.62195,0.99927,0.00001,0.00000,0.00072
484.44000,0.62195,0.99945,0.00000,0.00000,0.00054
484.76999,0.62195,0.99995,0.00000,0.00000,0.00004
485.10001,0.62192,0.99998,0.00000,0.00000,0.00001
485.42999,0.62195,0.99983,0.00000,0.00001,0.00016
485.76001,0.62192,0.99969,0.00000,0.00000,0.00031
486.09000,0.62195,0.99994,0.00000,0.00000,0.00006
486.42001,0.62192,0.99993,0.00000,0.00000,0.00006
486.75000,0.62195,0.99990,0.00000,0.00000,0.00010
487.07999,0.62195,0.99996,0.00000,0.00000,0.00004
487.41000,0.62195,0.99985,0.00000,0.00000,0.00015
487.73999,0.62195,0.99976,0.00000,0.00000,0.00023
488.07001,0.62192,0.99995,0.00000,0.00000,0.00005
488.39999,0.62195,0.99998,0.00000,0.00000,0.00001
488.73001,0.62192,0.99994,0.00000,0.00000,0.00006
489.06000,0.62195,0.99989,0.00000,0.00000,0.00010
489.39001,0.62192,0.99984,0.00000,0.00000,0.00015
489.72000,0.62195,0.99967,0.00000,0.00000,0.00033
490.04999,0.62195,0.99961,0.00000,0.00000,0.00038
490.38000,0.62192,0.99974,0.00000,0.00001,0.00025
490.70999,0.62195,0.99966,0.00000,0.00001,0.00033
491.04001,0.62192,0.99986,0.00000,0.00000,0.00013
491.37000,0.62195,0.99971,0.00000,0.00001,0.00029
491.70001,0.62192,0.99953,0.00000,0.00001,0.00046
492.03000,0.62195,0.99955,0.00000,0.00001,0.00044
492.35999,0.62195,0.99979,0.00000,0.00000,0.00021
492.69000,0.62195,0.99907,0.00000,0.00001,0.00091
493.01999,0.62195,0.99979,0.00000,0.00000,0.00021
493.35001,0.62192,0.99980,0.00000,0.00000,0.00020
493.67999,0.62195,0.99947,0.00000,0.00001,0.00053
494.01001,0.62192,0.99985,0.00000,0.00000,0.00015
494.34000,0.62195,0.99964,0.00000,0.00001,0.00036
494.67001,0.62192,0.99899,0.00000,0.00001,0.00100
495.00000,0.62195,0.99985,0.00000,0.00000,0.00014
495.32999,0.62195,0.99992,0.00000,0.00000,0.00008
495.66000,0.62195,0.99968,0.00000,0.00000,0.00032
495.98999,0.62195,0.99944,0.00000,0.00000,0.00055
496.32001,0.62192,0.99985,0.00000,0.00001,0.00015
496.64999,0.62195,0.99967,0.00000,0.00001,0.00032
496.98001,0.62192,0.99985,0.00000,0.00000,0.00014
497.31000,0.62195,0.99945,0.00000,0.00001,0.00054
497.64001,0.62192,0.99347,0.00001,0.00001,0.00651
497.97000,0.62195,0.99665,0.00000,0.00001,0.00334
498.29999,0.62195,0.99689,0.00001,0.00001,0.00309
498.63000,0.62192,0.99825,0.00000,0.00001,0.00174
498.95999,0.62195,0.99544,0.00001,0.00002,0.00454
499.29001,0.62192,0.99216,0.00001,0.00002,0.00782
499.62000,0.62195,0.99148,0.00001,0.00003,0.00847
499.95001,0.62192,0.99704,0.00001,0.00001,0.00294
500.28000,0.62195,0.99475,0.00000,0.00001,0.00523
500.60999,0.62195,0.99743,0.00001,0.00001,0.00255
500.94000,0.62195,0.99848,0.00001,0.00001,0.00149
501.26999,0.62195,0.95599,0.00001,0.00003,0.04397
501.60001,0.62192,0.99360,0.00001,0.00001,0.00638
501.92999,0.62195,0.99970,0.00000,0.00000,0.00029
502.26001,0.62192,0.98979,0.00001,0.00003,0.01017
502.59000,0.62195,0.99602,0.00000,0.00001,0.00396
502.92001,0.62192,0.99384,0.00001,0.00001,0.00614
503.25000,0.62195,0.99670,0.00001,0.00001,0.00328
503.57999,0.62195,0.99778,0.00001,0.00001,0.00221
503.91000,0.62195,0.99704,0.00001,0.00001,0.00295
504.23999,0.62195,0.99283,0.00001,0.00001,0.00715
504.57001,0.62192,0.99705,0.00001,0.00001,0.00293
504.89999,0.62195,0.99802,0.00000,0.00001,0.00197
505.23001,0.62192,0.99934,0.00000,0.00001,0.00065
505.56000,0.62195,0.99711,0.00000,0.00001,0.00288
505.89001,0.62192,0.99834,0.00000,0.00001,0.00164
506.22000,0.62195,0.99933,0.00000,0.00000,0.00067
506.54999,0.62195,0.99954,0.00000,0.00001,0.00045
506.88000,0.62192,0.99981,0.00000,0.00000,0.00019
507.20999,0.62195,0.99958,0.00000,0.00001,0.00041
507.54001,0.62192,0.99981,0.00000,0.00000,0.00019
507.87000,0.62195,0.99986,0.00000,0.00001,0.00013
508.20001,0.62192,0.99997,0.00000,0.00000,0.00003
508.53000,0.62195,0.99988,0.00000,0.00000,0.00012
508.85999,0.62195,0.99979,0.00000,0.00001,0.00020
509.19000,0.62195,0.99977,0.00000,0.00000,0.00022
509.51999,0.62195,0.99930,0.00000,0.00001,0.00069
509.85001,0.62192,0.99551,0.00001,0.00001,0.00447
510.17999,0.62195,0.99753,0.00001,0.00001,0.00245
510.51001,0.62192,0.99868,0.00000,0.00001,0.00131
510.84000,0.62195,0.99787,0.00000,0.00001,0.00212
511.17001,0.62192,0.99723,0.00001,0.00001,0.00275
511.50000,0.62195,0.99732,0.00000,0.00001,0.00266
511.82999,0.62198,0.99765,0.00001,0.00001,0.00233
512.15997,0.62195,0.99815,0.00000,0.00001,0.00184
512.48999,0.62195,0.99932,0.00000,0.00000,0.00067
512.82001,0.62195,0.99921,0.00000,0.00001,0.00078
513.15002,0.62189,0.99089,0.00001,0.00002,0.00908
513.47998,0.62195,0.99470,0.00001,0.00001,0.00527
513.81000,0.62195,0.99208,0.00001,0.00002,0.00790
514.14001,0.62195,0.99561,0.00001,0.00001,0.00438
514.46997,0.62195,0.99515,0.00002,0.00001,0.00482
514.79999,0.62195,0.99214,0.00001,0.00001,0.00784
515.13000,0.62195,0.99724,0.00000,0.00001,0.00275
515.46002,0.62189,0.99301,0.00001,0.00002,0.00696
515.78998,0.62195,0.99603,0.00001,0.00001,0.00394
516.12000,0.62195,0.99191,0.00001,0.00002,0.00806
516.45001,0.62195,0.99689,0.00000,0.00001,0.00310
516.78003,0.62189,0.99265,0.00001,0.00002,0.00733
517.10999,0.62195,0.99066,0.00000,0.00001,0.00932
517.44000,0.62195,0.99605,0.00001,0.00001,0.00393
517.77002,0.62195,0.99007,0.00001,0.00001,0.00991
518.09998,0.62195,0.99637,0.00000,0.00001,0.00362
518.42999,0.62195,0.99692,0.00001,0.00001,0.00306
518.76001,0.62195,0.99068,0.00000,0.00002,0.00930
519.09003,0.62189,0.99652,0.00000,0.00001,0.00347
519.41998,0.62195,0.99873,0.00000,0.00001,0.00125
519.75000,0.62195,0.99826,0.00000,0.00001,0.00173
520.08002,0.62195,0.99877,0.00000,0.00001,0.00122
520.40997,0.62195,0.99872,0.00000,0.00001,0.00127
520.73999,0.62195,0.99792,0.00000,0.00001,0.00207
521.07001,0.62195,0.99790,0.00000,0.00001,0.00209
521.40002,0.62189,0.99886,0.00000,0.00001,0.00113
521.72998,0.62195,0.99981,0.00000,0.00000,0.00019
522.06000,0.62195,0.99992,0.00000,0.00000,0.00008
522.39001,0.62195,0.99969,0.00000,0.00000,0.00030
522.71997,0.62195,0.99992,0.00000,0.00000,0.00008
523.04999,0.62195,0.99986,0.00000,0.00000,0.00014
523.38000,0.62195,0.99990,0.00000,0.00000,0.00009
523.71002,0.62189,0.99996,0.00000,0.00000,0.00003
524.03998,0.62195,0.99991,0.00000,0.00000,0.00008
524.37000,0.62195,0.99994,0.00000,0.00000,0.00005
524.70001,0.62195,0.99985,0.00000,0.00001,0.00014
525.03003,0.62189,0.99988,0.00000,0.00000,0.00011
525.35999,0.62195,0.99989,0.00000,0.00000,0.00010
525.69000,0.62195,0.99972,0.00000,0.00001,0.00028
526.02002,0.62195,0.99987,0.00000,0.00000,0.00012
526.34998,0.62195,0.99995,0.00000,0.00000,0.00005
526.67999,0.62195,0.99997,0.00000,0.00000,0.00003
527.01001,0.62195,0.99998,0.00000,0.00000,0.00002
527.34003,0.62189,0.99988,0.00000,0.00001,0.00011
527.66998,0.62195,0.99988,0.00000,0.00000,0.00011
528.00000,0.62195,0.99968,0.00000,0.00000,0.00031
528.33002,0.62195,0.99952,0.00000,0.00001,0.00046
528.65997,0.62195,0.99952,0.00000,0.00001,0.00047
528.98999,0.62195,0.99981,0.00000,0.00000,0.00019
529.32001,0.62195,0.99982,0.00000,0.00001,0.00017
529.65002,0.62189,0.99977,0.00000,0.00000,0.00023
529.97998,0.62195,0.99827,0.00000,0.00001,0.00171
530.31000,0.62195,0.99838,0.00000,0.00001,0.00161
530.64001,0.62195,0.99858,0.00000,0.00001,0.00140
530.96997,0.62195,0.99944,0.00000,0.00000,0.00055
531.29999,0.62195,0.99983,0.00000,0.00001,0.00016
531.63000,0.62195,0.99616,0.00001,0.00002,0.00382
531.96002,0.62189,0.99689,0.00001,0.00001,0.00309
532.28998,0.62195,0.99674,0.00000,0.00001,0.00325
532.62000,0.62195,0.98314,0.00001,0.00002,0.01683
532.95001,0.62195,0.99728,0.00000,0.00001,0.00271
533.28003,0.62189,0.99938,0.00000,0.00001,0.00061
533.60999,0.62195,0.99875,0.00000,0.00001,0.00124
533.94000,0.62195,0.99821,0.00001,0.00001,0.00177
534.27002,0.62195,0.99713,0.00001,0.00001,0.00285
534.59998,0.62195,0.99941,0.00000,0.00001,0.00058
534.92999,0.62195,0.99950,0.00000,0.00000,0.00049
535.26001,0.62195,0.99970,0.00000,0.00000,0.00029
535.59003,0.62189,0.99994,0.00000,0.00000,0.00005
535.91998,0.62195,0.99984,0.00000,0.00000,0.00015
536.25000,0.62195,0.99987,0.00000,0.00000,0.00013
536.58002,0.62195,0.99994,0.00000,0.00000,0.00006
536.90997,0.62195,0.99981,0.00000,0.00000,0.00018
537.23999,0.62195,0.99994,0.00000,0.00000,0.00006
537.57001,0.62195,0.99992,0.00000,0.00000,0.00007
537.90002,0.62189,0.99967,0.00000,0.00000,0.00032
538.22998,0.62195,0.99996,0.00000,0.00000,0.00004
538.56000,0.62195,0.99993,0.00000,0.00000,0.00006
538.89001,0.62195,0.99987,0.00000,0.00000,0.00013
539.21997,0.62195,0.99998,0.00000,0.00000,0.00001
539.54999,0.62195,0.99925,0.00000,0.00001,0.00074
539.88000,0.62195,0.99984,0.00000,0.00000,0.00015
540.21002,0.62189,0.99994,0.00000,0.00000,0.00006
540.53998,0.62195,0.99996,0.00000,0.00000,0.00004
540.87000,0.62195,0.99986,0.00000,0.00000,0.00014
541.20001,0.62195,0.99947,0.00000,0.00001,0.00052
541.53003,0.62189,0.99999,0.00000,0.00000,0.00001
541.85999,0.62195,0.99999,0.00000,0.00000,0.00001
542.19000,0.62195,0.99997,0.00000,0.00000,0.00003
542.52002,0.62195,0.99976,0.00000,0.00000,0.00024
542.84998,0.62195,0.99992,0.00000,0.00000,0.00007
543.17999,0.62195,0.99998,0.00000,0.00000,0.00002
543.51001,0.62195,0.99993,0.00000,0.00000,0.00006
543.84003,0.62189,0.99985,0.00000,0.00000,0.00015
544.16998,0.62195,0.99967,0.00000,0.00000,0.00033
544.50000,0.62195,0.99990,0.00000,0.00000,0.00009
544.83002,0.62195,0.99971,0.00000,0.00001,0.00028
545.15997,0.62195,0.99876,0.00000,0.00001,0.00123
545.48999,0.62195,0.99940,0.00000,0.00000,0.00060
545.82001,0.62195,0.99988,0.00000,0.00000,0.00012
546.15002,0.62189,0.99908,0.00000,0.00001,0.00091
546.47998,0.62195,0.99629,0.00000,0.00001,0.00370
546.81000,0.62195,0.99840,0.00000,0.00001,0.00159
547.14001,0.62195,0.99571,0.00000,0.00001,0.00427
547.46997,0.62195,0.99826,0.00000,0.00001,0.00172
547.79999,0.62195,0.98874,0.00001,0.00003,0.01122
548.13000,0.62195,0.99081,0.00001,0.00002,0.00917
548.46002,0.62189,0.99415,0.00000,0.00001,0.00583
548.78998,0.62195,0.99142,0.00001,0.00001,0.00856
549.12000,0.62195,0.99640,0.00001,0.00001,0.00358
549.45001,0.62195,0.99809,0.00001,0.00001,0.00189
549.78003,0.62189,0.99894,0.00000,0.00001,0.00105
550.10999,0.62195,0.99616,0.00001,0.00001,0.00383
550.44000,0.62195,0.99414,0.00001,0.00001,0.00585
550.77002,0.62195,0.99789,0.00000,0.00001,0.00210
551.09998,0.62195,0.99508,0.00001,0.00002,0.00489
551.42999,0.62195,0.99620,0.00000,0.00001,0.00378
551.76001,0.62195,0.99914,0.00000,0.00001,0.00085
552.09003,0.62189,0.99834,0.00000,0.00001,0.00165
552.41998,0.62195,0.98714,0.00001,0.00002,0.01283
552.75000,0.62195,0.99565,0.00001,0.00001,0.00433
553.08002,0.62195,0.99808,0.00000,0.00001,0.00191
553.40997,0.62195,0.99858,0.00001,0.00001,0.00140
553.73999,0.62195,0.99950,0.00000,0.00000,0.00049
554.07001,0.62195,0.99945,0.00000,0.00001,0.00054
554.40002,0.62189,0.99982,0.00000,0.00000,0.00017
554.72998,0.62195,0.99990,0.00000,0.00000,0.00009
555.06000,0.62195,0.99980,0.00000,0.00000,0.00020
555.39001,0.62195,0.99993,0.00000,0.00000,0.00007
555.71997,0.62195,0.99992,0.00000,0.00000,0.00008
556.04999,0.62195,0.99970,0.00000,0.00000,0.00030
556.38000,0.62195,0.99974,0.00000,0.00000,0.00025
556.71002,0.62189,0.99961,0.00000,0.00001,0.00038
557.03998,0.62195,0.99981,0.00000,0.00000,0.00019
557.37000,0.62195,0.99980,0.00000,0.00001,0.00019
557.70001,0.62195,0.99991,0.00000,0.00000,0.00009
558.03003,0.62189,0.99985,0.00000,0.00000,0.00014
558.35999,0.62195,0.99958,0.00000,0.00000,0.00042
558.69000,0.62195,0.99986,0.00000,0.00000,0.00014
559.02002,0.62195,0.99995,0.00000,0.00000,0.00005
559.34998,0.62195,0.99994,0.00000,0.00000,0.00006
559.67999,0.62195,0.99989,0.00000,0.00000,0.00010
560.01001,0.62195,0.99987,0.00000,0.00001,0.00012
560.34003,0.62189,0.99984,0.00000,0.00000,0.00016
560.66998,0.62195,0.99981,0.00000,0.00000,0.00018
561.00000,0.62195,0.99972,0.00000,0.00000,0.00027
561.33002,0.62195,0.99950,0.00000,0.00001,0.00049
561.65997,0.62195,0.99962,0.00000,0.00000,0.00037
561.98999,0.62195,0.99958,0.00000,0.00000,0.00041
562.32001,0.62195,0.99966,0.00000,0.00000,0.00033
562.65002,0.62189,0.99623,0.00000,0.00001,0.00375
562.97998,0.62195,0.98659,0.00000,0.00002,0.01339
563.31000,0.62195,0.99581,0.00001,0.00001,0.00418
563.64001,0.62195,0.99957,0.00000,0.00000,0.00043
563.96997,0.62195,0.99901,0.00000,0.00001,0.00098
564.29999,0.62195,0.99821,0.00000,0.00001,0.00178
564.63000,0.62195,0.99873,0.00000,0.00001,0.00126
564.96002,0.62189,0.99767,0.00000,0.00001,0.00232
565.28998,0.62195,0.99391,0.00000,0.00002,0.00606
565.62000,0.62195,0.98724,0.00001,0.00002,0.01274
565.95001,0.62195,0.99518,0.00001,0.00001,0.00480
566.28003,0.62189,0.99120,0.00001,0.00001,0.00878
566.60999,0.62195,0.99697,0.00000,0.00001,0.00302
566.94000,0.62195,0.99686,0.00001,0.00001,0.00313
567.27002,0.62195,0.99931,0.00000,0.00001,0.00068
567.59998,0.62195,0.99892,0.00000,0.00001,0.00107
567.92999,0.62195,0.99756,0.00001,0.00001,0.00243
568.26001,0.62195,0.99209,0.00001,0.00002,0.00788
568.59003,0.62189,0.99517,0.00001,0.00001,0.00481
568.91998,0.62195,0.99741,0.00001,0.00002,0.00256
569.25000,0.62195,0.99896,0.00000,0.00001,0.00103
569.58002,0.62195,0.99942,0.00000,0.00001,0.00058
569.90997,0.62195,0.99953,0.00000,0.00001,0.00046
570.23999,0.62195,0.99983,0.00000,0.00000,0.00016
570.57001,0.62195,0.99993,0.00000,0.00000,0.00007
570.90002,0.62189,0.99981,0.00000,0.00000,0.00019
571.22998,0.62195,0.99956,0.00000,0.00001,0.00044
571.56000,0.62195,0.99935,0.00000,0.00001,0.00064
571.89001,0.62195,0.99586,0.00000,0.00001,0.00413
572.21997,0.62195,0.99907,0.00000,0.00001,0.00092
572.54999,0.62195,0.99994,0.00000,0.00000,0.00005
572.88000,0.62195,0.99989,0.00000,0.00000,0.00011
573.21002,0.62189,0.99997,0.00000,0.00000,0.00003
573.53998,0.62195,0.99998,0.00000,0.00000,0.00001
573.87000,0.62195,0.99997,0.00000,0.00000,0.00003
574.20001,0.62195,0.99998,0.00000,0.00000,0.00002
574.53003,0.62189,0.99997,0.00000,0.00000,0.00003
574.85999,0.62195,0.99970,0.00000,0.00000,0.00029
575.19000,0.62195,0.99985,0.00000,0.00000,0.00015
575.52002,0.62195,0.99977,0.00000,0.00000,0.00022
575.84998,0.62195,0.99954,0.00000,0.00000,0.00045
576.17999,0.62195,0.99996,0.00000,0.00000,0.00004
576.51001,0.62195,0.99995,0.00000,0.00000,0.00005
576.84003,0.62189,0.99996,0.00000,0.00000,0.00004
577.16998,0.62195,0.99948,0.00000,0.00001,0.00051
577.50000,0.62195,0.99969,0.00000,0.00001,0.00030
577.83002,0.62195,0.99991,0.00000,0.00000,0.00009
578.15997,0.62195,0.99961,0.00000,0.00001,0.00039
578.48999,0.62195,0.99915,0.00000,0.00001,0.00084
578.82001,0.62195,0.99870,0.00000,0.00001,0.00129
579.15002,0.62189,0.99901,0.00000,0.00001,0.00098
579.47998,0.62195,0.99819,0.00000,0.00001,0.00180
579.81000,0.62195,0.99492,0.00000,0.00002,0.00506
580.14001,0.62195,0.99724,0.00000,0.00001,0.00274
580.46997,0.62195,0.99699,0.00000,0.00001,0.00300
580.79999,0.62195,0.99025,0.00001,0.00001,0.00973
581.13000,0.62195,0.98548,0.00001,0.00002,0.01448
581.46002,0.62189,0.99045,0.00000,0.00002,0.00953
581.78998,0.62195,0.99822,0.00001,0.00001,0.00177
582.12000,0.62195,0.99879,0.00001,0.00001,0.00119
582.45001,0.62195,0.99105,0.00002,0.00002,0.00891
582.78003,0.62189,0.97949,0.00001,0.00002,0.02047
583.10999,0.62195,0.99732,0.00000,0.00001,0.00267
583.44000,0.62195,0.99657,0.00001,0.00001,0.00341
583.77002,0.62195,0.98597,0.00001,0.00002,0.01401
584.09998,0.62195,0.99803,0.00000,0.00001,0.00195
584.42999,0.62195,0.99922,0.00000,0.00001,0.00077
584.76001,0.62195,0.99941,0.00000,0.00001,0.00058
585.09003,0.62189,0.99978,0.00000,0.00001,0.00021
585.41998,0.62195,0.99925,0.00000,0.00001,0.00074
585.75000,0.62195,0.99865,0.00000,0.00001,0.00134
586.08002,0.62195,0.99941,0.00000,0.00001,0.00058
586.40997,0.62195,0.99795,0.00000,0.00001,0.00203
586.73999,0.62195,0.99782,0.00000,0.00001,0.00217
587.07001,0.62195,0.99981,0.00000,0.00000,0.00018
587.40002,0.62189,0.99978,0.00000,0.00000,0.00021
587.72998,0.62195,0.99905,0.00000,0.00001,0.00094
588.06000,0.62195,0.99971,0.00000,0.00000,0.00028
588.39001,0.62195,0.99976,0.00000,0.00000,0.00024
588.71997,0.62195,0.99841,0.00000,0.00001,0.00158
589.04999,0.62195,0.99979,0.00000,0.00000,0.00021
589.38000,0.62195,0.99999,0.00000,0.00000,0.00001
589.71002,0.62189,0.99993,0.00000,0.00000,0.00007
590.03998,0.62195,0.99982,0.00000,0.00000,0.00017
590.37000,0.62195,0.99985,0.00000,0.00000,0.00015
590.70001,0.62195,0.99996,0.00000,0.00000,0.00004
591.03003,0.62189,0.99986,0.00000,0.00000,0.00013
591.35999,0.62195,0.99993,0.00000,0.00000,0.00007
591.69000,0.62195,0.99998,0.00000,0.00000,0.00002
592.02002,0.62195,0.99999,0.00000,0.00000,0.00001
592.34998,0.62195,1.00000,0.00000,0.00000,0.00000
592.67999,0.62195,0.99999,0.00000,0.00000,0.00001
593.01001,0.62195,0.99992,0.00000,0.00000,0.00008
593.34003,0.62189,0.99967,0.00000,0.00001,0.00032
593.66998,0.62195,0.99988,0.00000,0.00000,0.00011
594.00000,0.62195,0.99995,0.00000,0.00000,0.00005
594.33002,0.62195,0.99993,0.00000,0.00000,0.00006
594.65997,0.62195,0.99991,0.00000,0.00000,0.00008
594.98999,0.62195,0.99977,0.00000,0.00000,0.00023
595.32001,0.62195,0.99995,0.00000,0.00000,0.00005
595.65002,0.62189,0.99984,0.00000,0.00000,0.00016
595.97998,0.62195,0.99851,0.00000,0.00001,0.00148
596.31000,0.62195,0.99950,0.00000,0.00000,0.00049
596.64001,0.62195,0.99992,0.00000,0.00000,0.00007
596.96997,0.62195,0.99952,0.00000,0.00001,0.00047
597.29999,0.62195,0.99716,0.00000,0.00001,0.00282
597.63000,0.62195,0.99401,0.00000,0.00001,0.00598
597.96002,0.62189,0.99713,0.00000,0.00001,0.00286
598.28998,0.62195,0.99623,0.00001,0.00001,0.00376
598.62000,0.62195,0.99075,0.00001,0.00001,0.00923
598.95001,0.62195,0.98765,0.00001,0.00001,0.01233
599.28003,0.62189,0.99566,0.00001,0.00001,0.00432
599.60999,0.62195,0.99613,0.00001,0.00001,0.00385
599.94000,0.62195,0.97474,0.00001,0.00003,0.02522
