Time (seconds), Duration (seconds),pred_(unlabeled),pred_brushing_teeth,pred_hair_drying,pred_showering
0.00000,1.02194,0.99996,0.00000,0.00000,0.00004
0.14000,1.02194,0.99987,0.00000,0.00000,0.00013
0.28000,1.02194,0.99979,0.00000,0.00000,0.00020
0.42000,1.02194,0.99979,0.00000,0.00000,0.00021
0.56000,1.02194,0.99943,0.00000,0.00001,0.00056
0.70000,1.02194,0.99825,0.00000,0.00010,0.00165
0.84000,1.02194,0.99960,0.00000,0.00003,0.00037
0.98000,1.02194,0.99982,0.00000,0.00001,0.00017
1.12000,1.02194,0.99886,0.00000,0.00001,0.00113
1.26000,1.02194,0.99604,0.00000,0.00003,0.00393
1.40000,1.02194,0.99684,0.00000,0.00002,0.00314
1.54000,1.02194,0.99923,0.00000,0.00000,0.00077
1.68000,1.02194,0.99943,0.00000,0.00000,0.00057
1.82000,1.02194,0.98847,0.00000,0.00000,0.01152
1.96000,1.02194,0.99953,0.00000,0.00000,0.00047
2.10000,1.02194,0.99989,0.00000,0.00000,0.00011
2.24000,1.02194,0.99997,0.00000,0.00000,0.00003
2.38000,1.02194,0.99997,0.00000,0.00000,0.00003
2.52000,1.02194,0.99994,0.00000,0.00000,0.00006
2.66000,1.02194,0.99998,0.00000,0.00000,0.00002
2.80000,1.02194,1.00000,0.00000,0.00000,0.00000
2.94000,1.02194,1.00000,0.00000,0.00000,0.00000
3.08000,1.02194,1.00000,0.00000,0.00000,0.00000
3.22000,1.02194,1.00000,0.00000,0.00000,0.00000
3.36000,1.02194,1.00000,0.00000,0.00000,0.00000
3.50000,1.02194,1.00000,0.00000,0.00000,0.00000
3.64000,1.02194,1.00000,0.00000,0.00000,0.00000
3.78000,1.02194,0.99999,0.00000,0.00000,0.00001
3.92000,1.02194,0.99035,0.00000,0.00016,0.00949
4.06000,1.02194,0.97881,0.00000,0.00047,0.02071
4.20000,1.02194,0.99195,0.00000,0.00023,0.00782
4.34000,1.02194,0.99675,0.00000,0.00012,0.00313
4.48000,1.02194,0.99795,0.00000,0.00008,0.00197
4.62000,1.02194,0.99802,0.00000,0.00006,0.00193
4.76000,1.02194,0.99925,0.00000,0.00001,0.00074
4.90000,1.02194,0.99931,0.00000,0.00001,0.00068
5.04000,1.02194,0.99941,0.00000,0.00001,0.00057
5.18000,1.02194,0.99937,0.00000,0.00002,0.00061
5.32000,1.02194,0.99944,0.00000,0.00001,0.00055
5.46000,1.02194,0.99907,0.00000,0.00003,0.00089
5.60000,1.02194,0.99879,0.00000,0.00006,0.00115
5.74000,1.02194,0.99846,0.00000,0.00009,0.00145
5.88000,1.02194,0.99911,0.00000,0.00004,0.00085
6.02000,1.02194,0.99936,0.00000,0.00003,0.00061
6.16000,1.02194,0.99947,0.00000,0.00002,0.00051
6.30000,1.02194,0.99950,0.00000,0.00001,0.00049
6.44000,1.02194,0.99955,0.00000,0.00001,0.00044
6.58000,1.02194,0.99952,0.00000,0.00001,0.00047
6.72000,1.02194,0.99946,0.00000,0.00001,0.00053
6.86000,1.02194,0.99955,0.00000,0.00001,0.00044
7.00000,1.02194,0.99977,0.00000,0.00000,0.00023
7.14000,1.02194,0.99996,0.00000,0.00000,0.00004
7.28000,1.02194,0.99998,0.00000,0.00000,0.00002
7.42000,1.02194,0.99999,0.00000,0.00000,0.00001
7.56000,1.02194,1.00000,0.00000,0.00000,0.00000
7.70000,1.02194,1.00000,0.00000,0.00000,0.00000
7.84000,1.02194,1.00000,0.00000,0.00000,0.00000
7.98000,1.02194,1.00000,0.00000,0.00000,0.00000
8.12000,1.02194,0.99998,0.00000,0.00000,0.00002
8.26000,1.02194,0.99996,0.00000,0.00000,0.00004
8.40000,1.02194,0.99962,0.00000,0.00001,0.00037
8.54000,1.02194,0.94524,0.00000,0.00375,0.05100
8.68000,1.02194,0.91730,0.00000,0.00604,0.07666
8.82000,1.02194,0.87662,0.00000,0.01033,0.11304
8.96000,1.02194,0.84305,0.00000,0.01510,0.14185
9.10000,1.02194,0.78529,0.00000,0.02816,0.18655
9.24000,1.02194,0.91402,0.00000,0.01906,0.06692
9.38000,1.02194,0.93540,0.00000,0.01350,0.05110
9.52000,1.02194,0.94241,0.00000,0.00994,0.04765
9.66000,1.02194,0.95867,0.00000,0.00722,0.03411
9.80000,1.02194,0.97924,0.00000,0.00244,0.01832
9.94000,1.02194,0.98940,0.00000,0.00077,0.00983
10.08000,1.02194,0.98221,0.00000,0.00086,0.01693
10.22000,1.02194,0.93368,0.00000,0.00281,0.06351
10.36000,1.02194,0.92445,0.00000,0.00199,0.07356
10.50000,1.02194,0.81479,0.00000,0.00655,0.17866
10.64000,1.02194,0.71559,0.00001,0.01057,0.27383
10.78000,1.02194,0.40372,0.00007,0.03185,0.56437
10.92000,1.02194,0.29871,0.00035,0.05242,0.64852
11.06000,1.02194,0.22515,0.00046,0.08880,0.68559
11.20000,1.02194,0.30665,0.00047,0.17194,0.52094
11.34000,1.02194,0.35210,0.00095,0.16378,0.48316
11.48000,1.02194,0.29231,0.00037,0.15368,0.55364
11.62000,1.02194,0.24701,0.00033,0.15357,0.59909
11.76000,1.02194,0.26792,0.00045,0.18219,0.54944
11.90000,1.02194,0.31407,0.00055,0.17068,0.51471
12.04000,1.02194,0.29987,0.00038,0.15129,0.54846
12.18000,1.02194,0.29469,0.00043,0.19886,0.50603
12.32000,1.02194,0.28469,0.00065,0.23740,0.47727
12.46000,1.02194,0.26911,0.00074,0.24936,0.48079
12.60000,1.02194,0.26871,0.00069,0.22516,0.50543
12.74000,1.02194,0.26457,0.00046,0.22533,0.50964
12.88000,1.02194,0.32573,0.00040,0.20764,0.46624
13.02000,1.02194,0.62975,0.00003,0.07798,0.29225
13.16000,1.02194,0.83246,0.00000,0.02478,0.14275
13.30000,1.02194,0.93529,0.00000,0.00771,0.05700
13.44000,1.02194,0.98150,0.00000,0.00181,0.01669
13.58000,1.02194,0.99067,0.00000,0.00049,0.00884
13.72000,1.02194,0.99604,0.00000,0.00015,0.00381
13.86000,1.02194,0.99775,0.00000,0.00006,0.00219
14.00000,1.02194,0.99843,0.00000,0.00003,0.00154
14.14000,1.02194,0.99803,0.00000,0.00003,0.00194
14.28000,1.02194,0.99790,0.00000,0.00003,0.00207
14.42000,1.02194,0.99671,0.00000,0.00006,0.00323
14.56000,1.02194,0.99828,0.00000,0.00004,0.00168
14.70000,1.02194,0.99812,0.00000,0.00005,0.00182
14.84000,1.02194,0.99484,0.00000,0.00020,0.00496
14.98000,1.02194,0.99276,0.00000,0.00039,0.00685
15.12000,1.02194,0.99447,0.00000,0.00029,0.00525
15.26000,1.02194,0.99007,0.00000,0.00074,0.00919
15.40000,1.02194,0.98553,0.00000,0.00076,0.01371
15.54000,1.02194,0.98659,0.00000,0.00057,0.01284
15.68000,1.02194,0.99142,0.00000,0.00028,0.00830
15.82000,1.02194,0.99069,0.00000,0.00035,0.00896
15.96000,1.02194,0.98928,0.00000,0.00064,0.01008
16.10000,1.02194,0.98430,0.00000,0.00104,0.01467
16.24000,1.02194,0.99224,0.00000,0.00036,0.00740
16.38000,1.02194,0.99606,0.00000,0.00022,0.00372
16.52000,1.02194,0.99576,0.00000,0.00028,0.00397
16.66000,1.02194,0.99502,0.00000,0.00035,0.00463
16.80000,1.02194,0.99737,0.00000,0.00015,0.00248
16.94000,1.02194,0.99826,0.00000,0.00008,0.00166
17.08000,1.02194,0.99885,0.00000,0.00006,0.00109
17.22000,1.02194,0.99883,0.00000,0.00006,0.00111
17.36000,1.02194,0.99908,0.00000,0.00004,0.00088
17.50000,1.02194,0.99906,0.00000,0.00004,0.00090
17.64000,1.02194,0.99876,0.00000,0.00006,0.00118
17.78000,1.02194,0.99906,0.00000,0.00004,0.00090
17.92000,1.02194,0.99900,0.00000,0.00004,0.00096
18.06000,1.02194,0.99804,0.00000,0.00009,0.00187
18.20000,1.02194,0.99702,0.00000,0.00014,0.00285
18.34000,1.02194,0.99519,0.00000,0.00024,0.00457
18.48000,1.02194,0.99096,0.00000,0.00063,0.00842
18.62000,1.02194,0.98939,0.00000,0.00082,0.00979
18.76000,1.02194,0.97774,0.00000,0.00208,0.02019
18.90000,1.02194,0.96600,0.00000,0.00323,0.03077
19.04000,1.02194,0.94335,0.00000,0.00583,0.05082
19.18000,1.02194,0.94896,0.00000,0.00568,0.04535
19.32000,1.02194,0.95792,0.00000,0.00438,0.03770
19.46000,1.02194,0.94896,0.00000,0.00531,0.04573
19.60000,1.02194,0.90024,0.00000,0.01382,0.08594
19.74000,1.02194,0.95678,0.00000,0.00496,0.03826
19.88000,1.02194,0.97966,0.00000,0.00211,0.01822
20.02000,1.02194,0.98931,0.00000,0.00099,0.00970
20.16000,1.02194,0.98881,0.00000,0.00130,0.00989
20.30000,1.02194,0.99418,0.00000,0.00051,0.00531
20.44000,1.02194,0.99533,0.00000,0.00034,0.00433
20.58000,1.02194,0.99579,0.00000,0.00022,0.00399
20.72000,1.02194,0.99579,0.00000,0.00022,0.00399
20.86000,1.02194,0.99711,0.00000,0.00013,0.00276
21.00000,1.02194,0.99585,0.00000,0.00022,0.00393
21.14000,1.02194,0.99633,0.00000,0.00015,0.00352
21.28000,1.02194,0.99679,0.00000,0.00015,0.00307
21.42000,1.02194,0.99689,0.00000,0.00013,0.00298
21.56000,1.02194,0.99892,0.00000,0.00004,0.00104
21.70000,1.02194,0.99659,0.00000,0.00012,0.00329
21.84000,1.02194,0.99202,0.00000,0.00038,0.00760
21.98000,1.02194,0.99069,0.00000,0.00048,0.00883
22.12000,1.02194,0.99028,0.00000,0.00055,0.00917
22.26000,1.02194,0.99512,0.00000,0.00025,0.00463
22.40000,1.02194,0.99209,0.00000,0.00061,0.00729
22.54000,1.02194,0.98084,0.00000,0.00259,0.01657
22.68000,1.02194,0.98252,0.00000,0.00320,0.01428
22.82000,1.02194,0.97267,0.00000,0.00655,0.02078
22.96000,1.02194,0.94614,0.00000,0.01402,0.03985
23.10000,1.02194,0.83220,0.00001,0.04600,0.12179
23.24000,1.02194,0.56799,0.00003,0.15151,0.28047
23.38000,1.02194,0.50852,0.00012,0.12978,0.36158
23.52000,1.02194,0.82664,0.00001,0.02832,0.14503
23.66000,1.02194,0.97222,0.00000,0.00257,0.02521
23.80000,1.02194,0.98965,0.00000,0.00059,0.00976
23.94000,1.02194,0.99454,0.00000,0.00034,0.00512
24.08000,1.02194,0.99374,0.00000,0.00045,0.00581
24.22000,1.02194,0.99489,0.00000,0.00031,0.00480
24.36000,1.02194,0.99436,0.00000,0.00024,0.00539
24.50000,1.02194,0.91089,0.00005,0.00844,0.08062
24.64000,1.02194,0.72627,0.00002,0.03176,0.24195
24.78000,1.02194,0.69196,0.00006,0.01804,0.28994
24.92000,1.02194,0.71573,0.00012,0.01916,0.26499
25.06000,1.02194,0.66395,0.00016,0.02870,0.30719
25.20000,1.02194,0.66660,0.00023,0.03824,0.29493
25.34000,1.02194,0.75926,0.00018,0.04390,0.19665
25.48000,1.02194,0.73513,0.00018,0.04808,0.21660
25.62000,1.02194,0.73214,0.00017,0.06238,0.20531
25.76000,1.02194,0.57432,0.00006,0.12926,0.29636
25.90000,1.02194,0.51809,0.00005,0.11744,0.36442
26.04000,1.02194,0.57014,0.00005,0.12714,0.30267
26.18000,1.02194,0.48634,0.00014,0.12443,0.38909
26.32000,1.02194,0.48931,0.00011,0.09524,0.41534
26.46000,1.02194,0.53886,0.00006,0.09875,0.36233
26.60000,1.02194,0.71413,0.00001,0.04454,0.24132
26.74000,1.02194,0.82664,0.00002,0.02188,0.15145
26.88000,1.02194,0.87439,0.00002,0.01575,0.10984
27.02000,1.02194,0.94802,0.00000,0.00439,0.04759
27.16000,1.02194,0.96468,0.00000,0.00490,0.03042
27.30000,1.02194,0.98353,0.00000,0.00161,0.01486
27.44000,1.02194,0.97898,0.00000,0.00297,0.01805
27.58000,1.02194,0.98982,0.00000,0.00106,0.00912
27.72000,1.02194,0.99155,0.00000,0.00091,0.00754
27.86000,1.02194,0.99108,0.00000,0.00101,0.00792
28.00000,1.02194,0.99182,0.00000,0.00088,0.00730
28.14000,1.02194,0.99554,0.00000,0.00035,0.00411
28.28000,1.02194,0.99669,0.00000,0.00021,0.00310
28.42000,1.02194,0.99544,0.00000,0.00031,0.00424
28.56000,1.02194,0.98895,0.00000,0.00108,0.00997
28.70000,1.02194,0.99236,0.00000,0.00070,0.00695
28.84000,1.02194,0.99629,0.00000,0.00031,0.00340
28.98000,1.02194,0.99355,0.00000,0.00067,0.00579
29.12000,1.02194,0.98613,0.00004,0.00137,0.01246
29.26000,1.02194,0.98766,0.00007,0.00139,0.01088
29.40000,1.02194,0.99269,0.00002,0.00050,0.00678
29.54000,1.02194,0.99583,0.00001,0.00034,0.00381
29.68000,1.02194,0.97791,0.00000,0.00164,0.02045
29.82000,1.02194,0.97835,0.00000,0.00177,0.01988
29.96000,1.02194,0.99002,0.00000,0.00078,0.00920
30.10000,1.02194,0.98618,0.00000,0.00157,0.01225
30.24000,1.02194,0.98861,0.00000,0.00133,0.01007
30.38000,1.02194,0.97825,0.00000,0.00313,0.01861
30.52000,1.02194,0.98029,0.00000,0.00219,0.01752
30.66000,1.02194,0.99092,0.00000,0.00106,0.00801
30.80000,1.02194,0.99197,0.00000,0.00099,0.00704
30.94000,1.02194,0.99740,0.00000,0.00020,0.00240
31.08000,1.02194,0.99512,0.00000,0.00033,0.00455
31.22000,1.02194,0.99162,0.00000,0.00058,0.00780
31.36000,1.02194,0.98678,0.00000,0.00124,0.01198
31.50000,1.02194,0.98958,0.00000,0.00089,0.00953
31.64000,1.02194,0.99189,0.00000,0.00078,0.00733
31.78000,1.02194,0.98082,0.00000,0.00174,0.01745
31.92000,1.02194,0.97642,0.00000,0.00240,0.02118
32.06000,1.02193,0.99407,0.00000,0.00048,0.00545
32.20000,1.02194,0.99822,0.00000,0.00008,0.00170
32.34000,1.02194,0.99927,0.00000,0.00002,0.00071
32.48000,1.02194,0.99877,0.00000,0.00004,0.00119
32.62000,1.02194,0.99885,0.00000,0.00003,0.00113
32.76000,1.02194,0.99876,0.00000,0.00003,0.00120
32.90000,1.02193,0.99917,0.00000,0.00002,0.00081
33.04000,1.02194,0.99874,0.00000,0.00003,0.00124
33.18000,1.02194,0.99766,0.00000,0.00005,0.00229
33.32000,1.02194,0.99833,0.00000,0.00004,0.00163
33.46000,1.02194,0.99823,0.00000,0.00005,0.00172
33.60000,1.02194,0.99809,0.00000,0.00009,0.00181
33.74000,1.02193,0.99434,0.00000,0.00042,0.00524
33.88000,1.02194,0.99053,0.00000,0.00080,0.00867
34.02000,1.02194,0.98361,0.00000,0.00233,0.01406
34.16000,1.02194,0.99384,0.00000,0.00055,0.00561
34.30000,1.02194,0.99659,0.00000,0.00029,0.00312
34.44000,1.02194,0.99840,0.00000,0.00011,0.00149
34.58000,1.02193,0.99862,0.00000,0.00009,0.00129
34.72000,1.02193,0.99881,0.00000,0.00007,0.00112
34.86000,1.02194,0.99946,0.00000,0.00003,0.00051
35.00000,1.02194,0.99900,0.00000,0.00008,0.00092
35.14000,1.02194,0.99644,0.00000,0.00040,0.00316
35.28000,1.02194,0.99131,0.00000,0.00085,0.00784
35.42000,1.02194,0.99024,0.00000,0.00079,0.00897
35.56000,1.02193,0.99538,0.00000,0.00027,0.00435
35.70000,1.02194,0.99587,0.00000,0.00027,0.00386
35.84000,1.02194,0.98856,0.00000,0.00116,0.01028
35.98000,1.02194,0.98509,0.00000,0.00159,0.01332
36.12000,1.02194,0.96746,0.00000,0.00426,0.02828
36.26000,1.02194,0.96793,0.00000,0.00430,0.02777
36.40000,1.02193,0.97112,0.00000,0.00389,0.02498
36.54000,1.02194,0.98139,0.00000,0.00181,0.01680
36.68000,1.02194,0.98567,0.00000,0.00103,0.01330
36.82000,1.02194,0.99289,0.00000,0.00028,0.00683
36.96000,1.02194,0.99819,0.00000,0.00005,0.00177
37.10000,1.02194,0.99834,0.00000,0.00003,0.00163
37.24000,1.02193,0.99856,0.00000,0.00003,0.00141
37.38000,1.02194,0.99847,0.00000,0.00006,0.00147
37.52000,1.02194,0.99647,0.00000,0.00024,0.00329
37.66000,1.02194,0.99844,0.00000,0.00006,0.00150
37.80000,1.02194,0.99868,0.00000,0.00005,0.00127
37.94000,1.02194,0.99849,0.00000,0.00008,0.00143
38.08000,1.02193,0.99880,0.00000,0.00007,0.00113
38.22000,1.02193,0.99783,0.00000,0.00010,0.00208
38.36000,1.02194,0.99865,0.00000,0.00005,0.00130
38.50000,1.02194,0.99872,0.00000,0.00005,0.00123
38.64000,1.02194,0.99900,0.00000,0.00004,0.00096
38.78000,1.02194,0.99882,0.00000,0.00005,0.00113
38.92000,1.02194,0.99782,0.00000,0.00013,0.00205
39.06000,1.02193,0.99798,0.00000,0.00013,0.00189
39.20000,1.02194,0.99960,0.00000,0.00003,0.00037
39.34000,1.02194,0.99988,0.00000,0.00000,0.00012
39.48000,1.02194,0.99990,0.00000,0.00000,0.00009
39.62000,1.02194,0.99986,0.00000,0.00001,0.00013
39.76000,1.02194,0.99989,0.00000,0.00000,0.00010
39.90000,1.02193,0.99988,0.00000,0.00001,0.00012
40.04000,1.02194,0.99979,0.00000,0.00000,0.00020
40.18000,1.02194,0.99897,0.00000,0.00002,0.00100
40.32000,1.02194,0.99863,0.00000,0.00003,0.00134
40.46000,1.02194,0.99757,0.00000,0.00006,0.00236
40.60000,1.02194,0.99940,0.00000,0.00002,0.00058
40.74000,1.02193,0.99960,0.00000,0.00002,0.00038
40.88000,1.02194,0.99933,0.00000,0.00003,0.00065
41.02000,1.02194,0.99976,0.00000,0.00001,0.00023
41.16000,1.02194,0.99976,0.00000,0.00001,0.00023
41.30000,1.02194,0.99970,0.00000,0.00001,0.00028
41.44000,1.02194,0.99914,0.00000,0.00003,0.00083
41.58000,1.02193,0.99665,0.00000,0.00014,0.00321
41.72000,1.02193,0.99875,0.00000,0.00002,0.00122
41.86000,1.02194,0.99877,0.00000,0.00003,0.00121
42.00000,1.02194,0.99827,0.00000,0.00004,0.00169
42.14000,1.02194,0.99714,0.00000,0.00009,0.00276
42.28000,1.02194,0.99792,0.00000,0.00007,0.00201
42.42000,1.02194,0.99792,0.00000,0.00007,0.00200
42.56000,1.02193,0.99606,0.00000,0.00020,0.00374
42.70000,1.02194,0.98836,0.00000,0.00159,0.01005
42.84000,1.02194,0.99327,0.00000,0.00062,0.00611
42.98000,1.02194,0.99517,0.00000,0.00038,0.00445
43.12000,1.02194,0.99735,0.00000,0.00013,0.00252
43.26000,1.02194,0.99658,0.00000,0.00017,0.00325
43.40000,1.02193,0.99678,0.00000,0.00017,0.00304
43.54000,1.02194,0.99792,0.00000,0.00006,0.00202
43.68000,1.02194,0.99581,0.00000,0.00012,0.00407
43.82000,1.02194,0.99318,0.00000,0.00022,0.00660
43.96000,1.02194,0.98847,0.00000,0.00045,0.01108
44.10000,1.02194,0.96816,0.00000,0.00203,0.02981
44.24000,1.02193,0.95458,0.00000,0.00280,0.04263
44.38000,1.02194,0.95701,0.00000,0.00322,0.03977
44.52000,1.02194,0.97401,0.00000,0.00189,0.02410
44.66000,1.02194,0.98719,0.00000,0.00086,0.01195
44.80000,1.02194,0.96695,0.00000,0.00243,0.03062
44.94000,1.02194,0.96146,0.00000,0.00186,0.03668
45.08000,1.02193,0.98355,0.00000,0.00054,0.01591
45.22000,1.02193,0.98293,0.00000,0.00062,0.01645
45.36000,1.02194,0.97670,0.00000,0.00093,0.02237
45.50000,1.02194,0.97493,0.00000,0.00102,0.02405
45.64000,1.02194,0.96110,0.00000,0.00170,0.03720
45.78000,1.02194,0.98181,0.00000,0.00089,0.01729
45.92000,1.02194,0.99378,0.00000,0.00032,0.00591
46.06000,1.02193,0.99557,0.00000,0.00020,0.00423
46.20000,1.02194,0.99809,0.00000,0.00007,0.00184
46.34000,1.02194,0.99884,0.00000,0.00003,0.00113
46.48000,1.02194,0.99921,0.00000,0.00002,0.00078
46.62000,1.02194,0.99912,0.00000,0.00002,0.00086
46.76000,1.02194,0.99946,0.00000,0.00001,0.00053
46.90000,1.02193,0.99894,0.00000,0.00003,0.00103
47.04000,1.02194,0.99738,0.00000,0.00007,0.00255
47.18000,1.02194,0.99579,0.00000,0.00012,0.00409
47.32000,1.02194,0.99208,0.00000,0.00033,0.00759
47.46000,1.02194,0.97928,0.00000,0.00149,0.01923
47.60000,1.02194,0.96435,0.00000,0.00152,0.03413
47.74000,1.02193,0.90236,0.00000,0.00413,0.09351
47.88000,1.02194,0.96949,0.00000,0.00099,0.02951
48.02000,1.02194,0.96431,0.00001,0.00209,0.03358
48.16000,1.02194,0.96674,0.00001,0.00174,0.03151
48.30000,1.02194,0.94586,0.00003,0.00240,0.05171
48.44000,1.02194,0.97853,0.00000,0.00048,0.02099
48.58000,1.02193,0.99721,0.00000,0.00017,0.00262
48.72000,1.02193,0.99105,0.00000,0.00049,0.00847
48.86000,1.02194,0.97519,0.00000,0.00184,0.02297
49.00000,1.02194,0.94361,0.00000,0.00443,0.05196
49.14000,1.02194,0.89754,0.00000,0.00695,0.09551
49.28000,1.02194,0.90356,0.00000,0.00543,0.09101
49.42000,1.02194,0.79601,0.00000,0.02042,0.18357
49.56000,1.02193,0.76420,0.00016,0.03961,0.19603
49.70000,1.02194,0.81053,0.00016,0.02420,0.16511
49.84000,1.02194,0.83851,0.00008,0.02100,0.14041
49.98000,1.02194,0.96128,0.00000,0.00406,0.03466
50.12000,1.02194,0.98603,0.00000,0.00163,0.01233
50.26000,1.02194,0.99321,0.00000,0.00062,0.00617
50.40000,1.02193,0.99416,0.00000,0.00040,0.00544
50.54000,1.02194,0.98747,0.00000,0.00090,0.01163
50.68000,1.02194,0.99563,0.00000,0.00023,0.00414
50.82000,1.02194,0.99389,0.00000,0.00043,0.00568
50.96000,1.02194,0.98497,0.00000,0.00174,0.01329
51.10000,1.02194,0.99058,0.00000,0.00087,0.00856
51.24000,1.02193,0.98679,0.00000,0.00118,0.01203
51.38000,1.02194,0.99078,0.00000,0.00083,0.00839
51.52000,1.02194,0.98913,0.00000,0.00138,0.00949
51.66000,1.02194,0.98134,0.00000,0.00273,0.01594
51.80000,1.02194,0.99171,0.00000,0.00068,0.00761
51.94000,1.02194,0.99459,0.00000,0.00033,0.00508
52.08000,1.02193,0.99160,0.00000,0.00058,0.00783
52.22000,1.02193,0.99769,0.00000,0.00009,0.00222
52.36000,1.02194,0.99705,0.00000,0.00011,0.00284
52.50000,1.02194,0.99904,0.00000,0.00002,0.00094
52.64000,1.02194,0.99907,0.00000,0.00002,0.00091
52.78000,1.02194,0.99908,0.00000,0.00002,0.00090
52.92000,1.02194,0.99811,0.00000,0.00006,0.00183
53.06000,1.02193,0.99783,0.00000,0.00006,0.00211
53.20000,1.02194,0.99671,0.00000,0.00010,0.00318
53.34000,1.02194,0.99393,0.00000,0.00018,0.00589
53.48000,1.02194,0.99424,0.00000,0.00019,0.00557
53.62000,1.02194,0.98467,0.00000,0.00042,0.01490
53.76000,1.02194,0.99437,0.00000,0.00011,0.00552
53.90000,1.02193,0.99275,0.00000,0.00023,0.00701
54.04000,1.02194,0.97743,0.00000,0.00095,0.02163
54.18000,1.02194,0.95180,0.00000,0.00303,0.04517
54.32000,1.02194,0.93619,0.00000,0.00322,0.06060
54.46000,1.02194,0.85666,0.00000,0.01086,0.13249
54.60000,1.02194,0.87628,0.00000,0.01451,0.10921
54.74000,1.02193,0.92640,0.00000,0.00784,0.06575
54.88000,1.02194,0.93746,0.00000,0.00693,0.05561
55.02000,1.02194,0.97765,0.00000,0.00136,0.02098
55.16000,1.02194,0.98013,0.00000,0.00106,0.01881
55.30000,1.02194,0.98309,0.00000,0.00114,0.01577
55.44000,1.02194,0.98762,0.00000,0.00092,0.01146
55.58000,1.02193,0.99371,0.00000,0.00042,0.00587
55.72000,1.02193,0.98867,0.00001,0.00099,0.01033
55.86000,1.02194,0.97600,0.00005,0.00286,0.02108
56.00000,1.02194,0.96023,0.00115,0.00925,0.02937
56.14000,1.02194,0.91658,0.00045,0.02504,0.05792
56.28000,1.02194,0.94586,0.00023,0.01310,0.04081
56.42000,1.02194,0.95505,0.00001,0.00767,0.03727
56.56000,1.02193,0.94115,0.00000,0.01094,0.04792
56.70000,1.02194,0.97814,0.00000,0.00232,0.01954
56.84000,1.02194,0.98251,0.00000,0.00096,0.01653
56.98000,1.02194,0.99306,0.00000,0.00026,0.00668
57.12000,1.02194,0.99512,0.00000,0.00016,0.00472
57.26000,1.02194,0.99055,0.00000,0.00049,0.00896
57.40000,1.02193,0.98942,0.00000,0.00042,0.01017
57.54000,1.02194,0.98162,0.00000,0.00085,0.01753
57.68000,1.02194,0.98020,0.00000,0.00099,0.01881
57.82000,1.02194,0.97687,0.00000,0.00169,0.02144
57.96000,1.02194,0.97835,0.00000,0.00159,0.02006
58.10000,1.02194,0.98330,0.00000,0.00102,0.01568
58.24000,1.02193,0.99137,0.00000,0.00041,0.00822
58.38000,1.02194,0.99836,0.00000,0.00005,0.00160
58.52000,1.02194,0.99955,0.00000,0.00001,0.00044
58.66000,1.02194,0.99967,0.00000,0.00000,0.00033
58.80000,1.02194,0.99988,0.00000,0.00000,0.00012
58.94000,1.02194,0.99994,0.00000,0.00000,0.00006
59.08000,1.02193,0.99998,0.00000,0.00000,0.00002
59.22000,1.02193,0.99999,0.00000,0.00000,0.00001
59.36000,1.02194,0.99979,0.00000,0.00000,0.00021
59.50000,1.02194,0.99982,0.00000,0.00000,0.00018
59.64000,1.02194,0.99987,0.00000,0.00000,0.00013
59.78000,1.02194,0.99980,0.00000,0.00000,0.00020
59.92000,1.02194,0.99908,0.00000,0.00002,0.00090
60.06000,1.02193,0.99654,0.00000,0.00019,0.00327
60.20000,1.02194,0.99450,0.00000,0.00041,0.00509
60.34000,1.02194,0.99425,0.00000,0.00055,0.00521
60.48000,1.02194,0.99016,0.00000,0.00092,0.00893
60.62000,1.02194,0.97950,0.00000,0.00249,0.01800
60.76000,1.02194,0.99221,0.00000,0.00051,0.00728
60.90000,1.02193,0.99623,0.00000,0.00015,0.00362
61.04000,1.02194,0.99821,0.00000,0.00005,0.00174
61.18000,1.02194,0.99820,0.00000,0.00004,0.00175
61.32000,1.02194,0.99863,0.00000,0.00004,0.00134
61.46000,1.02194,0.99903,0.00000,0.00003,0.00094
61.60000,1.02194,0.99866,0.00000,0.00006,0.00129
61.74000,1.02193,0.99834,0.00000,0.00009,0.00157
61.88000,1.02194,0.99814,0.00000,0.00011,0.00175
62.02000,1.02194,0.99844,0.00000,0.00006,0.00150
62.16000,1.02194,0.99800,0.00000,0.00008,0.00193
62.30000,1.02194,0.99716,0.00000,0.00014,0.00271
62.44000,1.02194,0.99738,0.00000,0.00013,0.00249
62.58000,1.02193,0.99368,0.00000,0.00041,0.00591
62.72000,1.02193,0.99287,0.00000,0.00044,0.00669
62.86000,1.02194,0.98072,0.00000,0.00189,0.01739
63.00000,1.02193,0.94078,0.00000,0.01490,0.04432
63.14000,1.02193,0.91501,0.00000,0.02533,0.05966
63.28000,1.02194,0.82298,0.00000,0.07256,0.10445
63.42000,1.02194,0.50215,0.00005,0.29311,0.20470
63.56000,1.02194,0.54031,0.00006,0.26822,0.19141
63.70000,1.02194,0.43004,0.00021,0.28216,0.28758
63.84000,1.02194,0.54765,0.00013,0.17575,0.27647
63.98000,1.02194,0.76343,0.00002,0.07031,0.16624
64.12000,1.02193,0.84900,0.00000,0.02667,0.12433
64.26000,1.02193,0.90116,0.00000,0.01197,0.08688
64.40000,1.02193,0.93069,0.00000,0.00694,0.06237
64.54000,1.02193,0.95987,0.00000,0.00451,0.03562
64.68000,1.02193,0.96008,0.00000,0.00770,0.03222
64.82000,1.02193,0.93420,0.00000,0.01542,0.05038
64.96000,1.02194,0.92161,0.00000,0.01826,0.06013
65.10000,1.02194,0.92285,0.00000,0.02412,0.05303
65.24000,1.02194,0.91444,0.00000,0.02532,0.06024
65.38000,1.02194,0.93934,0.00000,0.01378,0.04688
65.52000,1.02194,0.94356,0.00000,0.01074,0.04570
65.66000,1.02193,0.96865,0.00000,0.00549,0.02586
65.80000,1.02193,0.98800,0.00000,0.00130,0.01069
65.94000,1.02193,0.99000,0.00000,0.00093,0.00907
66.08000,1.02193,0.98846,0.00000,0.00119,0.01034
66.22000,1.02193,0.99211,0.00000,0.00061,0.00728
66.36000,1.02193,0.99521,0.00000,0.00031,0.00448
66.50000,1.02193,0.99675,0.00000,0.00016,0.00309
66.64000,1.02193,0.99714,0.00000,0.00015,0.00272
66.78000,1.02194,0.99453,0.00000,0.00042,0.00505
66.92000,1.02194,0.99719,0.00000,0.00012,0.00269
67.06000,1.02194,0.99882,0.00000,0.00003,0.00115
67.20000,1.02194,0.99775,0.00000,0.00010,0.00215
67.34000,1.02194,0.99747,0.00000,0.00012,0.00241
67.48000,1.02193,0.99798,0.00000,0.00008,0.00194
67.62000,1.02193,0.99556,0.00000,0.00022,0.00422
67.76000,1.02193,0.99588,0.00000,0.00024,0.00387
67.90000,1.02193,0.99018,0.00000,0.00090,0.00891
68.04000,1.02193,0.99327,0.00000,0.00037,0.00636
68.18000,1.02193,0.99760,0.00000,0.00010,0.00230
68.32000,1.02193,0.99093,0.00000,0.00068,0.00839
68.46000,1.02194,0.99630,0.00000,0.00016,0.00353
68.60000,1.02194,0.99817,0.00000,0.00006,0.00177
68.74000,1.02194,0.99779,0.00000,0.00008,0.00214
68.88000,1.02194,0.99599,0.00000,0.00019,0.00382
69.02000,1.02194,0.99399,0.00000,0.00041,0.00560
69.16000,1.02193,0.99402,0.00000,0.00042,0.00556
69.30000,1.02193,0.99404,0.00000,0.00048,0.00548
69.44000,1.02193,0.98028,0.00000,0.00305,0.01667
69.58000,1.02193,0.98794,0.00000,0.00183,0.01022
69.72000,1.02193,0.98826,0.00000,0.00160,0.01013
69.86000,1.02193,0.97594,0.00000,0.00314,0.02093
70.00000,1.02193,0.97302,0.00000,0.00356,0.02342
70.14000,1.02193,0.93521,0.00000,0.01191,0.05288
70.28000,1.02194,0.92955,0.00000,0.01434,0.05611
70.42000,1.02194,0.87752,0.00000,0.02239,0.10008
70.56000,1.02194,0.72938,0.00000,0.06954,0.20107
70.70000,1.02194,0.62858,0.00001,0.10133,0.27009
70.84000,1.02194,0.76082,0.00000,0.06344,0.17574
70.98000,1.02193,0.91422,0.00000,0.01609,0.06969
71.12000,1.02193,0.89510,0.00000,0.01348,0.09142
71.26000,1.02193,0.85992,0.00000,0.01188,0.12820
71.40000,1.02193,0.92335,0.00000,0.00620,0.07045
71.54000,1.02193,0.95724,0.00000,0.00236,0.04040
71.68000,1.02193,0.95864,0.00000,0.00239,0.03897
71.82000,1.02193,0.94595,0.00000,0.00294,0.05111
71.96000,1.02194,0.92187,0.00000,0.00467,0.07346
72.10000,1.02194,0.98609,0.00000,0.00082,0.01308
72.24000,1.02194,0.99064,0.00000,0.00052,0.00884
72.38000,1.02194,0.98265,0.00000,0.00122,0.01613
72.52000,1.02194,0.98088,0.00000,0.00120,0.01791
72.66000,1.02193,0.97929,0.00000,0.00162,0.01909
72.80000,1.02193,0.97363,0.00000,0.00246,0.02392
72.94000,1.02193,0.94878,0.00000,0.00807,0.04316
73.08000,1.02193,0.83118,0.00000,0.02506,0.14377
73.22000,1.02193,0.81937,0.00000,0.02482,0.15581
73.36000,1.02193,0.93476,0.00000,0.00599,0.05925
73.50000,1.02193,0.96836,0.00000,0.00214,0.02950
73.64000,1.02193,0.97180,0.00000,0.00145,0.02676
73.78000,1.02194,0.96961,0.00000,0.00175,0.02865
73.92000,1.02194,0.95787,0.00000,0.00220,0.03993
74.06000,1.02194,0.98769,0.00000,0.00099,0.01132
74.20000,1.02194,0.97190,0.00000,0.00205,0.02605
74.34000,1.02194,0.92363,0.00000,0.00923,0.06714
74.48000,1.02193,0.82111,0.00000,0.02177,0.15712
74.62000,1.02193,0.90201,0.00000,0.00943,0.08856
74.76000,1.02193,0.92754,0.00000,0.00568,0.06679
74.90000,1.02193,0.93827,0.00000,0.00575,0.05599
75.04000,1.02193,0.95977,0.00000,0.00262,0.03761
75.18000,1.02193,0.97087,0.00000,0.00248,0.02666
75.32000,1.02193,0.98543,0.00000,0.00130,0.01327
75.46000,1.02194,0.99685,0.00000,0.00018,0.00297
75.60000,1.02194,0.99543,0.00000,0.00027,0.00430
75.74000,1.02194,0.99575,0.00000,0.00017,0.00409
75.88000,1.02194,0.99640,0.00000,0.00014,0.00346
76.02000,1.02194,0.99657,0.00000,0.00014,0.00329
76.16000,1.02193,0.99626,0.00000,0.00016,0.00358
76.30000,1.02193,0.99043,0.00000,0.00066,0.00891
76.44000,1.02193,0.98386,0.00000,0.00203,0.01411
76.58000,1.02193,0.99033,0.00000,0.00100,0.00868
76.72000,1.02193,0.99478,0.00000,0.00058,0.00464
76.86000,1.02193,0.99326,0.00000,0.00070,0.00604
77.00000,1.02193,0.99626,0.00000,0.00026,0.00349
77.14000,1.02193,0.99916,0.00000,0.00002,0.00082
77.28000,1.02194,0.99966,0.00000,0.00001,0.00033
77.42000,1.02194,0.99951,0.00000,0.00001,0.00048
77.56000,1.02194,0.99930,0.00000,0.00002,0.00068
77.70000,1.02194,0.99914,0.00000,0.00002,0.00084
77.84000,1.02194,0.99777,0.00000,0.00006,0.00217
77.98000,1.02193,0.99280,0.00000,0.00032,0.00688
78.12000,1.02193,0.98668,0.00000,0.00091,0.01240
78.26000,1.02193,0.99356,0.00000,0.00023,0.00621
78.40000,1.02193,0.99720,0.00000,0.00005,0.00275
78.54000,1.02193,0.99407,0.00000,0.00015,0.00578
78.68000,1.02193,0.99385,0.00000,0.00020,0.00596
78.82000,1.02193,0.99626,0.00000,0.00024,0.00351
78.96000,1.02194,0.99425,0.00000,0.00043,0.00532
79.10000,1.02194,0.99331,0.00000,0.00053,0.00616
79.24000,1.02194,0.98046,0.00000,0.00355,0.01599
79.38000,1.02194,0.96724,0.00000,0.00771,0.02505
79.52000,1.02194,0.97893,0.00000,0.00365,0.01742
79.66000,1.02193,0.99481,0.00000,0.00056,0.00463
79.80000,1.02193,0.99736,0.00000,0.00019,0.00245
79.94000,1.02193,0.99689,0.00000,0.00024,0.00287
80.08000,1.02193,0.99776,0.00000,0.00016,0.00209
80.22000,1.02193,0.99803,0.00000,0.00011,0.00186
80.36000,1.02193,0.99879,0.00000,0.00006,0.00116
80.50000,1.02193,0.99839,0.00000,0.00009,0.00153
80.64000,1.02193,0.99640,0.00000,0.00031,0.00329
80.78000,1.02194,0.99594,0.00000,0.00027,0.00379
80.92000,1.02194,0.99746,0.00000,0.00012,0.00242
81.06000,1.02194,0.99875,0.00000,0.00004,0.00121
81.20000,1.02194,0.99892,0.00000,0.00003,0.00105
81.34000,1.02194,0.99901,0.00000,0.00003,0.00097
81.48000,1.02193,0.99939,0.00000,0.00001,0.00060
81.62000,1.02193,0.99941,0.00000,0.00001,0.00057
81.76000,1.02193,0.99968,0.00000,0.00000,0.00032
81.90000,1.02193,0.99975,0.00000,0.00000,0.00025
82.04000,1.02193,0.99967,0.00000,0.00000,0.00032
82.18000,1.02193,0.99941,0.00000,0.00001,0.00058
82.32000,1.02193,0.99944,0.00000,0.00001,0.00055
82.46000,1.02194,0.99942,0.00000,0.00001,0.00057
82.60000,1.02194,0.99943,0.00000,0.00001,0.00055
82.74000,1.02194,0.99921,0.00000,0.00002,0.00077
82.88000,1.02194,0.99896,0.00000,0.00004,0.00101
83.02000,1.02194,0.99904,0.00000,0.00004,0.00092
83.16000,1.02193,0.99912,0.00000,0.00004,0.00084
83.30000,1.02193,0.99864,0.00000,0.00008,0.00128
83.44000,1.02193,0.99783,0.00000,0.00016,0.00201
83.58000,1.02193,0.99608,0.00000,0.00040,0.00352
83.72000,1.02193,0.99527,0.00000,0.00054,0.00419
83.86000,1.02193,0.99307,0.00000,0.00084,0.00609
84.00000,1.02193,0.98148,0.00000,0.00214,0.01639
84.14000,1.02193,0.98377,0.00000,0.00144,0.01479
84.28000,1.02194,0.97662,0.00000,0.00204,0.02134
84.42000,1.02194,0.96708,0.00000,0.00159,0.03133
84.56000,1.02194,0.97710,0.00000,0.00077,0.02212
84.70000,1.02194,0.96368,0.00000,0.00100,0.03532
84.84000,1.02194,0.95912,0.00000,0.00098,0.03990
84.98000,1.02193,0.97094,0.00000,0.00053,0.02853
85.12000,1.02193,0.84727,0.00000,0.00402,0.14871
85.26000,1.02193,0.72702,0.00000,0.00804,0.26494
85.40000,1.02193,0.66242,0.00000,0.01206,0.32552
85.54000,1.02193,0.34327,0.00001,0.01828,0.63844
85.68000,1.02193,0.28882,0.00003,0.02345,0.68771
85.82000,1.02193,0.12736,0.00007,0.02811,0.84446
85.96000,1.02194,0.13757,0.00010,0.03353,0.82880
86.10000,1.02194,0.12426,0.00009,0.02635,0.84929
86.24000,1.02194,0.11825,0.00010,0.02435,0.85731
86.38000,1.02194,0.11764,0.00012,0.03075,0.85150
86.52000,1.02194,0.10784,0.00012,0.02234,0.86970
86.66000,1.02193,0.08520,0.00010,0.01222,0.90248
86.80000,1.02193,0.08750,0.00017,0.01293,0.89940
86.94000,1.02193,0.08638,0.00013,0.01464,0.89885
87.08000,1.02193,0.09536,0.00015,0.01702,0.88746
87.22000,1.02193,0.08502,0.00015,0.01092,0.90391
87.36000,1.02193,0.07822,0.00015,0.01054,0.91110
87.50000,1.02193,0.09953,0.00015,0.01917,0.88115
87.64000,1.02193,0.13385,0.00030,0.02877,0.83708
87.78000,1.02194,0.13463,0.00028,0.02346,0.84163
87.92000,1.02194,0.13942,0.00042,0.02640,0.83375
88.06000,1.02194,0.12623,0.00034,0.03170,0.84173
88.20000,1.02194,0.14968,0.00034,0.05527,0.79471
88.34000,1.02194,0.24216,0.00051,0.06354,0.69379
88.48000,1.02193,0.23351,0.00054,0.05862,0.70733
88.62000,1.02193,0.17846,0.00057,0.03680,0.78417
88.76000,1.02193,0.18972,0.00049,0.03863,0.77117
88.90000,1.02193,0.20251,0.00062,0.05036,0.74650
89.04000,1.02193,0.18670,0.00051,0.04148,0.77131
89.18000,1.02193,0.21549,0.00076,0.05381,0.72995
89.32000,1.02193,0.14863,0.00034,0.05586,0.79518
89.46000,1.02194,0.16274,0.00034,0.07604,0.76088
89.60000,1.02194,0.22714,0.00049,0.07622,0.69615
89.74000,1.02194,0.17272,0.00021,0.06986,0.75721
89.88000,1.02194,0.18998,0.00032,0.09390,0.71580
90.02000,1.02194,0.27231,0.00057,0.08133,0.64580
90.16000,1.02193,0.21070,0.00055,0.05218,0.73656
90.30000,1.02193,0.19655,0.00053,0.04327,0.75965
90.44000,1.02193,0.20817,0.00064,0.04788,0.74330
90.58000,1.02193,0.21639,0.00091,0.05447,0.72823
90.72000,1.02193,0.31797,0.00231,0.01673,0.66300
90.86000,1.02193,0.42797,0.00379,0.00403,0.56421
91.00000,1.02193,0.25637,0.00107,0.00070,0.74186
91.14000,1.02193,0.32097,0.00142,0.00034,0.67726
91.28000,1.02194,0.50724,0.00386,0.00010,0.48880
91.42000,1.02194,0.75778,0.01474,0.00003,0.22744
91.56000,1.02194,0.82874,0.06618,0.00006,0.10503
91.70000,1.02194,0.64374,0.00564,0.00008,0.35055
91.84000,1.02194,0.70041,0.04793,0.00029,0.25137
91.98000,1.02193,0.72621,0.25862,0.00012,0.01506
92.12000,1.02193,0.84805,0.14442,0.00007,0.00746
92.26000,1.02193,0.57468,0.41946,0.00010,0.00576
92.40000,1.02193,0.70149,0.28505,0.00036,0.01310
92.54000,1.02193,0.37785,0.61811,0.00010,0.00394
92.68000,1.02193,0.56808,0.42609,0.00032,0.00551
92.82000,1.02193,0.61969,0.36715,0.00077,0.01239
92.96000,1.02194,0.80864,0.07698,0.00949,0.10489
93.10000,1.02194,0.68207,0.03197,0.02990,0.25607
93.24000,1.02194,0.64888,0.02389,0.04439,0.28284
93.38000,1.02194,0.73658,0.04482,0.02984,0.18877
93.52000,1.02194,0.82074,0.05878,0.01640,0.10408
93.66000,1.02193,0.82872,0.08120,0.01135,0.07872
93.80000,1.02193,0.83133,0.07187,0.01192,0.08488
93.94000,1.02193,0.79874,0.08107,0.01200,0.10819
94.08000,1.02193,0.79681,0.04845,0.01786,0.13689
94.22000,1.02193,0.77232,0.04252,0.02461,0.16055
94.36000,1.02193,0.51085,0.01281,0.06476,0.41157
94.50000,1.02193,0.38731,0.00646,0.09108,0.51514
94.64000,1.02193,0.38080,0.00710,0.07585,0.53626
94.78000,1.02194,0.47524,0.01306,0.06205,0.44965
94.92000,1.02194,0.67536,0.02681,0.03383,0.26400
95.06000,1.02194,0.76852,0.05178,0.01430,0.16540
95.20000,1.02194,0.75838,0.06966,0.00987,0.16208
95.34000,1.02194,0.78622,0.08032,0.00878,0.12468
95.48000,1.02193,0.77469,0.06816,0.01047,0.14668
95.62000,1.02193,0.74657,0.04507,0.01035,0.19801
95.76000,1.02193,0.78568,0.06224,0.00730,0.14478
95.90000,1.02193,0.73960,0.03687,0.01306,0.21047
96.04000,1.02193,0.74632,0.03792,0.00778,0.20798
96.18000,1.02193,0.75406,0.03400,0.00962,0.20232
96.32000,1.02193,0.65696,0.01121,0.02047,0.31136
96.46000,1.02194,0.70837,0.01516,0.02246,0.25401
96.60000,1.02194,0.80598,0.04426,0.01225,0.13751
96.74000,1.02194,0.79864,0.03834,0.01516,0.14787
96.88000,1.02194,0.84874,0.06929,0.00918,0.07280
97.02000,1.02194,0.84000,0.13330,0.00241,0.02429
97.16000,1.02193,0.78994,0.19492,0.00098,0.01416
97.30000,1.02193,0.69267,0.29722,0.00054,0.00958
97.44000,1.02193,0.63912,0.35362,0.00037,0.00689
97.58000,1.02193,0.64798,0.33989,0.00045,0.01168
97.72000,1.02193,0.67562,0.30552,0.00063,0.01823
97.86000,1.02193,0.69503,0.21905,0.00242,0.08350
98.00000,1.02193,0.69241,0.07193,0.00982,0.22585
98.14000,1.02193,0.71602,0.09808,0.00698,0.17891
98.28000,1.02194,0.72288,0.10557,0.00637,0.16517
98.42000,1.02194,0.61042,0.05662,0.01631,0.31664
98.56000,1.02194,0.64625,0.03609,0.02556,0.29210
98.70000,1.02194,0.69521,0.03568,0.02691,0.24219
98.84000,1.02194,0.82342,0.06010,0.01291,0.10357
98.98000,1.02193,0.81838,0.10887,0.00424,0.06852
99.12000,1.02193,0.78345,0.09789,0.00643,0.11223
99.26000,1.02193,0.75970,0.18009,0.00271,0.05750
99.40000,1.02193,0.76237,0.16595,0.00328,0.06840
99.54000,1.02193,0.74251,0.16409,0.00314,0.09026
99.68000,1.02193,0.62707,0.31100,0.00196,0.05997
99.82000,1.02193,0.73503,0.14032,0.00468,0.11997
99.96000,1.02194,0.73293,0.10377,0.00789,0.15541
100.10000,1.02194,0.78472,0.10887,0.00636,0.10005
100.24000,1.02194,0.82102,0.07569,0.00765,0.09564
100.38000,1.02194,0.82557,0.09595,0.00592,0.07256
100.52000,1.02194,0.81232,0.14309,0.00293,0.04165
100.66000,1.02193,0.82505,0.08410,0.00954,0.08131
100.80000,1.02193,0.82795,0.08151,0.01028,0.08025
100.94000,1.02193,0.83447,0.11188,0.00578,0.04786
101.08000,1.02193,0.83155,0.12441,0.00436,0.03968
101.22000,1.02193,0.81584,0.14579,0.00317,0.03520
101.36000,1.02193,0.82674,0.11987,0.00560,0.04779
101.50000,1.02193,0.80456,0.14544,0.00428,0.04572
101.64000,1.02193,0.74963,0.23073,0.00151,0.01813
101.78000,1.02194,0.68087,0.30928,0.00061,0.00924
101.92000,1.02194,0.77045,0.20186,0.00152,0.02617
102.06000,1.02194,0.78905,0.17574,0.00215,0.03307
102.20000,1.02194,0.77923,0.20283,0.00115,0.01679
102.34000,1.02194,0.79071,0.19401,0.00087,0.01441
102.48000,1.02193,0.81701,0.17152,0.00057,0.01090
102.62000,1.02193,0.81782,0.15872,0.00098,0.02248
102.76000,1.02193,0.86717,0.09141,0.00219,0.03922
102.90000,1.02193,0.85131,0.11748,0.00157,0.02964
103.04000,1.02193,0.83012,0.13741,0.00176,0.03072
103.18000,1.02193,0.81180,0.13699,0.00275,0.04846
103.32000,1.02193,0.77353,0.14473,0.00472,0.07702
103.46000,1.02194,0.77974,0.04389,0.01836,0.15801
103.60000,1.02194,0.81075,0.06301,0.01189,0.11436
103.74000,1.02194,0.77588,0.04783,0.01618,0.16011
103.88000,1.02194,0.72693,0.04295,0.02097,0.20915
104.02000,1.02194,0.68650,0.02541,0.02982,0.25827
104.16000,1.02193,0.64118,0.01690,0.04510,0.29683
104.30000,1.02193,0.77379,0.02661,0.02489,0.17471
104.44000,1.02193,0.83257,0.06561,0.00878,0.09303
104.58000,1.02193,0.84736,0.05195,0.01043,0.09027
104.72000,1.02193,0.84648,0.08061,0.00545,0.06745
104.86000,1.02193,0.85071,0.08172,0.00475,0.06283
105.00000,1.02193,0.79058,0.17151,0.00199,0.03592
105.14000,1.02193,0.81973,0.09335,0.00521,0.08171
105.28000,1.02194,0.84622,0.07191,0.00598,0.07588
105.42000,1.02194,0.78692,0.04082,0.01471,0.15755
105.56000,1.02194,0.74200,0.03257,0.02542,0.20001
105.70000,1.02194,0.65784,0.01643,0.04676,0.27897
105.84000,1.02194,0.65679,0.01774,0.03473,0.29074
105.98000,1.02193,0.50357,0.00893,0.05594,0.43156
106.12000,1.02193,0.52387,0.01377,0.04707,0.41529
106.26000,1.02193,0.32850,0.00435,0.09483,0.57232
106.40000,1.02193,0.38458,0.00354,0.04338,0.56850
106.54000,1.02193,0.27446,0.00600,0.01495,0.70459
106.68000,1.02193,0.31211,0.00686,0.01508,0.66595
106.82000,1.02193,0.28848,0.00456,0.01999,0.68697
106.96000,1.02194,0.31072,0.00673,0.01278,0.66977
107.10000,1.02194,0.28763,0.00429,0.01228,0.69580
107.24000,1.02194,0.25605,0.00317,0.01913,0.72166
107.38000,1.02194,0.20019,0.00308,0.03889,0.75783
107.52000,1.02194,0.23558,0.00129,0.09771,0.66542
107.66000,1.02193,0.27344,0.00170,0.08677,0.63809
107.80000,1.02193,0.25389,0.00095,0.13930,0.60585
107.94000,1.02193,0.20497,0.00078,0.14347,0.65079
108.08000,1.02193,0.23213,0.00087,0.13247,0.63453
108.22000,1.02193,0.22961,0.00085,0.15477,0.61477
108.36000,1.02193,0.40470,0.00234,0.10391,0.48904
108.50000,1.02193,0.68170,0.01649,0.04786,0.25394
108.64000,1.02193,0.70581,0.03915,0.02135,0.23369
108.78000,1.02194,0.71059,0.05388,0.01395,0.22158
108.92000,1.02194,0.77075,0.17632,0.00259,0.05034
109.06000,1.02194,0.65498,0.32550,0.00077,0.01875
109.20000,1.02194,0.61811,0.36692,0.00055,0.01442
109.34000,1.02194,0.76720,0.17353,0.00297,0.05631
109.48000,1.02193,0.79754,0.05625,0.00879,0.13742
109.62000,1.02193,0.81517,0.02461,0.01522,0.14501
109.76000,1.02193,0.77917,0.02039,0.01656,0.18389
109.90000,1.02193,0.55445,0.00686,0.05010,0.38859
110.04000,1.02193,0.58301,0.00694,0.04237,0.36768
110.18000,1.02193,0.63757,0.01039,0.03800,0.31404
110.32000,1.02193,0.60375,0.01132,0.04655,0.33838
110.46000,1.02194,0.76722,0.00369,0.03273,0.19636
110.60000,1.02194,0.96245,0.00003,0.00363,0.03389
110.74000,1.02194,0.98981,0.00000,0.00059,0.00960
110.88000,1.02194,0.99307,0.00000,0.00034,0.00659
111.02000,1.02194,0.99448,0.00000,0.00019,0.00532
111.16000,1.02193,0.99802,0.00000,0.00006,0.00192
111.30000,1.02193,0.99941,0.00000,0.00002,0.00057
111.44000,1.02193,0.99960,0.00000,0.00002,0.00038
111.58000,1.02193,0.99914,0.00000,0.00004,0.00082
111.72000,1.02193,0.99402,0.00000,0.00058,0.00541
111.86000,1.02193,0.99088,0.00000,0.00138,0.00775
112.00000,1.02193,0.97991,0.00000,0.00484,0.01525
112.14000,1.02193,0.99019,0.00002,0.00182,0.00797
112.28000,1.02194,0.99122,0.00000,0.00115,0.00762
112.42000,1.02194,0.90777,0.00001,0.01719,0.07503
112.56000,1.02194,0.95098,0.00000,0.00826,0.04076
112.70000,1.02194,0.93269,0.00001,0.00739,0.05991
112.84000,1.02194,0.91851,0.00002,0.00429,0.07718
112.98000,1.02193,0.87687,0.00001,0.00698,0.11614
113.12000,1.02193,0.52600,0.00011,0.04900,0.42490
113.26000,1.02193,0.46678,0.00013,0.07458,0.45850
113.40000,1.02193,0.51130,0.00018,0.05226,0.43625
113.54000,1.02193,0.42162,0.00014,0.05707,0.52118
113.68000,1.02193,0.52844,0.00002,0.07877,0.39277
113.82000,1.02193,0.68382,0.00002,0.06606,0.25010
113.96000,1.02194,0.68906,0.00001,0.06418,0.24675
114.10000,1.02194,0.78739,0.00000,0.02459,0.18802
114.24000,1.02194,0.82156,0.00000,0.02462,0.15382
114.38000,1.02194,0.85622,0.00000,0.03006,0.11371
114.52000,1.02194,0.76681,0.00000,0.05713,0.17606
114.66000,1.02193,0.73461,0.00000,0.05587,0.20952
114.80000,1.02193,0.78062,0.00000,0.03281,0.18657
114.94000,1.02193,0.78355,0.00000,0.03854,0.17791
115.08000,1.02193,0.77794,0.00000,0.04313,0.17892
115.22000,1.02193,0.83593,0.00000,0.02436,0.13971
115.36000,1.02193,0.89642,0.00000,0.01436,0.08922
115.50000,1.02193,0.93991,0.00000,0.01057,0.04951
115.64000,1.02193,0.96158,0.00000,0.00763,0.03079
115.78000,1.02194,0.96797,0.00000,0.00662,0.02541
115.92000,1.02194,0.97132,0.00000,0.00480,0.02388
116.06000,1.02194,0.98695,0.00000,0.00225,0.01080
116.20000,1.02194,0.98738,0.00000,0.00192,0.01070
116.34000,1.02194,0.98995,0.00000,0.00109,0.00896
116.48000,1.02193,0.99124,0.00000,0.00091,0.00785
116.62000,1.02193,0.98242,0.00000,0.00195,0.01563
116.76000,1.02193,0.97701,0.00000,0.00392,0.01907
116.90000,1.02193,0.99188,0.00000,0.00112,0.00699
117.04000,1.02193,0.99206,0.00000,0.00086,0.00708
117.18000,1.02193,0.99423,0.00000,0.00048,0.00529
117.32000,1.02193,0.99040,0.00000,0.00131,0.00828
117.46000,1.02194,0.98355,0.00000,0.00183,0.01462
117.60000,1.02194,0.98335,0.00000,0.00158,0.01507
117.74000,1.02194,0.96284,0.00000,0.00293,0.03422
117.88000,1.02194,0.80388,0.00000,0.02243,0.17369
118.02000,1.02194,0.46114,0.00006,0.07485,0.46396
118.16000,1.02193,0.26282,0.00032,0.09524,0.64162
118.30000,1.02193,0.27007,0.00037,0.09547,0.63409
118.44000,1.02193,0.30971,0.00088,0.11438,0.57502
118.58000,1.02193,0.33986,0.00089,0.09317,0.56608
118.72000,1.02193,0.48435,0.00505,0.04337,0.46723
118.86000,1.02193,0.48628,0.00408,0.03837,0.47127
119.00000,1.02193,0.55282,0.00542,0.04114,0.40062
119.14000,1.02193,0.53353,0.00573,0.04369,0.41705
119.28000,1.02194,0.53141,0.00642,0.04727,0.41489
119.42000,1.02194,0.53170,0.00399,0.04627,0.41804
119.56000,1.02194,0.42453,0.00453,0.09114,0.47979
119.70000,1.02194,0.43321,0.00154,0.16877,0.39648
119.84000,1.02194,0.33423,0.00137,0.20867,0.45572
119.98000,1.02193,0.31799,0.00120,0.25561,0.42521
120.12000,1.02193,0.38013,0.00227,0.24158,0.37603
120.26000,1.02193,0.47166,0.00329,0.17273,0.35232
120.40000,1.02193,0.45864,0.00334,0.07975,0.45827
120.54000,1.02193,0.50615,0.00720,0.06416,0.42248
120.68000,1.02193,0.48194,0.00694,0.06008,0.45104
120.82000,1.02193,0.52881,0.01151,0.04628,0.41341
120.96000,1.02194,0.59266,0.01281,0.02268,0.37185
121.10000,1.02194,0.51236,0.01018,0.03576,0.44170
121.24000,1.02194,0.45122,0.01264,0.05858,0.47757
121.38000,1.02194,0.38924,0.01011,0.05627,0.54438
121.52000,1.02194,0.39661,0.00594,0.08407,0.51337
121.66000,1.02193,0.38286,0.00919,0.05204,0.55590
121.80000,1.02193,0.27590,0.00345,0.06994,0.65071
121.94000,1.02193,0.40366,0.00686,0.05139,0.53809
122.08000,1.02193,0.45674,0.01360,0.04184,0.48782
122.22000,1.02193,0.43292,0.00813,0.07533,0.48363
122.36000,1.02193,0.56060,0.00740,0.09745,0.33456
122.50000,1.02193,0.67803,0.01103,0.07425,0.23669
122.64000,1.02193,0.69252,0.00808,0.09540,0.20401
122.78000,1.02194,0.73559,0.01604,0.07430,0.17407
122.92000,1.02194,0.63402,0.00779,0.13131,0.22688
123.06000,1.02194,0.80524,0.01413,0.05967,0.12095
123.20000,1.02194,0.87144,0.01782,0.03093,0.07981
123.34000,1.02194,0.89237,0.01707,0.02890,0.06165
123.48000,1.02193,0.84175,0.01495,0.04989,0.09340
123.62000,1.02193,0.84493,0.01744,0.05172,0.08590
123.76000,1.02193,0.89331,0.01730,0.03240,0.05699
123.90000,1.02193,0.87224,0.01127,0.04787,0.06861
124.04000,1.02193,0.84657,0.01090,0.05633,0.08620
124.18000,1.02193,0.86209,0.01248,0.04271,0.08272
124.32000,1.02193,0.83174,0.01059,0.03792,0.11975
124.46000,1.02194,0.80171,0.01031,0.03975,0.14822
124.60000,1.02194,0.76220,0.00625,0.06097,0.17058
124.74000,1.02194,0.67843,0.00852,0.06467,0.24838
124.88000,1.02194,0.67669,0.01090,0.06375,0.24866
125.02000,1.02194,0.48316,0.00345,0.18233,0.33105
125.16000,1.02193,0.47093,0.00232,0.28017,0.24658
125.30000,1.02193,0.51498,0.00222,0.29031,0.19249
125.44000,1.02193,0.47028,0.00151,0.36502,0.16319
125.58000,1.02193,0.44348,0.00088,0.40856,0.14708
125.72000,1.02193,0.36647,0.00036,0.49481,0.13836
125.86000,1.02193,0.40987,0.00016,0.45902,0.13095
126.00000,1.02193,0.50795,0.00007,0.32632,0.16566
126.14000,1.02193,0.57660,0.00013,0.26245,0.16082
126.28000,1.02194,0.72700,0.00005,0.14756,0.12538
126.42000,1.02194,0.76040,0.00003,0.12341,0.11616
126.56000,1.02194,0.77840,0.00003,0.10278,0.11880
126.70000,1.02194,0.81999,0.00003,0.06635,0.11363
126.84000,1.02194,0.78401,0.00020,0.08934,0.12645
126.98000,1.02193,0.76684,0.00031,0.09273,0.14012
127.12000,1.02193,0.82879,0.00046,0.06341,0.10734
127.26000,1.02193,0.69238,0.00208,0.08672,0.21882
127.40000,1.02193,0.74534,0.01329,0.04362,0.19775
127.54000,1.02193,0.75132,0.02212,0.04089,0.18567
127.68000,1.02193,0.72365,0.02482,0.04873,0.20280
127.82000,1.02193,0.65089,0.01787,0.06958,0.26166
127.96000,1.02193,0.71140,0.02443,0.06279,0.20138
128.10001,1.02193,0.64140,0.01242,0.10461,0.24157
128.24001,1.02193,0.67445,0.01367,0.12138,0.19049
128.38000,1.02193,0.47173,0.00528,0.25249,0.27050
128.52000,1.02193,0.49544,0.00527,0.24109,0.25820
128.66000,1.02193,0.59883,0.00938,0.16639,0.22541
128.80000,1.02193,0.61350,0.01081,0.11648,0.25921
128.94000,1.02194,0.58928,0.00981,0.12233,0.27858
129.08000,1.02194,0.57928,0.01010,0.10694,0.30369
129.22000,1.02194,0.66638,0.01032,0.08669,0.23661
129.36000,1.02194,0.72169,0.01594,0.06502,0.19736
129.50000,1.02194,0.65295,0.01098,0.08109,0.25498
129.64000,1.02194,0.63562,0.00698,0.12248,0.23492
129.78000,1.02194,0.88477,0.03085,0.02030,0.06407
129.92000,1.02194,0.92550,0.03279,0.00935,0.03236
130.06000,1.02194,0.85223,0.09931,0.00386,0.04460
130.20000,1.02194,0.80394,0.16618,0.00173,0.02816
130.34000,1.02194,0.82276,0.15203,0.00164,0.02358
130.48000,1.02194,0.89530,0.07993,0.00181,0.02296
130.62000,1.02194,0.88979,0.08352,0.00244,0.02424
130.75999,1.02194,0.79629,0.01095,0.02623,0.16654
130.89999,1.02194,0.75441,0.00439,0.09697,0.14423
131.03999,1.02194,0.72515,0.00089,0.14846,0.12550
131.17999,1.02194,0.66061,0.00009,0.19290,0.14639
131.32001,1.02193,0.66494,0.00013,0.17052,0.16441
131.46001,1.02193,0.59847,0.00011,0.15952,0.24191
131.60001,1.02193,0.55172,0.00010,0.14101,0.30717
131.74001,1.02193,0.55962,0.00012,0.12498,0.31528
131.88000,1.02193,0.75550,0.00044,0.04210,0.20197
132.02000,1.02193,0.73018,0.00095,0.04407,0.22480
132.16000,1.02193,0.56381,0.00285,0.07839,0.35495
132.30000,1.02193,0.49535,0.00208,0.12741,0.37516
132.44000,1.02194,0.61186,0.00386,0.12037,0.26391
132.58000,1.02194,0.80095,0.01219,0.04140,0.14547
132.72000,1.02194,0.86642,0.03266,0.01297,0.08795
132.86000,1.02194,0.86140,0.02498,0.01461,0.09902
133.00000,1.02194,0.85535,0.11040,0.00254,0.03172
133.14000,1.02194,0.86374,0.11072,0.00139,0.02415
133.28000,1.02194,0.88467,0.09194,0.00050,0.02288
133.42000,1.02194,0.86588,0.10101,0.00072,0.03239
133.56000,1.02194,0.81401,0.12790,0.00142,0.05668
133.70000,1.02194,0.85013,0.03601,0.00452,0.10934
133.84000,1.02194,0.86198,0.06689,0.00328,0.06785
133.98000,1.02194,0.82581,0.02896,0.00971,0.13552
134.12000,1.02194,0.75357,0.02818,0.01615,0.20211
134.25999,1.02194,0.87084,0.00607,0.01314,0.10995
134.39999,1.02194,0.94683,0.00034,0.00471,0.04813
134.53999,1.02194,0.95265,0.00001,0.00355,0.04380
134.67999,1.02194,0.98572,0.00002,0.00100,0.01327
134.82001,1.02193,0.98961,0.00000,0.00054,0.00984
134.96001,1.02193,0.99373,0.00000,0.00030,0.00597
135.10001,1.02193,0.99883,0.00000,0.00004,0.00113
135.24001,1.02193,0.99947,0.00000,0.00001,0.00051
135.38000,1.02193,0.99937,0.00000,0.00001,0.00062
135.52000,1.02193,0.99963,0.00000,0.00001,0.00036
135.66000,1.02193,0.99923,0.00000,0.00001,0.00076
135.80000,1.02193,0.99930,0.00000,0.00001,0.00069
135.94000,1.02194,0.99939,0.00000,0.00001,0.00060
136.08000,1.02194,0.99788,0.00000,0.00006,0.00205
136.22000,1.02194,0.99683,0.00000,0.00013,0.00304
136.36000,1.02194,0.99741,0.00000,0.00012,0.00246
136.50000,1.02194,0.99527,0.00000,0.00031,0.00442
136.64000,1.02194,0.99089,0.00000,0.00074,0.00837
136.78000,1.02194,0.96919,0.00000,0.00324,0.02757
136.92000,1.02194,0.99098,0.00000,0.00057,0.00845
137.06000,1.02194,0.99577,0.00000,0.00019,0.00404
137.20000,1.02194,0.99586,0.00000,0.00018,0.00396
137.34000,1.02194,0.99910,0.00000,0.00002,0.00088
137.48000,1.02194,0.99849,0.00000,0.00004,0.00147
137.62000,1.02194,0.99931,0.00000,0.00002,0.00067
137.75999,1.02194,0.99961,0.00000,0.00001,0.00039
137.89999,1.02194,0.99857,0.00000,0.00004,0.00140
138.03999,1.02194,0.99861,0.00000,0.00004,0.00135
138.17999,1.02194,0.99525,0.00000,0.00027,0.00448
138.32001,1.02193,0.99324,0.00000,0.00063,0.00613
138.46001,1.02193,0.99592,0.00000,0.00032,0.00376
138.60001,1.02193,0.98535,0.00000,0.00096,0.01369
138.74001,1.02193,0.97917,0.00000,0.00106,0.01977
138.88000,1.02193,0.90729,0.00000,0.00239,0.09032
139.02000,1.02193,0.77099,0.00000,0.00240,0.22661
139.16000,1.02193,0.73632,0.00000,0.00176,0.26192
139.30000,1.02193,0.69496,0.00000,0.00248,0.30256
139.44000,1.02194,0.81941,0.00000,0.00097,0.17962
139.58000,1.02194,0.82925,0.00000,0.00065,0.17010
139.72000,1.02194,0.87978,0.00000,0.00112,0.11910
139.86000,1.02194,0.92950,0.00000,0.00154,0.06896
140.00000,1.02194,0.95527,0.00000,0.00158,0.04315
140.14000,1.02194,0.92660,0.00000,0.00477,0.06863
140.28000,1.02194,0.80134,0.00000,0.01288,0.18577
140.42000,1.02194,0.58880,0.00001,0.03887,0.37232
140.56000,1.02194,0.42861,0.00007,0.10476,0.46655
140.70000,1.02194,0.37898,0.00009,0.08448,0.53646
140.84000,1.02194,0.58383,0.00001,0.04983,0.36633
140.98000,1.02194,0.82859,0.00000,0.01400,0.15741
141.12000,1.02194,0.76142,0.00000,0.01861,0.21997
141.25999,1.02194,0.86749,0.00000,0.01234,0.12017
141.39999,1.02194,0.94506,0.00000,0.00448,0.05046
141.53999,1.02194,0.98789,0.00000,0.00054,0.01157
141.67999,1.02194,0.98934,0.00000,0.00072,0.00994
141.82001,1.02193,0.97877,0.00000,0.00261,0.01862
141.96001,1.02193,0.98143,0.00000,0.00275,0.01582
142.10001,1.02193,0.97828,0.00000,0.00286,0.01886
142.24001,1.02193,0.98898,0.00000,0.00117,0.00985
142.38000,1.02193,0.98013,0.00000,0.00234,0.01754
142.52000,1.02193,0.98246,0.00000,0.00193,0.01560
142.66000,1.02193,0.99366,0.00000,0.00035,0.00600
142.80000,1.02193,0.99653,0.00000,0.00013,0.00334
142.94000,1.02194,0.99737,0.00000,0.00009,0.00254
143.08000,1.02194,0.99853,0.00000,0.00005,0.00142
143.22000,1.02194,0.99796,0.00000,0.00009,0.00195
143.36000,1.02194,0.99741,0.00000,0.00013,0.00247
143.50000,1.02194,0.99492,0.00000,0.00040,0.00468
143.64000,1.02194,0.99538,0.00000,0.00039,0.00423
143.78000,1.02194,0.99342,0.00000,0.00060,0.00598
143.92000,1.02194,0.99418,0.00000,0.00049,0.00533
144.06000,1.02194,0.99702,0.00000,0.00019,0.00279
144.20000,1.02194,0.99722,0.00000,0.00016,0.00263
144.34000,1.02194,0.99792,0.00000,0.00011,0.00197
144.48000,1.02194,0.99829,0.00000,0.00008,0.00163
144.62000,1.02194,0.99839,0.00000,0.00007,0.00155
144.75999,1.02194,0.99904,0.00000,0.00003,0.00093
144.89999,1.02194,0.99871,0.00000,0.00005,0.00123
145.03999,1.02194,0.99810,0.00000,0.00008,0.00181
145.17999,1.02194,0.99827,0.00000,0.00007,0.00166
145.32001,1.02193,0.99830,0.00000,0.00006,0.00164
145.46001,1.02193,0.99806,0.00000,0.00009,0.00185
145.60001,1.02193,0.99853,0.00000,0.00006,0.00141
145.74001,1.02193,0.99835,0.00000,0.00007,0.00158
145.88000,1.02193,0.99861,0.00000,0.00005,0.00134
146.02000,1.02193,0.99816,0.00000,0.00006,0.00178
146.16000,1.02193,0.99763,0.00000,0.00008,0.00229
146.30000,1.02193,0.99832,0.00000,0.00005,0.00164
146.44000,1.02194,0.99794,0.00000,0.00008,0.00198
146.58000,1.02194,0.99824,0.00000,0.00011,0.00165
146.72000,1.02194,0.99904,0.00000,0.00007,0.00089
146.86000,1.02194,0.99849,0.00001,0.00012,0.00138
147.00000,1.02194,0.99815,0.00012,0.00026,0.00147
147.14000,1.02194,0.99934,0.00001,0.00007,0.00057
147.28000,1.02194,0.99938,0.00002,0.00007,0.00053
147.42000,1.02194,0.99894,0.00000,0.00010,0.00097
147.56000,1.02194,0.99617,0.00000,0.00035,0.00348
147.70000,1.02194,0.98673,0.00000,0.00134,0.01193
147.84000,1.02194,0.97658,0.00000,0.00278,0.02064
147.98000,1.02194,0.94399,0.00000,0.00847,0.04754
148.12000,1.02194,0.78221,0.00000,0.04626,0.17152
148.25999,1.02194,0.65173,0.00002,0.09104,0.25721
148.39999,1.02194,0.28419,0.00033,0.20065,0.51484
148.53999,1.02194,0.28183,0.00017,0.10610,0.61190
148.67999,1.02194,0.32198,0.00010,0.10564,0.57228
148.82001,1.02193,0.37268,0.00005,0.06660,0.56067
148.96001,1.02193,0.35059,0.00002,0.02350,0.62588
149.10001,1.02193,0.35078,0.00002,0.01560,0.63360
149.24001,1.02193,0.45189,0.00001,0.01325,0.53485
149.38000,1.02193,0.83315,0.00000,0.00498,0.16187
149.52000,1.02193,0.84144,0.00000,0.00485,0.15371
149.66000,1.02193,0.78088,0.00000,0.00808,0.21104
149.80000,1.02193,0.85883,0.00000,0.00557,0.13560
149.94000,1.02194,0.92873,0.00000,0.00760,0.06367
150.08000,1.02194,0.91578,0.00000,0.00735,0.07687
150.22000,1.02194,0.94710,0.00000,0.00336,0.04954
150.36000,1.02194,0.91004,0.00000,0.00637,0.08359
150.50000,1.02194,0.94901,0.00000,0.00358,0.04741
150.64000,1.02194,0.98257,0.00000,0.00082,0.01661
150.78000,1.02194,0.99088,0.00000,0.00038,0.00873
150.92000,1.02194,0.99158,0.00000,0.00046,0.00797
151.06000,1.02194,0.99104,0.00000,0.00047,0.00849
151.20000,1.02194,0.96601,0.00000,0.00153,0.03246
151.34000,1.02194,0.92457,0.00001,0.00179,0.07364
151.48000,1.02194,0.84368,0.00007,0.00247,0.15378
151.62000,1.02194,0.44259,0.00797,0.01113,0.53831
151.75999,1.02194,0.23537,0.08461,0.01034,0.66969
151.89999,1.02194,0.22453,0.12706,0.00588,0.64253
152.03999,1.02194,0.14931,0.10886,0.00525,0.73658
152.17999,1.02194,0.13367,0.12357,0.00475,0.73800
152.32001,1.02193,0.15376,0.10493,0.00613,0.73518
152.46001,1.02193,0.16407,0.09085,0.00818,0.73690
152.60001,1.02193,0.15869,0.06853,0.00845,0.76432
152.74001,1.02193,0.18841,0.06838,0.00961,0.73361
152.88000,1.02193,0.16505,0.04656,0.01461,0.77379
153.02000,1.02193,0.12730,0.02160,0.01240,0.83870
153.16000,1.02193,0.11118,0.02093,0.01112,0.85677
153.30000,1.02193,0.10545,0.02022,0.00879,0.86554
153.44000,1.02194,0.11137,0.03262,0.00788,0.84812
153.58000,1.02194,0.09737,0.04588,0.00523,0.85151
153.72000,1.02194,0.14430,0.07796,0.00422,0.77352
153.86000,1.02194,0.23556,0.21321,0.00194,0.54929
154.00000,1.02194,0.28676,0.51008,0.00129,0.20187
154.14000,1.02194,0.18982,0.75369,0.00036,0.05613
154.28000,1.02194,0.09073,0.89963,0.00010,0.00954
154.42000,1.02194,0.05121,0.94594,0.00003,0.00282
154.56000,1.02194,0.03316,0.96561,0.00001,0.00123
154.70000,1.02194,0.04089,0.95700,0.00002,0.00209
154.84000,1.02194,0.05378,0.93690,0.00003,0.00929
154.98000,1.02194,0.04751,0.94690,0.00002,0.00556
155.12000,1.02194,0.09556,0.89898,0.00002,0.00544
155.25999,1.02194,0.14996,0.82959,0.00004,0.02041
155.39999,1.02194,0.07400,0.92416,0.00001,0.00183
155.53999,1.02194,0.03391,0.96592,0.00000,0.00017
155.67999,1.02194,0.01872,0.98124,0.00000,0.00004
155.82001,1.02193,0.01368,0.98630,0.00000,0.00002
155.96001,1.02193,0.01263,0.98734,0.00000,0.00002
156.10001,1.02193,0.01431,0.98565,0.00000,0.00004
156.24001,1.02193,0.00849,0.99150,0.00000,0.00001
156.38000,1.02193,0.01140,0.98858,0.00000,0.00002
156.52000,1.02193,0.00599,0.99400,0.00000,0.00001
156.66000,1.02193,0.00778,0.99221,0.00000,0.00001
156.80000,1.02193,0.00637,0.99361,0.00000,0.00001
156.94000,1.02194,0.00462,0.99536,0.00000,0.00003
157.08000,1.02194,0.00693,0.99305,0.00000,0.00002
157.22000,1.02194,0.00726,0.99245,0.00001,0.00029
157.36000,1.02194,0.01354,0.98478,0.00003,0.00166
157.50000,1.02194,0.01550,0.98115,0.00004,0.00330
157.64000,1.02194,0.01540,0.98290,0.00004,0.00166
157.78000,1.02194,0.01285,0.98506,0.00003,0.00206
157.92000,1.02194,0.00834,0.99114,0.00001,0.00051
158.06000,1.02194,0.00467,0.99524,0.00000,0.00009
158.20000,1.02194,0.00486,0.99508,0.00000,0.00006
158.34000,1.02194,0.00346,0.99653,0.00000,0.00001
158.48000,1.02194,0.00448,0.99551,0.00000,0.00002
158.62000,1.02194,0.00396,0.99602,0.00000,0.00001
158.75999,1.02194,0.00471,0.99526,0.00000,0.00002
158.89999,1.02194,0.00448,0.99543,0.00000,0.00009
159.03999,1.02194,0.01544,0.98386,0.00001,0.00070
159.17999,1.02194,0.03408,0.96279,0.00002,0.00311
159.32001,1.02193,0.05598,0.92042,0.00007,0.02353
159.46001,1.02193,0.06462,0.87021,0.00010,0.06507
159.60001,1.02193,0.05970,0.88084,0.00006,0.05940
159.74001,1.02193,0.12735,0.79261,0.00012,0.07991
159.88000,1.02193,0.16834,0.65109,0.00027,0.18030
160.02000,1.02193,0.15561,0.76763,0.00027,0.07649
160.16000,1.02193,0.06337,0.92540,0.00010,0.01113
160.30000,1.02193,0.07615,0.91421,0.00007,0.00958
160.44000,1.02194,0.07864,0.91353,0.00005,0.00778
160.58000,1.02194,0.04753,0.94922,0.00003,0.00322
160.72000,1.02194,0.08199,0.91257,0.00006,0.00538
160.86000,1.02194,0.08380,0.90596,0.00005,0.01019
161.00000,1.02194,0.06014,0.92670,0.00004,0.01312
161.14000,1.02194,0.09707,0.88670,0.00006,0.01617
161.28000,1.02194,0.07124,0.91168,0.00005,0.01702
161.42000,1.02194,0.10743,0.84852,0.00012,0.04394
161.56000,1.02194,0.09391,0.86411,0.00012,0.04187
161.70000,1.02194,0.07162,0.90949,0.00007,0.01882
161.84000,1.02194,0.05400,0.93252,0.00005,0.01343
161.98000,1.02194,0.09374,0.86835,0.00011,0.03780
162.12000,1.02194,0.08846,0.84670,0.00021,0.06463
162.25999,1.02194,0.11997,0.75828,0.00039,0.12136
162.39999,1.02194,0.07459,0.85453,0.00019,0.07069
162.53999,1.02194,0.10847,0.70818,0.00044,0.18290
162.67999,1.02194,0.09877,0.70812,0.00044,0.19266
162.82001,1.02193,0.09993,0.81113,0.00028,0.08865
162.96001,1.02193,0.07274,0.90053,0.00012,0.02661
163.10001,1.02193,0.05522,0.93900,0.00004,0.00573
163.24001,1.02193,0.07698,0.91522,0.00004,0.00776
163.38000,1.02193,0.06465,0.93193,0.00002,0.00340
163.52000,1.02193,0.04624,0.94993,0.00002,0.00381
163.66000,1.02193,0.07885,0.91044,0.00005,0.01066
163.80000,1.02193,0.07126,0.90744,0.00008,0.02123
163.94000,1.02194,0.11562,0.69068,0.00042,0.19328
164.08000,1.02194,0.09225,0.51153,0.00090,0.39532
164.22000,1.02194,0.04984,0.61013,0.00096,0.33907
164.36000,1.02194,0.06160,0.66668,0.00125,0.27047
164.50000,1.02194,0.05479,0.58351,0.00130,0.36040
164.64000,1.02194,0.05323,0.70989,0.00114,0.23573
164.78000,1.02194,0.04417,0.87088,0.00067,0.08428
164.92000,1.02194,0.02473,0.93618,0.00035,0.03875
165.06000,1.02194,0.03112,0.90149,0.00031,0.06708
165.20000,1.02194,0.03532,0.88525,0.00039,0.07904
165.34000,1.02194,0.04703,0.84430,0.00046,0.10821
165.48000,1.02194,0.04278,0.92762,0.00017,0.02943
165.62000,1.02194,0.06944,0.86595,0.00020,0.06441
165.75999,1.02194,0.07472,0.74052,0.00026,0.18449
165.89999,1.02194,0.05480,0.90462,0.00017,0.04041
166.03999,1.02194,0.07828,0.86555,0.00017,0.05600
166.17999,1.02194,0.07104,0.89001,0.00014,0.03880
166.32001,1.02193,0.05426,0.90857,0.00012,0.03705
166.46001,1.02193,0.05448,0.90293,0.00022,0.04236
166.60001,1.02193,0.05267,0.89811,0.00019,0.04903
166.74001,1.02193,0.06269,0.86947,0.00018,0.06765
166.88000,1.02193,0.04397,0.90595,0.00021,0.04987
167.02000,1.02193,0.03732,0.91725,0.00018,0.04526
167.16000,1.02193,0.03643,0.90974,0.00025,0.05357
167.30000,1.02193,0.02713,0.96172,0.00008,0.01106
167.44000,1.02194,0.02026,0.97404,0.00004,0.00565
167.58000,1.02194,0.02102,0.97421,0.00002,0.00474
167.72000,1.02194,0.02915,0.96532,0.00003,0.00550
167.86000,1.02194,0.03938,0.95087,0.00005,0.00971
168.00000,1.02194,0.03653,0.95811,0.00003,0.00533
168.14000,1.02194,0.04264,0.95212,0.00002,0.00522
168.28000,1.02194,0.09347,0.86197,0.00013,0.04443
168.42000,1.02194,0.04344,0.94294,0.00005,0.01357
168.56000,1.02194,0.07065,0.91815,0.00007,0.01112
168.70000,1.02194,0.07164,0.91446,0.00008,0.01382
168.84000,1.02194,0.06061,0.93420,0.00004,0.00515
168.98000,1.02194,0.08694,0.90023,0.00006,0.01277
169.12000,1.02194,0.10179,0.87500,0.00012,0.02309
169.25999,1.02194,0.08880,0.90205,0.00005,0.00910
169.39999,1.02194,0.03850,0.95569,0.00003,0.00577
169.53999,1.02194,0.04658,0.94823,0.00003,0.00516
169.67999,1.02194,0.04271,0.95492,0.00002,0.00235
169.82001,1.02193,0.02054,0.97770,0.00002,0.00174
169.96001,1.02193,0.02146,0.97749,0.00001,0.00104
170.10001,1.02193,0.01637,0.98188,0.00002,0.00174
170.24001,1.02193,0.05725,0.91670,0.00011,0.02594
170.38000,1.02193,0.05139,0.92528,0.00013,0.02321
170.52000,1.02193,0.03223,0.94742,0.00013,0.02022
170.66000,1.02193,0.03364,0.94292,0.00017,0.02327
170.80000,1.02193,0.04258,0.94722,0.00010,0.01010
170.94000,1.02194,0.05594,0.94206,0.00003,0.00197
171.08000,1.02194,0.03659,0.96302,0.00001,0.00038
171.22000,1.02194,0.02077,0.97913,0.00000,0.00011
171.36000,1.02194,0.03387,0.96606,0.00000,0.00006
171.50000,1.02194,0.04974,0.95005,0.00000,0.00020
171.64000,1.02194,0.03798,0.96196,0.00000,0.00007
171.78000,1.02194,0.04766,0.95223,0.00000,0.00011
171.92000,1.02194,0.05229,0.94757,0.00000,0.00014
172.06000,1.02194,0.03681,0.96310,0.00000,0.00009
172.20000,1.02194,0.01634,0.98365,0.00000,0.00001
172.34000,1.02194,0.01165,0.98835,0.00000,0.00000
172.48000,1.02194,0.01123,0.98877,0.00000,0.00000
172.62000,1.02194,0.01333,0.98667,0.00000,0.00000
172.75999,1.02194,0.00379,0.99621,0.00000,0.00000
172.89999,1.02194,0.00333,0.99667,0.00000,0.00000
173.03999,1.02194,0.00231,0.99769,0.00000,0.00000
173.17999,1.02194,0.00284,0.99715,0.00000,0.00000
173.32001,1.02193,0.00142,0.99858,0.00000,0.00000
173.46001,1.02193,0.00149,0.99851,0.00000,0.00000
173.60001,1.02193,0.00260,0.99739,0.00000,0.00000
173.74001,1.02193,0.00396,0.99603,0.00000,0.00001
173.88000,1.02193,0.00290,0.99710,0.00000,0.00000
174.02000,1.02193,0.00811,0.99187,0.00000,0.00002
174.16000,1.02193,0.01354,0.98634,0.00000,0.00011
174.30000,1.02193,0.01804,0.98187,0.00000,0.00009
174.44000,1.02194,0.03083,0.96850,0.00001,0.00066
174.58000,1.02194,0.02631,0.97259,0.00001,0.00110
174.72000,1.02194,0.05038,0.94015,0.00004,0.00943
174.86000,1.02194,0.09888,0.85186,0.00021,0.04905
175.00000,1.02194,0.07427,0.87759,0.00024,0.04790
175.14000,1.02194,0.10187,0.59831,0.00097,0.29884
175.28000,1.02194,0.06952,0.18297,0.00169,0.74582
175.42000,1.02194,0.07240,0.21871,0.00232,0.70657
175.56000,1.02194,0.06714,0.10392,0.00210,0.82684
175.70000,1.02194,0.07176,0.09806,0.00299,0.82719
175.84000,1.02194,0.07849,0.08554,0.00280,0.83317
175.98000,1.02194,0.09758,0.12545,0.00383,0.77314
176.12000,1.02194,0.10072,0.12554,0.00384,0.76989
176.25999,1.02194,0.09952,0.13492,0.00365,0.76190
176.39999,1.02194,0.11395,0.13983,0.00301,0.74321
176.53999,1.02194,0.15900,0.31243,0.00230,0.52626
176.67999,1.02194,0.21645,0.37971,0.00139,0.40244
176.82001,1.02193,0.17734,0.69542,0.00063,0.12660
176.96001,1.02193,0.09678,0.87154,0.00018,0.03150
177.10001,1.02193,0.04620,0.95125,0.00003,0.00252
177.24001,1.02193,0.02622,0.97358,0.00000,0.00020
177.38000,1.02193,0.01063,0.98935,0.00000,0.00002
177.52000,1.02193,0.00548,0.99451,0.00000,0.00001
177.66000,1.02193,0.00403,0.99597,0.00000,0.00001
177.80000,1.02193,0.00528,0.99471,0.00000,0.00001
177.94000,1.02194,0.01279,0.98715,0.00000,0.00006
178.08000,1.02194,0.02553,0.97404,0.00001,0.00042
178.22000,1.02194,0.08469,0.90675,0.00012,0.00844
178.36000,1.02194,0.22050,0.69605,0.00108,0.08236
178.50000,1.02194,0.26451,0.48936,0.00151,0.24462
178.64000,1.02194,0.10242,0.10537,0.00277,0.78943
178.78000,1.02194,0.11405,0.08094,0.00443,0.80058
178.92000,1.02194,0.16189,0.11723,0.00377,0.71711
179.06000,1.02194,0.21035,0.14451,0.00430,0.64084
179.20000,1.02194,0.15812,0.17282,0.00285,0.66621
179.34000,1.02194,0.21195,0.39770,0.00176,0.38859
179.48000,1.02194,0.28084,0.47742,0.00144,0.24030
179.62000,1.02194,0.22986,0.71732,0.00038,0.05244
179.75999,1.02194,0.18096,0.79844,0.00016,0.02044
179.89999,1.02194,0.15172,0.82884,0.00012,0.01932
180.03999,1.02194,0.15249,0.83519,0.00010,0.01222
180.17999,1.02194,0.05869,0.93984,0.00002,0.00145
180.32001,1.02193,0.03705,0.96197,0.00001,0.00096
180.46001,1.02193,0.01186,0.98802,0.00000,0.00012
180.60001,1.02193,0.01618,0.98363,0.00000,0.00018
180.74001,1.02193,0.01344,0.98645,0.00000,0.00011
180.88000,1.02193,0.00747,0.99246,0.00000,0.00007
181.02000,1.02193,0.00894,0.99101,0.00000,0.00005
181.16000,1.02193,0.01124,0.98870,0.00000,0.00006
181.30000,1.02193,0.02408,0.97584,0.00000,0.00007
181.44000,1.02194,0.02757,0.97235,0.00000,0.00008
181.58000,1.02194,0.01913,0.98086,0.00000,0.00001
181.72000,1.02194,0.02729,0.97271,0.00000,0.00001
181.86000,1.02194,0.03317,0.96682,0.00000,0.00001
182.00000,1.02194,0.04232,0.95762,0.00000,0.00006
182.14000,1.02194,0.07173,0.92802,0.00000,0.00025
182.28000,1.02194,0.07538,0.92339,0.00001,0.00122
182.42000,1.02194,0.12320,0.86698,0.00003,0.00979
182.56000,1.02194,0.15463,0.73982,0.00018,0.10537
182.70000,1.02194,0.12608,0.62394,0.00034,0.24964
182.84000,1.02194,0.10589,0.71204,0.00030,0.18177
182.98000,1.02194,0.14589,0.59034,0.00053,0.26324
183.12000,1.02194,0.12324,0.54940,0.00063,0.32673
183.25999,1.02194,0.11879,0.53358,0.00090,0.34673
183.39999,1.02194,0.06833,0.23216,0.00151,0.69800
183.53999,1.02194,0.08329,0.27082,0.00201,0.64387
183.67999,1.02194,0.06730,0.20056,0.00226,0.72988
183.82001,1.02193,0.05265,0.14177,0.00252,0.80306
183.96001,1.02193,0.05197,0.17016,0.00243,0.77544
184.10001,1.02193,0.05075,0.31772,0.00184,0.62969
184.24001,1.02193,0.04507,0.37580,0.00139,0.57774
184.38000,1.02193,0.03606,0.71405,0.00094,0.24895
184.52000,1.02193,0.03283,0.72404,0.00108,0.24205
184.66000,1.02193,0.02514,0.84608,0.00095,0.12783
184.80000,1.02193,0.01879,0.89594,0.00093,0.08435
184.94000,1.02194,0.01532,0.93868,0.00066,0.04534
185.08000,1.02194,0.01510,0.95035,0.00083,0.03371
185.22000,1.02194,0.01355,0.96682,0.00068,0.01896
185.36000,1.02194,0.01426,0.96531,0.00075,0.01969
185.50000,1.02194,0.01501,0.96310,0.00083,0.02106
185.64000,1.02194,0.01466,0.96549,0.00089,0.01897
185.78000,1.02194,0.01423,0.96707,0.00081,0.01789
185.92000,1.02194,0.01389,0.96479,0.00075,0.02057
186.06000,1.02194,0.01687,0.94047,0.00092,0.04174
186.20000,1.02194,0.01603,0.94134,0.00090,0.04173
186.34000,1.02194,0.01696,0.91973,0.00099,0.06232
186.48000,1.02194,0.01743,0.90021,0.00097,0.08139
186.62000,1.02194,0.01636,0.89720,0.00100,0.08544
186.75999,1.02194,0.01745,0.84541,0.00095,0.13619
186.89999,1.02194,0.01881,0.82840,0.00106,0.15172
187.03999,1.02194,0.01728,0.84347,0.00069,0.13856
187.17999,1.02194,0.01889,0.73226,0.00063,0.24823
187.32001,1.02193,0.02115,0.58881,0.00061,0.38943
187.46001,1.02193,0.02452,0.61285,0.00060,0.36203
187.60001,1.02193,0.02647,0.53132,0.00049,0.44171
187.74001,1.02193,0.03086,0.71627,0.00040,0.25246
187.88000,1.02193,0.02949,0.80921,0.00030,0.16099
188.02000,1.02193,0.03121,0.78500,0.00027,0.18352
188.16000,1.02193,0.03620,0.72133,0.00036,0.24211
188.30000,1.02193,0.03260,0.79383,0.00029,0.17328
188.44000,1.02194,0.02788,0.84771,0.00022,0.12419
188.58000,1.02194,0.03002,0.77067,0.00030,0.19901
188.72000,1.02194,0.03195,0.56897,0.00051,0.39856
188.86000,1.02194,0.03366,0.36684,0.00082,0.59869
189.00000,1.02194,0.03508,0.56053,0.00094,0.40344
189.14000,1.02194,0.02949,0.82776,0.00058,0.14217
189.28000,1.02194,0.02148,0.94393,0.00027,0.03432
189.42000,1.02194,0.01844,0.96316,0.00021,0.01820
189.56000,1.02194,0.01107,0.98472,0.00008,0.00413
189.70000,1.02194,0.00623,0.99276,0.00003,0.00097
189.84000,1.02194,0.00387,0.99581,0.00001,0.00031
189.98000,1.02194,0.00302,0.99686,0.00001,0.00011
190.12000,1.02194,0.00303,0.99685,0.00001,0.00011
190.25999,1.02194,0.00378,0.99597,0.00001,0.00024
190.39999,1.02194,0.00572,0.99317,0.00003,0.00108
190.53999,1.02194,0.00657,0.99197,0.00003,0.00143
190.67999,1.02194,0.00750,0.99047,0.00004,0.00200
190.82001,1.02193,0.00817,0.98936,0.00003,0.00243
190.96001,1.02193,0.01256,0.97429,0.00009,0.01305
191.10001,1.02193,0.01578,0.95763,0.00014,0.02645
191.24001,1.02193,0.01527,0.96274,0.00011,0.02188
191.38000,1.02193,0.01650,0.96207,0.00010,0.02134
191.52000,1.02193,0.02137,0.92564,0.00014,0.05284
191.66000,1.02193,0.02916,0.83065,0.00024,0.13995
191.80000,1.02193,0.03025,0.82043,0.00032,0.14900
191.94000,1.02194,0.02502,0.91535,0.00016,0.05946
192.08000,1.02194,0.02553,0.92474,0.00013,0.04960
192.22000,1.02194,0.02658,0.92734,0.00016,0.04591
192.36000,1.02194,0.01762,0.96599,0.00007,0.01632
192.50000,1.02194,0.01005,0.98749,0.00002,0.00244
192.64000,1.02194,0.00663,0.99271,0.00001,0.00065
192.78000,1.02194,0.00642,0.99299,0.00001,0.00059
192.92000,1.02194,0.00622,0.99319,0.00001,0.00057
193.06000,1.02194,0.00623,0.99318,0.00001,0.00058
193.20000,1.02194,0.00514,0.99450,0.00001,0.00036
193.34000,1.02194,0.00494,0.99463,0.00001,0.00042
193.48000,1.02194,0.00532,0.99405,0.00001,0.00062
193.62000,1.02194,0.00560,0.99359,0.00002,0.00079
193.75999,1.02194,0.00499,0.99418,0.00003,0.00080
193.89999,1.02194,0.00526,0.99390,0.00004,0.00080
194.03999,1.02194,0.00498,0.99417,0.00005,0.00080
194.17999,1.02194,0.00581,0.99312,0.00006,0.00101
194.32001,1.02193,0.00602,0.99249,0.00009,0.00140
194.46001,1.02193,0.00581,0.99316,0.00008,0.00095
194.60001,1.02193,0.00470,0.99486,0.00003,0.00041
194.74001,1.02193,0.00545,0.99402,0.00003,0.00050
194.88000,1.02193,0.00783,0.99107,0.00004,0.00106
195.02000,1.02193,0.01283,0.98461,0.00006,0.00250
195.16000,1.02193,0.02006,0.97113,0.00010,0.00871
195.30000,1.02193,0.04467,0.90435,0.00034,0.05063
195.44000,1.02194,0.05874,0.84790,0.00038,0.09298
195.58000,1.02194,0.08014,0.77329,0.00048,0.14608
195.72000,1.02194,0.09916,0.71325,0.00062,0.18697
195.86000,1.02194,0.10797,0.73581,0.00051,0.15571
196.00000,1.02194,0.12053,0.78832,0.00044,0.09070
196.14000,1.02194,0.09554,0.87094,0.00015,0.03337
196.28000,1.02194,0.08770,0.88967,0.00012,0.02251
196.42000,1.02194,0.10931,0.85585,0.00015,0.03469
196.56000,1.02194,0.13152,0.81771,0.00020,0.05057
196.70000,1.02194,0.10276,0.86999,0.00011,0.02714
196.84000,1.02194,0.07958,0.90625,0.00006,0.01411
196.98000,1.02194,0.07921,0.90077,0.00008,0.01994
197.12000,1.02194,0.07581,0.90500,0.00007,0.01913
197.25999,1.02194,0.07151,0.91350,0.00006,0.01493
197.39999,1.02194,0.07243,0.91265,0.00006,0.01486
197.53999,1.02194,0.05021,0.94461,0.00003,0.00515
197.67999,1.02194,0.07868,0.90197,0.00007,0.01928
197.82001,1.02193,0.11420,0.84398,0.00016,0.04165
197.96001,1.02193,0.15392,0.76090,0.00037,0.08482
198.10001,1.02193,0.11999,0.84714,0.00017,0.03270
198.24001,1.02193,0.11967,0.83264,0.00021,0.04748
198.38000,1.02193,0.09059,0.88517,0.00013,0.02411
198.52000,1.02193,0.07213,0.91722,0.00009,0.01056
198.66000,1.02193,0.03579,0.96225,0.00002,0.00193
198.80000,1.02193,0.02379,0.97537,0.00001,0.00084
198.94000,1.02194,0.00962,0.99025,0.00000,0.00013
199.08000,1.02194,0.00709,0.99282,0.00000,0.00009
199.22000,1.02194,0.00491,0.99503,0.00000,0.00005
199.36000,1.02194,0.00351,0.99646,0.00000,0.00003
199.50000,1.02194,0.00298,0.99699,0.00000,0.00002
199.64000,1.02194,0.00217,0.99782,0.00000,0.00001
199.78000,1.02194,0.00144,0.99856,0.00000,0.00000
199.92000,1.02194,0.00124,0.99876,0.00000,0.00000
200.06000,1.02194,0.00106,0.99894,0.00000,0.00000
200.20000,1.02194,0.00113,0.99887,0.00000,0.00000
200.34000,1.02194,0.00105,0.99895,0.00000,0.00000
200.48000,1.02194,0.00132,0.99867,0.00000,0.00000
200.62000,1.02194,0.00309,0.99688,0.00002,0.00001
200.75999,1.02194,0.00725,0.99254,0.00015,0.00006
200.89999,1.02194,0.00801,0.99168,0.00023,0.00008
201.03999,1.02194,0.00828,0.99141,0.00022,0.00009
201.17999,1.02194,0.01003,0.98956,0.00029,0.00012
201.32001,1.02193,0.01261,0.98662,0.00052,0.00024
201.46001,1.02193,0.01499,0.98412,0.00062,0.00028
201.60001,1.02193,0.00619,0.99360,0.00007,0.00014
201.74001,1.02193,0.00424,0.99568,0.00002,0.00007
201.88000,1.02193,0.00492,0.99496,0.00002,0.00010
202.02000,1.02193,0.00428,0.99563,0.00001,0.00008
202.16000,1.02193,0.00360,0.99635,0.00001,0.00004
202.30000,1.02193,0.00225,0.99774,0.00000,0.00001
202.44000,1.02194,0.00139,0.99861,0.00000,0.00000
202.58000,1.02194,0.00122,0.99878,0.00000,0.00000
202.72000,1.02194,0.00108,0.99892,0.00000,0.00000
202.86000,1.02194,0.00085,0.99915,0.00000,0.00000
203.00000,1.02194,0.00076,0.99924,0.00000,0.00000
203.14000,1.02194,0.00076,0.99924,0.00000,0.00000
203.28000,1.02194,0.00083,0.99917,0.00000,0.00000
203.42000,1.02194,0.00081,0.99919,0.00000,0.00000
203.56000,1.02194,0.00066,0.99934,0.00000,0.00000
203.70000,1.02194,0.00067,0.99933,0.00000,0.00000
203.84000,1.02194,0.00068,0.99932,0.00000,0.00000
203.98000,1.02194,0.00069,0.99931,0.00000,0.00000
204.12000,1.02194,0.00076,0.99924,0.00000,0.00000
204.25999,1.02194,0.00076,0.99924,0.00000,0.00000
204.39999,1.02194,0.00090,0.99909,0.00000,0.00000
204.53999,1.02194,0.00095,0.99905,0.00000,0.00000
204.67999,1.02194,0.00116,0.99884,0.00000,0.00000
204.82001,1.02193,0.00126,0.99873,0.00000,0.00000
204.96001,1.02193,0.00118,0.99882,0.00000,0.00000
205.10001,1.02193,0.00132,0.99868,0.00000,0.00000
205.24001,1.02193,0.00101,0.99899,0.00000,0.00000
205.38000,1.02193,0.00113,0.99887,0.00000,0.00000
205.52000,1.02193,0.00092,0.99907,0.00000,0.00000
205.66000,1.02193,0.00077,0.99923,0.00000,0.00000
205.80000,1.02193,0.00062,0.99938,0.00000,0.00000
205.94000,1.02194,0.00077,0.99923,0.00000,0.00000
206.08000,1.02194,0.00074,0.99926,0.00000,0.00000
206.22000,1.02194,0.00080,0.99919,0.00000,0.00000
206.36000,1.02194,0.00093,0.99907,0.00000,0.00000
206.50000,1.02194,0.00106,0.99894,0.00000,0.00000
206.64000,1.02194,0.00105,0.99895,0.00000,0.00000
206.78000,1.02194,0.00094,0.99906,0.00000,0.00000
206.92000,1.02194,0.00073,0.99927,0.00000,0.00000
207.06000,1.02194,0.00064,0.99936,0.00000,0.00000
207.20000,1.02194,0.00059,0.99941,0.00000,0.00000
207.34000,1.02194,0.00053,0.99947,0.00000,0.00000
207.48000,1.02194,0.00044,0.99956,0.00000,0.00000
207.62000,1.02194,0.00043,0.99957,0.00000,0.00000
207.75999,1.02194,0.00042,0.99958,0.00000,0.00000
207.89999,1.02194,0.00050,0.99950,0.00000,0.00000
208.03999,1.02194,0.00047,0.99953,0.00000,0.00000
208.17999,1.02194,0.00061,0.99939,0.00000,0.00000
208.32001,1.02193,0.00077,0.99922,0.00000,0.00000
208.46001,1.02193,0.00088,0.99912,0.00000,0.00000
208.60001,1.02193,0.00110,0.99890,0.00000,0.00000
208.74001,1.02193,0.00190,0.99809,0.00000,0.00000
208.88000,1.02193,0.00409,0.99588,0.00000,0.00003
209.02000,1.02193,0.00862,0.99116,0.00000,0.00022
209.16000,1.02193,0.01545,0.98375,0.00001,0.00080
209.30000,1.02193,0.02416,0.97301,0.00001,0.00282
209.44000,1.02194,0.03482,0.95468,0.00003,0.01047
209.58000,1.02194,0.04538,0.92766,0.00006,0.02690
209.72000,1.02194,0.05114,0.90882,0.00009,0.03995
209.86000,1.02194,0.04739,0.92831,0.00006,0.02425
210.00000,1.02194,0.03934,0.94218,0.00004,0.01844
210.14000,1.02194,0.04008,0.93495,0.00005,0.02492
210.28000,1.02194,0.05391,0.85559,0.00012,0.09037
210.42000,1.02194,0.07406,0.68774,0.00033,0.23787
210.56000,1.02194,0.07797,0.58475,0.00053,0.33675
210.70000,1.02194,0.07188,0.42454,0.00069,0.50289
210.84000,1.02194,0.06276,0.27689,0.00093,0.65943
210.98000,1.02194,0.05158,0.18904,0.00114,0.75824
211.12000,1.02194,0.06608,0.10646,0.00235,0.82511
211.25999,1.02194,0.11762,0.03197,0.00414,0.84627
211.39999,1.02194,0.51499,0.00080,0.00260,0.48161
211.53999,1.02194,0.83274,0.00001,0.00121,0.16604
211.67999,1.02194,0.95492,0.00000,0.00056,0.04452
211.82001,1.02193,0.98979,0.00000,0.00018,0.01003
211.96001,1.02193,0.99900,0.00000,0.00001,0.00098
212.10001,1.02193,0.99984,0.00000,0.00000,0.00016
212.24001,1.02193,0.99996,0.00000,0.00000,0.00004
212.38000,1.02193,0.99997,0.00000,0.00000,0.00003
212.52000,1.02193,0.99997,0.00000,0.00000,0.00003
212.66000,1.02193,0.99998,0.00000,0.00000,0.00002
212.80000,1.02193,0.99998,0.00000,0.00000,0.00002
212.94000,1.02194,0.99998,0.00000,0.00000,0.00002
213.08000,1.02194,0.99997,0.00000,0.00000,0.00003
213.22000,1.02194,0.99997,0.00000,0.00000,0.00003
213.36000,1.02194,0.99996,0.00000,0.00000,0.00004
213.50000,1.02194,0.99997,0.00000,0.00000,0.00003
213.64000,1.02194,0.99998,0.00000,0.00000,0.00002
213.78000,1.02194,0.99998,0.00000,0.00000,0.00002
213.92000,1.02194,0.99999,0.00000,0.00000,0.00001
214.06000,1.02194,0.99999,0.00000,0.00000,0.00001
214.20000,1.02194,0.99998,0.00000,0.00000,0.00002
214.34000,1.02194,0.99998,0.00000,0.00000,0.00002
214.48000,1.02194,0.99999,0.00000,0.00000,0.00001
214.62000,1.02194,0.99999,0.00000,0.00000,0.00001
214.75999,1.02194,0.99998,0.00000,0.00000,0.00002
214.89999,1.02194,0.99998,0.00000,0.00000,0.00002
215.03999,1.02194,0.99998,0.00000,0.00000,0.00002
215.17999,1.02194,0.99997,0.00000,0.00000,0.00003
215.32001,1.02193,0.99997,0.00000,0.00000,0.00003
215.46001,1.02193,0.99997,0.00000,0.00000,0.00003
215.60001,1.02193,0.99997,0.00000,0.00000,0.00003
215.74001,1.02193,0.99998,0.00000,0.00000,0.00002
215.88000,1.02193,0.99998,0.00000,0.00000,0.00002
216.02000,1.02193,0.99999,0.00000,0.00000,0.00001
216.16000,1.02193,0.99999,0.00000,0.00000,0.00001
216.30000,1.02193,0.99999,0.00000,0.00000,0.00001
216.44000,1.02194,0.99998,0.00000,0.00000,0.00002
216.58000,1.02194,0.99998,0.00000,0.00000,0.00002
216.72000,1.02194,0.99997,0.00000,0.00000,0.00003
216.86000,1.02194,0.99997,0.00000,0.00000,0.00003
217.00000,1.02194,0.99997,0.00000,0.00000,0.00003
217.14000,1.02194,0.99996,0.00000,0.00000,0.00004
217.28000,1.02194,0.99995,0.00000,0.00000,0.00005
217.42000,1.02194,0.99995,0.00000,0.00000,0.00005
217.56000,1.02194,0.99994,0.00000,0.00000,0.00006
217.70000,1.02194,0.99995,0.00000,0.00000,0.00005
217.84000,1.02194,0.99993,0.00000,0.00000,0.00007
217.98000,1.02194,0.99995,0.00000,0.00000,0.00005
218.12000,1.02194,0.99996,0.00000,0.00000,0.00004
218.25999,1.02194,0.99995,0.00000,0.00000,0.00005
218.39999,1.02194,0.99995,0.00000,0.00000,0.00005
218.53999,1.02194,0.99993,0.00000,0.00000,0.00007
218.67999,1.02194,0.99996,0.00000,0.00000,0.00004
218.82001,1.02193,0.99997,0.00000,0.00000,0.00003
218.96001,1.02193,0.99997,0.00000,0.00000,0.00003
219.10001,1.02193,0.99997,0.00000,0.00000,0.00003
219.24001,1.02193,0.99998,0.00000,0.00000,0.00002
219.38000,1.02193,0.99999,0.00000,0.00000,0.00001
219.52000,1.02193,0.99998,0.00000,0.00000,0.00002
219.66000,1.02193,0.99997,0.00000,0.00000,0.00003
219.80000,1.02193,0.99996,0.00000,0.00000,0.00004
219.94000,1.02194,0.99995,0.00000,0.00000,0.00005
220.08000,1.02194,0.99994,0.00000,0.00000,0.00006
220.22000,1.02194,0.99993,0.00000,0.00000,0.00007
220.36000,1.02194,0.99994,0.00000,0.00000,0.00006
220.50000,1.02194,0.99996,0.00000,0.00000,0.00004
220.64000,1.02194,0.99995,0.00000,0.00000,0.00004
220.78000,1.02194,0.99997,0.00000,0.00000,0.00003
220.92000,1.02194,0.99998,0.00000,0.00000,0.00002
221.06000,1.02194,0.99997,0.00000,0.00000,0.00003
221.20000,1.02194,0.99997,0.00000,0.00000,0.00003
221.34000,1.02194,0.99996,0.00000,0.00000,0.00004
221.48000,1.02194,0.99995,0.00000,0.00000,0.00005
221.62000,1.02194,0.99996,0.00000,0.00000,0.00004
221.75999,1.02194,0.99994,0.00000,0.00000,0.00006
221.89999,1.02194,0.99996,0.00000,0.00000,0.00004
222.03999,1.02194,0.99994,0.00000,0.00000,0.00006
222.17999,1.02194,0.99992,0.00000,0.00000,0.00008
222.32001,1.02193,0.99995,0.00000,0.00000,0.00005
222.46001,1.02193,0.99994,0.00000,0.00000,0.00006
222.60001,1.02193,0.99996,0.00000,0.00000,0.00004
222.74001,1.02193,0.99996,0.00000,0.00000,0.00004
222.88000,1.02193,0.99996,0.00000,0.00000,0.00004
223.02000,1.02193,0.99998,0.00000,0.00000,0.00002
223.16000,1.02193,0.99999,0.00000,0.00000,0.00001
223.30000,1.02193,0.99998,0.00000,0.00000,0.00002
223.44000,1.02194,0.99998,0.00000,0.00000,0.00002
223.58000,1.02194,0.99997,0.00000,0.00000,0.00003
223.72000,1.02194,0.99998,0.00000,0.00000,0.00002
223.86000,1.02194,0.99998,0.00000,0.00000,0.00002
224.00000,1.02194,0.99998,0.00000,0.00000,0.00002
224.14000,1.02194,0.99998,0.00000,0.00000,0.00002
224.28000,1.02194,0.99998,0.00000,0.00000,0.00002
224.42000,1.02194,0.99998,0.00000,0.00000,0.00002
224.56000,1.02194,0.99998,0.00000,0.00000,0.00002
224.70000,1.02194,0.99998,0.00000,0.00000,0.00002
224.84000,1.02194,0.99997,0.00000,0.00000,0.00003
224.98000,1.02194,0.99996,0.00000,0.00000,0.00003
225.12000,1.02194,0.99997,0.00000,0.00000,0.00003
225.25999,1.02194,0.99998,0.00000,0.00000,0.00002
225.39999,1.02194,0.99998,0.00000,0.00000,0.00002
225.53999,1.02194,0.99998,0.00000,0.00000,0.00002
225.67999,1.02194,0.99998,0.00000,0.00000,0.00002
225.82001,1.02193,0.99998,0.00000,0.00000,0.00002
225.96001,1.02193,0.99998,0.00000,0.00000,0.00002
226.10001,1.02193,0.99999,0.00000,0.00000,0.00001
226.24001,1.02193,0.99999,0.00000,0.00000,0.00001
226.38000,1.02193,0.99999,0.00000,0.00000,0.00001
226.52000,1.02193,0.99999,0.00000,0.00000,0.00001
226.66000,1.02193,0.99999,0.00000,0.00000,0.00001
226.80000,1.02193,0.99999,0.00000,0.00000,0.00001
226.94000,1.02194,0.99999,0.00000,0.00000,0.00001
227.08000,1.02194,0.99999,0.00000,0.00000,0.00001
227.22000,1.02194,0.99998,0.00000,0.00000,0.00002
227.36000,1.02194,0.99998,0.00000,0.00000,0.00002
227.50000,1.02194,0.99997,0.00000,0.00000,0.00003
227.64000,1.02194,0.99995,0.00000,0.00000,0.00005
227.78000,1.02194,0.99995,0.00000,0.00000,0.00005
227.92000,1.02194,0.99993,0.00000,0.00000,0.00007
228.06000,1.02194,0.99993,0.00000,0.00000,0.00007
228.20000,1.02194,0.99994,0.00000,0.00000,0.00006
228.34000,1.02194,0.99995,0.00000,0.00000,0.00005
228.48000,1.02194,0.99996,0.00000,0.00000,0.00004
228.62000,1.02194,0.99997,0.00000,0.00000,0.00003
