Time (seconds), Duration (seconds),pred_(unlabeled),pred_brushing_teeth,pred_hair_drying,pred_showering
0.00000,0.12694,0.99998,0.00001,0.00000,0.00000
0.06600,0.12694,0.99998,0.00001,0.00000,0.00000
0.13200,0.12694,0.99998,0.00001,0.00000,0.00000
0.19800,0.12694,0.99974,0.00000,0.00011,0.00015
0.26400,0.12694,0.97821,0.00000,0.01771,0.00408
0.33000,0.12694,0.98193,0.00000,0.01420,0.00388
0.39600,0.12694,0.99303,0.00000,0.00425,0.00271
0.46200,0.12694,0.98958,0.00000,0.00658,0.00384
0.52800,0.12694,0.98721,0.00001,0.00554,0.00724
0.59400,0.12694,0.98901,0.00001,0.00495,0.00603
0.66000,0.12694,0.99634,0.00000,0.00286,0.00080
0.72600,0.12694,0.99017,0.00000,0.00749,0.00234
0.79200,0.12694,0.97147,0.00000,0.01923,0.00930
0.85800,0.12694,0.96054,0.00005,0.00675,0.03266
0.92400,0.12694,0.98266,0.00011,0.00564,0.01159
0.99000,0.12694,0.96236,0.00072,0.00889,0.02803
1.05600,0.12694,0.96878,0.00001,0.01225,0.01895
1.12200,0.12694,0.99666,0.00000,0.00191,0.00143
1.18800,0.12694,0.98870,0.00000,0.00846,0.00285
1.25400,0.12694,0.99071,0.00000,0.00624,0.00305
1.32000,0.12694,0.98589,0.00002,0.00526,0.00883
1.38600,0.12694,0.97625,0.00002,0.00818,0.01556
1.45200,0.12694,0.93839,0.00015,0.02299,0.03848
1.51800,0.12694,0.93537,0.00002,0.04944,0.01517
1.58400,0.12694,0.97207,0.00000,0.02552,0.00241
1.65000,0.12694,0.98470,0.00000,0.01356,0.00175
1.71600,0.12694,0.96397,0.00003,0.00986,0.02614
1.78200,0.12694,0.94475,0.00006,0.01738,0.03781
1.84800,0.12694,0.94529,0.00007,0.01164,0.04300
1.91400,0.12694,0.58970,0.00197,0.01572,0.39261
1.98000,0.12694,0.82697,0.00005,0.02839,0.14459
2.04600,0.12694,0.95873,0.00000,0.00539,0.03587
2.11200,0.12694,0.96086,0.00001,0.01831,0.02082
2.17800,0.12694,0.93695,0.00005,0.01037,0.05263
2.24400,0.12694,0.95064,0.00003,0.02220,0.02713
2.31000,0.12694,0.97565,0.00000,0.02047,0.00387
2.37600,0.12694,0.98927,0.00000,0.00885,0.00188
2.44200,0.12694,0.95592,0.00002,0.02007,0.02399
2.50800,0.12694,0.93821,0.00012,0.00972,0.05195
2.57400,0.12694,0.94736,0.00004,0.03625,0.01636
2.64000,0.12694,0.70384,0.00000,0.29530,0.00086
2.70600,0.12694,0.93316,0.00000,0.06678,0.00006
2.77200,0.12694,0.98674,0.00000,0.01244,0.00082
2.83800,0.12694,0.99664,0.00000,0.00211,0.00125
2.90400,0.12694,0.94163,0.00021,0.04522,0.01295
2.97000,0.12694,0.62643,0.00425,0.34864,0.02067
3.03600,0.12694,0.74662,0.00040,0.23952,0.01347
3.10200,0.12694,0.86293,0.00048,0.05595,0.08064
3.16800,0.12694,0.44465,0.01911,0.05988,0.47635
3.23400,0.12694,0.52469,0.00540,0.08701,0.38290
3.30000,0.12694,0.92960,0.00007,0.02097,0.04936
3.36600,0.12694,0.98777,0.00001,0.00451,0.00771
3.43200,0.12694,0.95574,0.00002,0.01454,0.02971
3.49800,0.12694,0.94568,0.00024,0.01246,0.04161
3.56400,0.12694,0.99217,0.00001,0.00271,0.00511
3.63000,0.12694,0.99205,0.00000,0.00256,0.00538
3.69600,0.12694,0.98734,0.00004,0.00244,0.01018
3.76200,0.12694,0.98798,0.00002,0.00259,0.00941
3.82800,0.12694,0.97806,0.00001,0.01267,0.00926
3.89400,0.12694,0.92532,0.00019,0.02720,0.04729
3.96000,0.12694,0.97596,0.00004,0.00837,0.01563
4.02600,0.12694,0.89488,0.00073,0.01127,0.09312
4.09200,0.12694,0.56500,0.00671,0.02742,0.40087
4.15800,0.12694,0.88256,0.00054,0.02267,0.09423
4.22400,0.12694,0.97141,0.00008,0.00803,0.02048
4.29000,0.12694,0.97142,0.00012,0.01056,0.01790
4.35600,0.12694,0.96191,0.00003,0.01599,0.02207
4.42200,0.12694,0.98734,0.00001,0.00605,0.00660
4.48800,0.12694,0.98816,0.00001,0.00329,0.00854
4.55400,0.12694,0.99223,0.00000,0.00313,0.00464
4.62000,0.12694,0.99248,0.00000,0.00365,0.00386
4.68600,0.12694,0.98941,0.00007,0.00201,0.00851
4.75200,0.12694,0.94786,0.00115,0.02766,0.02333
4.81800,0.12694,0.80877,0.00142,0.05317,0.13665
4.88400,0.12694,0.94585,0.00005,0.02345,0.03065
4.95000,0.12694,0.96715,0.00002,0.01128,0.02155
5.01600,0.12694,0.96436,0.00004,0.00961,0.02599
5.08200,0.12694,0.98727,0.00069,0.00209,0.00995
5.14800,0.12694,0.96390,0.00033,0.00913,0.02665
5.21400,0.12694,0.95600,0.00001,0.01993,0.02405
5.28000,0.12694,0.99251,0.00000,0.00199,0.00550
5.34600,0.12694,0.96343,0.00000,0.00415,0.03241
5.41200,0.12694,0.90781,0.00004,0.01051,0.08164
5.47800,0.12694,0.97421,0.00003,0.00344,0.02231
5.54400,0.12694,0.99214,0.00000,0.00344,0.00443
5.61000,0.12694,0.97821,0.00000,0.01763,0.00415
5.67600,0.12694,0.97456,0.00000,0.01243,0.01301
5.74200,0.12694,0.87421,0.00019,0.00500,0.12060
5.80800,0.12694,0.81302,0.00034,0.03405,0.15259
5.87400,0.12694,0.79065,0.00035,0.04744,0.16156
5.94000,0.12694,0.90650,0.00010,0.08357,0.00983
6.00600,0.12694,0.73679,0.00037,0.06894,0.19389
6.07200,0.12694,0.77305,0.00002,0.00460,0.22233
6.13800,0.12694,0.98496,0.00000,0.01123,0.00381
6.20400,0.12694,0.90476,0.00000,0.01174,0.08350
6.27000,0.12694,0.99863,0.00000,0.00104,0.00033
6.33600,0.12694,0.99909,0.00000,0.00080,0.00010
6.40200,0.12694,0.99927,0.00000,0.00067,0.00006
6.46800,0.12694,0.98947,0.00000,0.00542,0.00511
6.53400,0.12694,0.93919,0.00036,0.02591,0.03454
6.60000,0.12694,0.99306,0.00001,0.00240,0.00453
6.66600,0.12694,0.30564,0.00000,0.69403,0.00033
6.73200,0.12694,0.00991,0.00000,0.99008,0.00001
6.79800,0.12694,0.15919,0.00000,0.84018,0.00062
6.86400,0.12694,0.77936,0.00000,0.21666,0.00397
6.93000,0.12694,0.98379,0.00000,0.01301,0.00320
6.99600,0.12694,0.98994,0.00000,0.00722,0.00284
7.06200,0.12694,0.98643,0.00000,0.00903,0.00454
7.12800,0.12694,0.92599,0.00001,0.05880,0.01520
7.19400,0.12694,0.55138,0.00004,0.43372,0.01487
7.26000,0.12694,0.47082,0.00002,0.52309,0.00607
7.32600,0.12694,0.93609,0.00007,0.02586,0.03798
7.39200,0.12694,0.96560,0.00012,0.00505,0.02924
7.45800,0.12694,0.96527,0.00002,0.01962,0.01508
7.52400,0.12694,0.86901,0.00039,0.08168,0.04893
7.59000,0.12694,0.87630,0.00010,0.06379,0.05981
7.65600,0.12694,0.87345,0.00077,0.03867,0.08712
7.72200,0.12694,0.94370,0.00008,0.01728,0.03894
7.78800,0.12694,0.98177,0.00001,0.00532,0.01290
7.85400,0.12694,0.98846,0.00001,0.00477,0.00677
7.92000,0.12694,0.99788,0.00000,0.00159,0.00053
7.98600,0.12694,0.99229,0.00000,0.00551,0.00220
8.05200,0.12694,0.93366,0.00002,0.04858,0.01774
8.11800,0.12694,0.91548,0.00009,0.03309,0.05134
8.18400,0.12694,0.91868,0.00009,0.05015,0.03108
8.25000,0.12694,0.90328,0.00030,0.04416,0.05226
8.31600,0.12694,0.99308,0.00000,0.00412,0.00279
8.38200,0.12694,0.98949,0.00001,0.00960,0.00089
8.44800,0.12694,0.93256,0.00161,0.05805,0.00778
8.51400,0.12694,0.72429,0.01369,0.04579,0.21623
8.58000,0.12694,0.91809,0.00025,0.01632,0.06535
8.64600,0.12694,0.93816,0.00005,0.04808,0.01371
8.71200,0.12694,0.98400,0.00001,0.00805,0.00793
8.77800,0.12694,0.96946,0.00004,0.01279,0.01772
8.84400,0.12694,0.96196,0.00000,0.03468,0.00336
8.91000,0.12694,0.91866,0.00002,0.05887,0.02245
8.97600,0.12694,0.97246,0.00004,0.01162,0.01587
9.04200,0.12694,0.98780,0.00001,0.00477,0.00742
9.10800,0.12694,0.97945,0.00002,0.00701,0.01353
9.17400,0.12694,0.97589,0.00005,0.01156,0.01250
9.24000,0.12694,0.96400,0.00030,0.01261,0.02309
9.30600,0.12694,0.93034,0.00021,0.02695,0.04250
9.37200,0.12694,0.96992,0.00004,0.00970,0.02034
9.43800,0.12694,0.96769,0.00002,0.02495,0.00734
9.50400,0.12694,0.97767,0.00031,0.01360,0.00842
9.57000,0.12694,0.53023,0.00160,0.00129,0.46688
9.63600,0.12694,0.89135,0.00005,0.00131,0.10728
9.70200,0.12694,0.98359,0.00001,0.01020,0.00620
9.76800,0.12694,0.97890,0.00000,0.01315,0.00794
9.83400,0.12694,0.97588,0.00003,0.00429,0.01980
9.90000,0.12694,0.93197,0.00006,0.05769,0.01028
9.96600,0.12694,0.79806,0.01346,0.12369,0.06480
10.03200,0.12694,0.80208,0.00976,0.02247,0.16570
10.09800,0.12694,0.89199,0.00049,0.02014,0.08738
10.16400,0.12694,0.79449,0.00115,0.06191,0.14245
10.23000,0.12694,0.82926,0.00074,0.06352,0.10648
10.29600,0.12694,0.97533,0.00001,0.01474,0.00992
10.36200,0.12694,0.96257,0.00004,0.01468,0.02271
10.42800,0.12694,0.67350,0.00355,0.00695,0.31600
10.49400,0.12694,0.61426,0.00519,0.02487,0.35568
10.56000,0.12694,0.79238,0.02670,0.03106,0.14985
10.62600,0.12694,0.65606,0.11821,0.01481,0.21092
10.69200,0.12694,0.75102,0.00589,0.03828,0.20482
10.75800,0.12694,0.98168,0.00006,0.00754,0.01072
10.82400,0.12694,0.98698,0.00017,0.00870,0.00414
10.89000,0.12694,0.82417,0.02102,0.04174,0.11308
10.95600,0.12694,0.76598,0.00116,0.02660,0.20626
11.02200,0.12694,0.72335,0.00310,0.02388,0.24967
11.08800,0.12694,0.63184,0.02703,0.06210,0.27903
11.15400,0.12694,0.77617,0.00162,0.05274,0.16947
11.22000,0.12694,0.79442,0.00010,0.16493,0.04054
11.28600,0.12694,0.75525,0.00001,0.23855,0.00618
11.35200,0.12694,0.69966,0.01406,0.18525,0.10103
11.41800,0.12694,0.86681,0.00023,0.02821,0.10474
11.48400,0.12694,0.89034,0.00027,0.05065,0.05874
11.55000,0.12694,0.86460,0.00086,0.05022,0.08431
11.61600,0.12694,0.94909,0.00007,0.02476,0.02607
11.68200,0.12694,0.81772,0.00070,0.06865,0.11293
11.74800,0.12694,0.79516,0.00307,0.03377,0.16800
11.81400,0.12694,0.89521,0.00101,0.02975,0.07404
11.88000,0.12694,0.84215,0.00098,0.02997,0.12690
11.94600,0.12694,0.93243,0.00033,0.02976,0.03748
12.01200,0.12694,0.90783,0.00007,0.03259,0.05951
12.07800,0.12694,0.73640,0.00628,0.05643,0.20089
12.14400,0.12694,0.97093,0.00006,0.00901,0.01999
12.21000,0.12694,0.98689,0.00004,0.00425,0.00883
12.27600,0.12694,0.72629,0.00214,0.03440,0.23717
12.34200,0.12694,0.94711,0.00009,0.01568,0.03711
12.40800,0.12694,0.96314,0.00014,0.01127,0.02545
12.47400,0.12694,0.71914,0.00211,0.04043,0.23832
12.54000,0.12694,0.98259,0.00003,0.00968,0.00770
12.60600,0.12694,0.99344,0.00000,0.00422,0.00234
12.67200,0.12694,0.99488,0.00000,0.00120,0.00391
12.73800,0.12694,0.99120,0.00002,0.00393,0.00485
12.80400,0.12694,0.99515,0.00000,0.00229,0.00256
12.87000,0.12694,0.98800,0.00000,0.00548,0.00651
12.93600,0.12694,0.99411,0.00001,0.00415,0.00173
13.00200,0.12694,0.98185,0.00001,0.01251,0.00563
13.06800,0.12694,0.88234,0.00119,0.02736,0.08911
13.13400,0.12694,0.97411,0.00001,0.00277,0.02312
13.20000,0.12694,0.95236,0.00002,0.00213,0.04549
13.26600,0.12694,0.94845,0.00024,0.02053,0.03077
13.33200,0.12694,0.93580,0.00007,0.01763,0.04651
13.39800,0.12694,0.98804,0.00002,0.00191,0.01003
13.46400,0.12694,0.99309,0.00002,0.00126,0.00563
13.53000,0.12694,0.98801,0.00002,0.00253,0.00944
13.59600,0.12694,0.98996,0.00001,0.00159,0.00844
13.66200,0.12694,0.99547,0.00001,0.00203,0.00249
13.72800,0.12694,0.97281,0.00002,0.01020,0.01698
13.79400,0.12694,0.81132,0.00326,0.04348,0.14194
13.86000,0.12694,0.52031,0.01321,0.15297,0.31351
13.92600,0.12694,0.81147,0.00011,0.08872,0.09971
13.99200,0.12694,0.87990,0.00001,0.02601,0.09408
14.05800,0.12694,0.95256,0.00002,0.00713,0.04029
14.12400,0.12694,0.98375,0.00000,0.00963,0.00661
14.19000,0.12694,0.99783,0.00000,0.00155,0.00062
14.25600,0.12694,0.99792,0.00000,0.00150,0.00058
14.32200,0.12694,0.98555,0.00001,0.00662,0.00781
14.38800,0.12694,0.86480,0.00012,0.04673,0.08835
14.45400,0.12694,0.91695,0.00005,0.03832,0.04468
14.52000,0.12694,0.95811,0.00001,0.02001,0.02187
14.58600,0.12694,0.99062,0.00000,0.00727,0.00211
14.65200,0.12694,0.99049,0.00008,0.00842,0.00102
14.71800,0.12694,0.95328,0.00001,0.02937,0.01734
14.78400,0.12694,0.96710,0.00001,0.01987,0.01302
14.85000,0.12694,0.86126,0.00004,0.04698,0.09172
14.91600,0.12694,0.75271,0.00096,0.07112,0.17520
14.98200,0.12694,0.42653,0.00114,0.00398,0.56835
15.04800,0.12694,0.89228,0.00000,0.01863,0.08908
15.11400,0.12694,0.98400,0.00000,0.01072,0.00528
15.18000,0.12694,0.96657,0.00000,0.01952,0.01391
15.24600,0.12694,0.99325,0.00000,0.00283,0.00392
15.31200,0.12694,0.97000,0.00000,0.02584,0.00415
15.37800,0.12694,0.84131,0.00000,0.00932,0.14937
15.44400,0.12694,0.97236,0.00000,0.00408,0.02355
15.51000,0.12694,0.99267,0.00000,0.00525,0.00208
15.57600,0.12694,0.96030,0.00010,0.01283,0.02678
15.64200,0.12694,0.82169,0.00065,0.01031,0.16735
15.70800,0.12694,0.73190,0.00475,0.04108,0.22227
15.77400,0.12694,0.92434,0.00023,0.00950,0.06592
15.84000,0.12694,0.98830,0.00001,0.00419,0.00750
15.90600,0.12694,0.80875,0.00064,0.01232,0.17828
15.97200,0.12694,0.73896,0.00396,0.04132,0.21576
16.03800,0.12694,0.96517,0.00006,0.02433,0.01044
16.10400,0.12694,0.96328,0.00012,0.02336,0.01324
16.17000,0.12694,0.58738,0.00194,0.31559,0.09509
16.23600,0.12694,0.71152,0.00015,0.17166,0.11667
16.30200,0.12694,0.72560,0.00001,0.23821,0.03617
16.36800,0.12694,0.79220,0.00013,0.09757,0.11010
16.43400,0.12694,0.69488,0.00048,0.07636,0.22828
16.50000,0.12694,0.83211,0.00055,0.12662,0.04071
16.56600,0.12694,0.81367,0.00084,0.07244,0.11305
16.63200,0.12694,0.96851,0.00005,0.01063,0.02081
16.69800,0.12694,0.97851,0.00001,0.00493,0.01655
16.76400,0.12694,0.99742,0.00000,0.00127,0.00131
16.83000,0.12694,0.96241,0.00006,0.02958,0.00796
16.89600,0.12694,0.56203,0.00016,0.33966,0.09815
16.96200,0.12694,0.71497,0.00003,0.21775,0.06726
17.02800,0.12694,0.64554,0.00000,0.32796,0.02650
17.09400,0.12694,0.97791,0.00000,0.02119,0.00090
17.16000,0.12694,0.94939,0.00005,0.03121,0.01934
17.22600,0.12694,0.76181,0.00152,0.11038,0.12629
17.29200,0.12694,0.84737,0.00028,0.07834,0.07401
17.35800,0.12694,0.81277,0.00034,0.05794,0.12896
17.42400,0.12694,0.96291,0.00008,0.00529,0.03172
17.49000,0.12694,0.82564,0.00047,0.13888,0.03501
17.55600,0.12694,0.51722,0.00568,0.19032,0.28678
17.62200,0.12694,0.69855,0.00028,0.18256,0.11861
17.68800,0.12694,0.89845,0.00005,0.08159,0.01991
17.75400,0.12694,0.97945,0.00003,0.01076,0.00976
17.82000,0.12694,0.99102,0.00001,0.00631,0.00266
17.88600,0.12694,0.97419,0.00001,0.01535,0.01044
17.95200,0.12694,0.97455,0.00002,0.00932,0.01611
18.01800,0.12694,0.98044,0.00003,0.00686,0.01267
18.08400,0.12694,0.98928,0.00001,0.00740,0.00331
18.15000,0.12694,0.99768,0.00000,0.00124,0.00107
18.21600,0.12694,0.98741,0.00003,0.00415,0.00841
18.28200,0.12694,0.92817,0.00023,0.01276,0.05884
18.34800,0.12694,0.92318,0.00008,0.00590,0.07083
18.41400,0.12694,0.91852,0.00018,0.00499,0.07631
18.48000,0.12694,0.96986,0.00002,0.01075,0.01938
18.54600,0.12694,0.90753,0.00028,0.01575,0.07644
18.61200,0.12694,0.90461,0.00018,0.00766,0.08755
18.67800,0.12694,0.96976,0.00004,0.00262,0.02758
18.74400,0.12694,0.99173,0.00001,0.00237,0.00589
18.81000,0.12694,0.99629,0.00000,0.00215,0.00156
18.87600,0.12694,0.99403,0.00000,0.00458,0.00139
18.94200,0.12694,0.98616,0.00000,0.00833,0.00551
19.00800,0.12694,0.94016,0.00017,0.02045,0.03922
19.07400,0.12694,0.84430,0.00391,0.03599,0.11579
19.14000,0.12694,0.89469,0.00049,0.00989,0.09493
19.20600,0.12694,0.94367,0.00033,0.01171,0.04429
19.27200,0.12694,0.95014,0.00005,0.01779,0.03201
19.33800,0.12694,0.94243,0.00012,0.01743,0.04001
19.40400,0.12694,0.97976,0.00002,0.00681,0.01341
19.47000,0.12694,0.99079,0.00001,0.00572,0.00349
19.53600,0.12694,0.86308,0.00002,0.01812,0.11878
19.60200,0.12694,0.73668,0.00012,0.07503,0.18817
19.66800,0.12694,0.96124,0.00013,0.02267,0.01596
19.73400,0.12694,0.98489,0.00002,0.00504,0.01006
19.80000,0.12694,0.92172,0.00014,0.01363,0.06451
19.86600,0.12694,0.94021,0.00023,0.01059,0.04896
19.93200,0.12694,0.98121,0.00005,0.00326,0.01548
19.99800,0.12694,0.99136,0.00000,0.00246,0.00618
20.06400,0.12694,0.96774,0.00002,0.00652,0.02571
20.13000,0.12694,0.96763,0.00001,0.00793,0.02443
20.19600,0.12694,0.99146,0.00001,0.00332,0.00522
20.26200,0.12694,0.98208,0.00004,0.00649,0.01139
20.32800,0.12694,0.97262,0.00001,0.02334,0.00403
20.39400,0.12694,0.99325,0.00000,0.00644,0.00031
20.46000,0.12694,0.99700,0.00000,0.00281,0.00020
20.52600,0.12694,0.99845,0.00000,0.00130,0.00025
20.59200,0.12694,0.96852,0.00004,0.01461,0.01684
20.65800,0.12694,0.56961,0.00000,0.42980,0.00058
20.72400,0.12694,0.58519,0.00000,0.41132,0.00349
20.79000,0.12694,0.96784,0.00000,0.03109,0.00107
20.85600,0.12694,0.95562,0.00000,0.04434,0.00004
20.92200,0.12694,0.94638,0.00000,0.05340,0.00022
20.98800,0.12694,0.97817,0.00000,0.01845,0.00338
21.05400,0.12694,0.99022,0.00000,0.00637,0.00341
21.12000,0.12694,0.98695,0.00000,0.00543,0.00761
21.18600,0.12694,0.98825,0.00000,0.00849,0.00326
21.25200,0.12694,0.99158,0.00001,0.00404,0.00437
21.31800,0.12694,0.98744,0.00001,0.00365,0.00890
21.38400,0.12694,0.98476,0.00003,0.00686,0.00835
21.45000,0.12694,0.94150,0.00005,0.01228,0.04617
21.51600,0.12694,0.82956,0.00058,0.02265,0.14722
21.58200,0.12694,0.99103,0.00000,0.00515,0.00382
21.64800,0.12694,0.99863,0.00000,0.00117,0.00020
21.71400,0.12694,0.99902,0.00000,0.00054,0.00044
21.78000,0.12694,0.98553,0.00001,0.00546,0.00900
21.84600,0.12694,0.93670,0.00001,0.04363,0.01966
21.91200,0.12694,0.98937,0.00001,0.00698,0.00364
21.97800,0.12694,0.97156,0.00000,0.02733,0.00111
22.04400,0.12694,0.97228,0.00001,0.02610,0.00161
22.11000,0.12694,0.97597,0.00156,0.01968,0.00279
22.17600,0.12694,0.96385,0.00390,0.01104,0.02122
22.24200,0.12694,0.97569,0.00001,0.01508,0.00922
22.30800,0.12694,0.97570,0.00001,0.01283,0.01146
22.37400,0.12694,0.99302,0.00000,0.00302,0.00395
22.44000,0.12694,0.99252,0.00000,0.00380,0.00368
22.50600,0.12694,0.99290,0.00000,0.00486,0.00223
22.57200,0.12694,0.99420,0.00000,0.00416,0.00164
22.63800,0.12694,0.98438,0.00000,0.01015,0.00547
22.70400,0.12694,0.97796,0.00006,0.01107,0.01091
22.77000,0.12694,0.98141,0.00010,0.00868,0.00982
22.83600,0.12694,0.98694,0.00001,0.00800,0.00505
22.90200,0.12694,0.96232,0.00017,0.01295,0.02456
22.96800,0.12694,0.94006,0.00011,0.02145,0.03839
23.03400,0.12694,0.95043,0.00001,0.03463,0.01493
23.10000,0.12694,0.95543,0.00007,0.00817,0.03633
23.16600,0.12694,0.98719,0.00001,0.00586,0.00694
23.23200,0.12694,0.96590,0.00001,0.02200,0.01209
23.29800,0.12694,0.97754,0.00006,0.01396,0.00844
23.36400,0.12694,0.96972,0.00001,0.01886,0.01141
23.43000,0.12694,0.97891,0.00000,0.01475,0.00634
23.49600,0.12694,0.98692,0.00003,0.00616,0.00689
23.56200,0.12694,0.99644,0.00000,0.00147,0.00209
23.62800,0.12694,0.99548,0.00000,0.00213,0.00239
23.69400,0.12694,0.98638,0.00000,0.00732,0.00629
23.76000,0.12694,0.99223,0.00000,0.00654,0.00123
23.82600,0.12694,0.97968,0.00008,0.01839,0.00186
23.89200,0.12694,0.86708,0.03600,0.08547,0.01144
23.95800,0.12694,0.68172,0.00331,0.31373,0.00124
24.02400,0.12694,0.53609,0.00035,0.46177,0.00179
24.09000,0.12694,0.64563,0.00113,0.34975,0.00349
24.15600,0.12694,0.52061,0.00097,0.47539,0.00303
24.22200,0.12694,0.23896,0.00023,0.76007,0.00074
24.28800,0.12694,0.67363,0.00105,0.31898,0.00633
24.35400,0.12694,0.91706,0.00021,0.07453,0.00820
24.42000,0.12694,0.99121,0.00000,0.00592,0.00287
24.48600,0.12694,0.98513,0.00002,0.00357,0.01128
24.55200,0.12694,0.94424,0.00026,0.01107,0.04443
24.61800,0.12694,0.97798,0.00001,0.01098,0.01103
24.68400,0.12694,0.94870,0.00010,0.01348,0.03771
24.75000,0.12694,0.97618,0.00006,0.00398,0.01979
24.81600,0.12694,0.97959,0.00005,0.00372,0.01665
24.88200,0.12694,0.98498,0.00001,0.00590,0.00911
24.94800,0.12694,0.98974,0.00001,0.00395,0.00630
25.01400,0.12694,0.99398,0.00000,0.00219,0.00383
25.08000,0.12694,0.99297,0.00000,0.00495,0.00208
25.14600,0.12694,0.98363,0.00000,0.01130,0.00507
25.21200,0.12694,0.96487,0.00009,0.01247,0.02257
25.27800,0.12694,0.98992,0.00001,0.00473,0.00534
25.34400,0.12694,0.97049,0.00004,0.01510,0.01437
25.41000,0.12694,0.98857,0.00002,0.00678,0.00463
25.47600,0.12694,0.99203,0.00000,0.00616,0.00181
25.54200,0.12694,0.98468,0.00001,0.01113,0.00418
25.60800,0.12694,0.99320,0.00000,0.00383,0.00297
25.67400,0.12694,0.98167,0.00001,0.00741,0.01090
25.74000,0.12694,0.97038,0.00006,0.00731,0.02225
25.80600,0.12694,0.97981,0.00005,0.00836,0.01177
25.87200,0.12694,0.96498,0.00000,0.02330,0.01172
25.93800,0.12694,0.95069,0.00003,0.01481,0.03447
26.00400,0.12694,0.93384,0.00003,0.02981,0.03632
26.07000,0.12694,0.96748,0.00002,0.01877,0.01373
26.13600,0.12694,0.97815,0.00000,0.01722,0.00463
26.20200,0.12694,0.97577,0.00005,0.01448,0.00970
26.26800,0.12694,0.96816,0.00001,0.02253,0.00930
26.33400,0.12694,0.98215,0.00001,0.01164,0.00620
26.40000,0.12694,0.98756,0.00000,0.00906,0.00339
26.46600,0.12694,0.98816,0.00001,0.00636,0.00546
26.53200,0.12694,0.64903,0.00019,0.32330,0.02748
26.59800,0.12694,0.42619,0.00028,0.55589,0.01764
26.66400,0.12694,0.64521,0.00998,0.26050,0.08430
26.73000,0.12694,0.67878,0.09011,0.19819,0.03292
26.79600,0.12694,0.71951,0.04611,0.20703,0.02736
26.86200,0.12694,0.58171,0.00339,0.41104,0.00386
26.92800,0.12694,0.66557,0.00231,0.32313,0.00899
26.99400,0.12694,0.97102,0.00005,0.02525,0.00367
27.06000,0.12694,0.99273,0.00001,0.00421,0.00305
27.12600,0.12694,0.97228,0.00007,0.01269,0.01496
27.19200,0.12694,0.97142,0.00002,0.01499,0.01357
27.25800,0.12694,0.98753,0.00001,0.00553,0.00693
27.32400,0.12694,0.96379,0.00002,0.02399,0.01220
27.39000,0.12694,0.98757,0.00002,0.00405,0.00836
27.45600,0.12694,0.97245,0.00006,0.01019,0.01730
27.52200,0.12694,0.99281,0.00002,0.00401,0.00317
27.58800,0.12694,0.97826,0.00002,0.01247,0.00925
27.65400,0.12694,0.98226,0.00000,0.01242,0.00532
27.72000,0.12694,0.91437,0.00014,0.04403,0.04146
27.78600,0.12694,0.97245,0.00000,0.01966,0.00789
27.85200,0.12694,0.99575,0.00000,0.00390,0.00034
27.91800,0.12694,0.99575,0.00000,0.00376,0.00049
27.98400,0.12694,0.97807,0.00006,0.02125,0.00062
28.05000,0.12694,0.95806,0.00030,0.03770,0.00395
28.11600,0.12694,0.99754,0.00000,0.00210,0.00036
28.18200,0.12694,0.99665,0.00000,0.00304,0.00031
28.24800,0.12694,0.99798,0.00000,0.00135,0.00067
28.31400,0.12694,0.98403,0.00004,0.00600,0.00993
28.38000,0.12694,0.94046,0.00002,0.02826,0.03125
28.44600,0.12694,0.94819,0.00001,0.03421,0.01759
28.51200,0.12694,0.90939,0.00000,0.08391,0.00670
28.57800,0.12694,0.61878,0.00000,0.38057,0.00066
28.64400,0.12694,0.80929,0.00000,0.17945,0.01125
28.71000,0.12694,0.73877,0.00000,0.25980,0.00144
28.77600,0.12694,0.47212,0.00000,0.52707,0.00081
28.84200,0.12694,0.81112,0.00000,0.18080,0.00808
28.90800,0.12694,0.96912,0.00000,0.03074,0.00015
28.97400,0.12694,0.97979,0.00000,0.01951,0.00070
29.04000,0.12694,0.98790,0.00000,0.00946,0.00263
29.10600,0.12694,0.96865,0.00007,0.01475,0.01653
29.17200,0.12694,0.98815,0.00001,0.00894,0.00291
29.23800,0.12694,0.98538,0.00000,0.01127,0.00335
29.30400,0.12694,0.93695,0.00007,0.01991,0.04307
29.37000,0.12694,0.84515,0.00009,0.12902,0.02575
29.43600,0.12694,0.86202,0.00005,0.11747,0.02046
29.50200,0.12694,0.99545,0.00000,0.00287,0.00168
29.56800,0.12694,0.99811,0.00000,0.00060,0.00130
29.63400,0.12694,0.96617,0.00017,0.00916,0.02451
29.70000,0.12694,0.34580,0.04554,0.05635,0.55231
29.76600,0.12694,0.37755,0.03983,0.15201,0.43061
29.83200,0.12694,0.50286,0.00548,0.33736,0.15430
29.89800,0.12694,0.68479,0.00500,0.08885,0.22137
29.96400,0.12694,0.82944,0.00536,0.08956,0.07564
30.03000,0.12694,0.90657,0.00095,0.02982,0.06266
30.09600,0.12694,0.77733,0.00048,0.12689,0.09530
30.16200,0.12694,0.52020,0.00189,0.25374,0.22417
30.22800,0.12694,0.49458,0.00289,0.31064,0.19188
30.29400,0.12694,0.45921,0.00376,0.42475,0.11228
30.36000,0.12694,0.64157,0.00836,0.22800,0.12208
30.42600,0.12694,0.50054,0.03860,0.34938,0.11148
30.49200,0.12694,0.40745,0.09023,0.39203,0.11028
30.55800,0.12694,0.25087,0.24845,0.07143,0.42925
30.62400,0.12694,0.28014,0.10576,0.05273,0.56137
30.69000,0.12694,0.29325,0.16308,0.10478,0.43888
30.75600,0.12694,0.40157,0.05044,0.11640,0.43159
30.82200,0.12694,0.38387,0.01730,0.06437,0.53445
30.88800,0.12694,0.43959,0.01640,0.06037,0.48364
30.95400,0.12694,0.39472,0.00530,0.01993,0.58005
31.02000,0.12694,0.44904,0.00653,0.04543,0.49900
31.08600,0.12694,0.42756,0.02680,0.03882,0.50683
31.15200,0.12694,0.32742,0.03006,0.04053,0.60199
31.21800,0.12694,0.52851,0.00353,0.02161,0.44635
31.28400,0.12694,0.64809,0.00290,0.05173,0.29728
31.35000,0.12694,0.47551,0.03256,0.26718,0.22476
31.41600,0.12694,0.43451,0.12612,0.06535,0.37402
31.48200,0.12694,0.35900,0.01179,0.01363,0.61557
31.54800,0.12694,0.38420,0.00657,0.01675,0.59248
31.61400,0.12694,0.42011,0.01115,0.11717,0.45158
31.68000,0.12694,0.65594,0.01010,0.05931,0.27465
31.74600,0.12694,0.97934,0.00005,0.00701,0.01361
31.81200,0.12694,0.91596,0.00056,0.02756,0.05592
31.87800,0.12694,0.56524,0.00692,0.05335,0.37450
31.94400,0.12694,0.80549,0.00290,0.01299,0.17861
32.01000,0.12694,0.91926,0.00007,0.00691,0.07376
32.07600,0.12694,0.61305,0.00100,0.00491,0.38105
32.14200,0.12694,0.49537,0.01372,0.02276,0.46814
32.20800,0.12694,0.56827,0.00699,0.03561,0.38913
32.27400,0.12694,0.70126,0.14505,0.01915,0.13454
32.34000,0.12694,0.59865,0.16265,0.12378,0.11492
32.40600,0.12694,0.34799,0.01864,0.55056,0.08281
32.47200,0.12694,0.29934,0.16756,0.47882,0.05427
32.53800,0.12694,0.42324,0.03530,0.32053,0.22092
32.60400,0.12694,0.42647,0.10715,0.18040,0.28598
32.67000,0.12694,0.54953,0.13094,0.26592,0.05362
32.73600,0.12694,0.45067,0.13430,0.24261,0.17242
32.80200,0.12694,0.63238,0.00730,0.22246,0.13787
32.86800,0.12694,0.47564,0.01325,0.19713,0.31398
32.93400,0.12694,0.49958,0.00168,0.12563,0.37311
33.00000,0.12694,0.65066,0.00288,0.15846,0.18800
33.06600,0.12693,0.58654,0.00363,0.17520,0.23462
33.13200,0.12694,0.60184,0.00173,0.16331,0.23313
33.19800,0.12693,0.59759,0.00057,0.11962,0.28222
33.26400,0.12694,0.69379,0.00045,0.10298,0.20278
33.33000,0.12693,0.71040,0.00086,0.07591,0.21283
33.39600,0.12694,0.45164,0.00707,0.07518,0.46610
33.46200,0.12693,0.36391,0.10261,0.03217,0.50131
33.52800,0.12694,0.74543,0.01897,0.02991,0.20569
33.59400,0.12693,0.63089,0.00752,0.05341,0.30819
33.66000,0.12694,0.62580,0.00432,0.04378,0.32611
33.72600,0.12693,0.54490,0.00423,0.04924,0.40163
33.79200,0.12694,0.49907,0.00919,0.07913,0.41261
33.85800,0.12693,0.55483,0.01018,0.10385,0.33114
33.92400,0.12694,0.33385,0.01281,0.34080,0.31254
33.99000,0.12693,0.41348,0.07463,0.34955,0.16234
34.05600,0.12694,0.54881,0.02856,0.34170,0.08092
34.12200,0.12693,0.66129,0.01322,0.08807,0.23742
34.18800,0.12694,0.49457,0.09297,0.07226,0.34020
34.25400,0.12693,0.29115,0.50574,0.04877,0.15435
34.32000,0.12694,0.32561,0.40815,0.16386,0.10238
34.38600,0.12693,0.25247,0.27109,0.37933,0.09711
34.45200,0.12694,0.30829,0.26686,0.10758,0.31727
34.51800,0.12693,0.27376,0.08579,0.07372,0.56673
34.58400,0.12694,0.46859,0.01580,0.06706,0.44855
34.65000,0.12694,0.51344,0.02356,0.02659,0.43641
34.71600,0.12694,0.44750,0.04054,0.10118,0.41077
34.78200,0.12694,0.42672,0.10470,0.06754,0.40104
34.84800,0.12694,0.31028,0.21876,0.06753,0.40342
34.91400,0.12694,0.47454,0.06011,0.05789,0.40746
34.98000,0.12694,0.46782,0.00897,0.06390,0.45931
35.04600,0.12694,0.44187,0.01330,0.06401,0.48082
35.11200,0.12694,0.59640,0.01165,0.06711,0.32483
35.17800,0.12694,0.80568,0.00353,0.02170,0.16910
35.24400,0.12694,0.81202,0.00043,0.01844,0.16911
35.31000,0.12694,0.92669,0.00014,0.02228,0.05090
35.37600,0.12694,0.97436,0.00004,0.00923,0.01638
35.44200,0.12694,0.97635,0.00004,0.00381,0.01980
35.50800,0.12694,0.88615,0.00028,0.02259,0.09097
35.57400,0.12694,0.67707,0.04811,0.04538,0.22945
35.64000,0.12694,0.66695,0.06389,0.05822,0.21094
35.70600,0.12694,0.42485,0.06436,0.13617,0.37462
35.77200,0.12694,0.33256,0.11165,0.06326,0.49253
35.83800,0.12694,0.24989,0.30630,0.23633,0.20748
35.90400,0.12694,0.45038,0.17712,0.31293,0.05958
35.97000,0.12694,0.56443,0.20091,0.19744,0.03722
36.03600,0.12694,0.77229,0.05986,0.09868,0.06917
36.10200,0.12694,0.56717,0.00073,0.29331,0.13878
36.16800,0.12694,0.64506,0.00089,0.15262,0.20143
36.23400,0.12694,0.86365,0.00067,0.05061,0.08506
36.30000,0.12694,0.82279,0.00069,0.11753,0.05900
36.36600,0.12694,0.35643,0.00527,0.59023,0.04807
36.43200,0.12694,0.39562,0.05260,0.46785,0.08393
36.49800,0.12694,0.51249,0.13923,0.26317,0.08512
36.56400,0.12694,0.37081,0.16986,0.28910,0.17023
36.63000,0.12694,0.38260,0.05033,0.05468,0.51239
36.69600,0.12694,0.55840,0.02142,0.03223,0.38795
36.76200,0.12694,0.69506,0.00654,0.01970,0.27870
36.82800,0.12694,0.71010,0.00027,0.00387,0.28577
36.89400,0.12694,0.88008,0.00016,0.04255,0.07721
36.96000,0.12694,0.54070,0.00701,0.23242,0.21987
37.02600,0.12694,0.25267,0.23689,0.06628,0.44416
37.09200,0.12694,0.27435,0.12316,0.06029,0.54220
37.15800,0.12694,0.26035,0.34660,0.06158,0.33147
37.22400,0.12694,0.28160,0.22934,0.06298,0.42608
37.29000,0.12694,0.32335,0.06636,0.05104,0.55925
37.35600,0.12694,0.65946,0.03145,0.04489,0.26420
37.42200,0.12694,0.41087,0.10029,0.09178,0.39706
37.48800,0.12694,0.61688,0.00612,0.19507,0.18193
37.55400,0.12694,0.60698,0.00334,0.13878,0.25090
37.62000,0.12694,0.42039,0.00798,0.00529,0.56634
37.68600,0.12694,0.35748,0.02690,0.02907,0.58655
37.75200,0.12694,0.40370,0.13996,0.14573,0.31060
37.81800,0.12694,0.32809,0.18977,0.05762,0.42452
37.88400,0.12694,0.34531,0.06207,0.07122,0.52140
37.95000,0.12694,0.75253,0.00500,0.04974,0.19272
38.01600,0.12694,0.88247,0.00086,0.01016,0.10650
38.08200,0.12694,0.55505,0.01056,0.02096,0.41343
38.14800,0.12694,0.61087,0.00589,0.03787,0.34536
38.21400,0.12694,0.91463,0.00067,0.02470,0.06001
38.28000,0.12694,0.91307,0.00014,0.03041,0.05638
38.34600,0.12694,0.84798,0.00083,0.05190,0.09929
38.41200,0.12694,0.95385,0.00011,0.00803,0.03801
38.47800,0.12694,0.97411,0.00003,0.00860,0.01726
38.54400,0.12694,0.97565,0.00002,0.01362,0.01070
38.61000,0.12694,0.97212,0.00012,0.00528,0.02248
38.67600,0.12694,0.97595,0.00006,0.00501,0.01898
38.74200,0.12694,0.97411,0.00005,0.01271,0.01313
38.80800,0.12694,0.98708,0.00001,0.00628,0.00663
38.87400,0.12694,0.99032,0.00001,0.00741,0.00226
38.94000,0.12694,0.95071,0.00010,0.02424,0.02496
39.00600,0.12694,0.93343,0.00010,0.02276,0.04371
39.07200,0.12694,0.98414,0.00000,0.01306,0.00280
39.13800,0.12694,0.98734,0.00000,0.00857,0.00410
39.20400,0.12694,0.99627,0.00000,0.00215,0.00158
39.27000,0.12694,0.99724,0.00000,0.00199,0.00078
39.33600,0.12694,0.99061,0.00000,0.00665,0.00274
39.40200,0.12694,0.98970,0.00000,0.00858,0.00172
39.46800,0.12694,0.99904,0.00000,0.00087,0.00008
39.53400,0.12694,0.99232,0.00000,0.00420,0.00348
39.60000,0.12694,0.97450,0.00007,0.01722,0.00822
39.66600,0.12694,0.96201,0.00002,0.02509,0.01289
39.73200,0.12694,0.99311,0.00000,0.00371,0.00318
39.79800,0.12694,0.98005,0.00004,0.00839,0.01152
39.86400,0.12694,0.99163,0.00000,0.00397,0.00440
39.93000,0.12694,0.91943,0.00010,0.05568,0.02478
39.99600,0.12694,0.93318,0.00044,0.03799,0.02839
40.06200,0.12694,0.94857,0.00032,0.02353,0.02758
40.12800,0.12694,0.95701,0.00102,0.00339,0.03859
40.19400,0.12694,0.98249,0.00000,0.00035,0.01716
40.26000,0.12694,0.96570,0.00002,0.00575,0.02853
40.32600,0.12694,0.22958,0.00026,0.76473,0.00543
40.39200,0.12694,0.11034,0.00052,0.88522,0.00392
40.45800,0.12694,0.71916,0.00007,0.27672,0.00405
40.52400,0.12694,0.97717,0.00000,0.02247,0.00036
40.59000,0.12694,0.99082,0.00000,0.00881,0.00037
40.65600,0.12694,0.97411,0.00001,0.01499,0.01089
40.72200,0.12694,0.99439,0.00000,0.00200,0.00361
40.78800,0.12694,0.99851,0.00000,0.00119,0.00030
40.85400,0.12694,0.99943,0.00000,0.00031,0.00026
40.92000,0.12694,0.92876,0.00001,0.00238,0.06886
40.98600,0.12694,0.99652,0.00000,0.00289,0.00059
41.05200,0.12694,0.99438,0.00000,0.00490,0.00072
41.11800,0.12694,0.76861,0.00125,0.14555,0.08459
41.18400,0.12694,0.85204,0.00204,0.14208,0.00384
41.25000,0.12694,0.89555,0.00008,0.10045,0.00392
41.31600,0.12693,0.93683,0.00019,0.02370,0.03928
41.38200,0.12694,0.61421,0.00922,0.11884,0.25773
41.44800,0.12693,0.48313,0.01937,0.07334,0.42416
41.51400,0.12694,0.60850,0.00415,0.04205,0.34531
41.58000,0.12693,0.98520,0.00001,0.00552,0.00927
41.64600,0.12694,0.99467,0.00000,0.00397,0.00135
41.71200,0.12693,0.99320,0.00000,0.00564,0.00116
41.77800,0.12694,0.99644,0.00000,0.00240,0.00116
41.84400,0.12693,0.99382,0.00000,0.00451,0.00167
41.91000,0.12694,0.99570,0.00000,0.00377,0.00054
41.97600,0.12693,0.99488,0.00000,0.00464,0.00048
42.04200,0.12694,0.96220,0.00000,0.03717,0.00063
42.10800,0.12693,0.99232,0.00000,0.00752,0.00016
42.17400,0.12694,0.99023,0.00001,0.00613,0.00364
42.24000,0.12693,0.98874,0.00001,0.00651,0.00474
42.30600,0.12694,0.99332,0.00000,0.00562,0.00106
42.37200,0.12693,0.98841,0.00000,0.01062,0.00097
42.43800,0.12694,0.99950,0.00000,0.00047,0.00003
42.50400,0.12693,0.99953,0.00000,0.00046,0.00001
42.57000,0.12694,0.99396,0.00000,0.00567,0.00037
42.63600,0.12693,0.93854,0.00000,0.05118,0.01028
42.70200,0.12694,0.96493,0.00001,0.02302,0.01205
42.76800,0.12693,0.97628,0.00000,0.01942,0.00430
42.83400,0.12694,0.99240,0.00000,0.00672,0.00088
42.90000,0.12694,0.99469,0.00000,0.00486,0.00045
42.96600,0.12694,0.99378,0.00000,0.00586,0.00036
43.03200,0.12694,0.98529,0.00000,0.01214,0.00257
43.09800,0.12694,0.99617,0.00000,0.00298,0.00084
43.16400,0.12694,0.99495,0.00000,0.00376,0.00129
43.23000,0.12694,0.98889,0.00000,0.01068,0.00043
43.29600,0.12694,0.98568,0.00000,0.01316,0.00115
43.36200,0.12694,0.79393,0.00163,0.05177,0.15267
43.42800,0.12694,0.51960,0.05883,0.13237,0.28919
43.49400,0.12694,0.42852,0.05714,0.14119,0.37316
43.56000,0.12694,0.33898,0.05450,0.10189,0.50463
43.62600,0.12694,0.53403,0.02063,0.15388,0.29146
43.69200,0.12694,0.79698,0.00595,0.06639,0.13068
43.75800,0.12694,0.97139,0.00006,0.01507,0.01348
43.82400,0.12694,0.98427,0.00000,0.01515,0.00058
43.89000,0.12694,0.98962,0.00000,0.00996,0.00043
43.95600,0.12694,0.91293,0.00000,0.08110,0.00597
44.02200,0.12694,0.92031,0.00000,0.07591,0.00378
44.08800,0.12694,0.94312,0.00000,0.05128,0.00560
44.15400,0.12694,0.98910,0.00000,0.00954,0.00136
44.22000,0.12694,0.98886,0.00000,0.01001,0.00113
44.28600,0.12694,0.95510,0.00000,0.04277,0.00214
44.35200,0.12694,0.78115,0.00005,0.20294,0.01587
44.41800,0.12694,0.76959,0.00008,0.18013,0.05020
44.48400,0.12694,0.94948,0.00002,0.02424,0.02626
44.55000,0.12694,0.89839,0.00010,0.04246,0.05905
44.61600,0.12694,0.94393,0.00001,0.01065,0.04540
44.68200,0.12694,0.99302,0.00000,0.00657,0.00041
44.74800,0.12694,0.98384,0.00000,0.01467,0.00149
44.81400,0.12694,0.89039,0.00002,0.07744,0.03216
44.88000,0.12694,0.89182,0.00000,0.08163,0.02655
44.94600,0.12694,0.97633,0.00000,0.02064,0.00303
45.01200,0.12694,0.97091,0.00000,0.02773,0.00136
45.07800,0.12694,0.99136,0.00000,0.00786,0.00077
45.14400,0.12694,0.99858,0.00000,0.00135,0.00007
45.21000,0.12694,0.99771,0.00000,0.00207,0.00023
45.27600,0.12694,0.99599,0.00000,0.00381,0.00020
45.34200,0.12694,0.97579,0.00000,0.02376,0.00045
45.40800,0.12694,0.99089,0.00000,0.00700,0.00211
45.47400,0.12694,0.99144,0.00000,0.00726,0.00130
45.54000,0.12694,0.98524,0.00000,0.01242,0.00233
45.60600,0.12694,0.99795,0.00000,0.00187,0.00018
45.67200,0.12694,0.99863,0.00000,0.00120,0.00018
45.73800,0.12694,0.96960,0.00000,0.02942,0.00098
45.80400,0.12694,0.91246,0.00000,0.08651,0.00103
45.87000,0.12694,0.62540,0.00145,0.28791,0.08524
45.93600,0.12694,0.46455,0.01343,0.29150,0.23051
46.00200,0.12694,0.45830,0.02622,0.09291,0.42257
46.06800,0.12694,0.36505,0.04428,0.07177,0.51889
46.13400,0.12694,0.54166,0.01990,0.12184,0.31660
46.20000,0.12694,0.74671,0.00177,0.07402,0.17750
46.26600,0.12694,0.93754,0.00010,0.02362,0.03874
46.33200,0.12694,0.99132,0.00000,0.00733,0.00135
46.39800,0.12694,0.99029,0.00000,0.00941,0.00030
46.46400,0.12694,0.96315,0.00000,0.03180,0.00505
46.53000,0.12694,0.96518,0.00001,0.01930,0.01552
46.59600,0.12694,0.98478,0.00001,0.00515,0.01007
46.66200,0.12694,0.98675,0.00000,0.01046,0.00279
46.72800,0.12694,0.97450,0.00000,0.02224,0.00326
46.79400,0.12694,0.90258,0.00000,0.09521,0.00221
46.86000,0.12694,0.88252,0.00001,0.09247,0.02500
46.92600,0.12694,0.77993,0.00055,0.09456,0.12497
46.99200,0.12694,0.83343,0.00006,0.11060,0.05590
47.05800,0.12694,0.93987,0.00013,0.02244,0.03756
47.12400,0.12694,0.93102,0.00034,0.04325,0.02540
47.19000,0.12694,0.93579,0.00004,0.06181,0.00236
47.25600,0.12694,0.99594,0.00000,0.00403,0.00003
47.32200,0.12694,0.99777,0.00000,0.00220,0.00003
47.38800,0.12694,0.98601,0.00000,0.01334,0.00065
47.45400,0.12694,0.98432,0.00000,0.01469,0.00099
47.52000,0.12694,0.98756,0.00000,0.00968,0.00276
47.58600,0.12694,0.99831,0.00000,0.00073,0.00096
47.65200,0.12694,0.99112,0.00000,0.00816,0.00072
47.71800,0.12694,0.99565,0.00000,0.00431,0.00004
47.78400,0.12694,0.99024,0.00000,0.00916,0.00061
47.85000,0.12694,0.92462,0.00000,0.06486,0.01052
47.91600,0.12694,0.86647,0.00000,0.11720,0.01634
47.98200,0.12694,0.91499,0.00000,0.07227,0.01274
48.04800,0.12694,0.97752,0.00000,0.02005,0.00243
48.11400,0.12694,0.93849,0.00000,0.04696,0.01455
48.18000,0.12694,0.95154,0.00000,0.04042,0.00803
48.24600,0.12694,0.99551,0.00000,0.00411,0.00038
48.31200,0.12694,0.99758,0.00000,0.00205,0.00038
48.37800,0.12694,0.93999,0.00000,0.05129,0.00872
48.44400,0.12694,0.62921,0.00000,0.36947,0.00132
48.51000,0.12694,0.57056,0.00013,0.40200,0.02731
48.57600,0.12694,0.55140,0.00266,0.30633,0.13961
48.64200,0.12694,0.37332,0.02374,0.45452,0.14842
48.70800,0.12694,0.39231,0.07173,0.10164,0.43431
48.77400,0.12694,0.33528,0.03832,0.03687,0.58953
48.84000,0.12694,0.54817,0.01134,0.06956,0.37092
48.90600,0.12694,0.94440,0.00076,0.01594,0.03890
48.97200,0.12694,0.98501,0.00002,0.00687,0.00811
49.03800,0.12694,0.99165,0.00000,0.00539,0.00296
49.10400,0.12694,0.99368,0.00000,0.00609,0.00023
49.17000,0.12694,0.99752,0.00000,0.00245,0.00004
49.23600,0.12694,0.99902,0.00000,0.00095,0.00003
49.30200,0.12694,0.98465,0.00000,0.01425,0.00110
49.36800,0.12694,0.99736,0.00000,0.00244,0.00020
49.43400,0.12694,0.99687,0.00000,0.00302,0.00011
49.50000,0.12694,0.99151,0.00000,0.00766,0.00082
49.56600,0.12693,0.99400,0.00000,0.00413,0.00186
49.63200,0.12694,0.99717,0.00000,0.00249,0.00034
49.69800,0.12693,0.99655,0.00000,0.00293,0.00052
49.76400,0.12694,0.99928,0.00000,0.00070,0.00002
49.83000,0.12693,0.99634,0.00000,0.00320,0.00046
49.89600,0.12694,0.99611,0.00000,0.00216,0.00173
49.96200,0.12693,0.99199,0.00000,0.00456,0.00344
50.02800,0.12694,0.98749,0.00001,0.00833,0.00417
50.09400,0.12693,0.99085,0.00000,0.00549,0.00365
50.16000,0.12694,0.99101,0.00000,0.00745,0.00154
50.22600,0.12693,0.97098,0.00000,0.02210,0.00691
50.29200,0.12694,0.97114,0.00001,0.02041,0.00844
50.35800,0.12693,0.97822,0.00000,0.02114,0.00064
50.42400,0.12694,0.99265,0.00000,0.00691,0.00044
50.49000,0.12693,0.96578,0.00001,0.02599,0.00822
50.55600,0.12694,0.97304,0.00000,0.01977,0.00719
50.62200,0.12693,0.99756,0.00000,0.00179,0.00066
50.68800,0.12694,0.99868,0.00000,0.00126,0.00006
50.75400,0.12693,0.97277,0.00001,0.01542,0.01180
50.82000,0.12694,0.97485,0.00000,0.01924,0.00590
50.88600,0.12693,0.99526,0.00000,0.00391,0.00084
50.95200,0.12694,0.99781,0.00000,0.00201,0.00018
51.01800,0.12693,0.99923,0.00000,0.00064,0.00012
51.08400,0.12694,0.99912,0.00000,0.00080,0.00008
51.15000,0.12694,0.99806,0.00000,0.00180,0.00014
51.21600,0.12694,0.99856,0.00000,0.00114,0.00029
51.28200,0.12694,0.99674,0.00000,0.00304,0.00023
51.34800,0.12694,0.96520,0.00000,0.03098,0.00382
51.41400,0.12694,0.95849,0.00000,0.03051,0.01099
51.48000,0.12694,0.99351,0.00001,0.00398,0.00251
51.54600,0.12694,0.99600,0.00000,0.00211,0.00189
51.61200,0.12694,0.98548,0.00001,0.00500,0.00951
51.67800,0.12694,0.97281,0.00011,0.00912,0.01796
51.74400,0.12694,0.99808,0.00000,0.00131,0.00061
51.81000,0.12694,0.99910,0.00000,0.00086,0.00004
51.87600,0.12694,0.99298,0.00000,0.00477,0.00224
51.94200,0.12694,0.97337,0.00002,0.01726,0.00934
52.00800,0.12694,0.91891,0.00012,0.04579,0.03517
52.07400,0.12694,0.97829,0.00002,0.01482,0.00687
52.14000,0.12694,0.98792,0.00000,0.00922,0.00286
52.20600,0.12694,0.99252,0.00001,0.00437,0.00310
52.27200,0.12694,0.99905,0.00000,0.00077,0.00018
52.33800,0.12694,0.99954,0.00000,0.00038,0.00008
52.40400,0.12694,0.99960,0.00000,0.00029,0.00011
52.47000,0.12694,0.99794,0.00000,0.00161,0.00044
52.53600,0.12694,0.99496,0.00000,0.00302,0.00201
52.60200,0.12694,0.98589,0.00002,0.01057,0.00352
52.66800,0.12694,0.98609,0.00001,0.00986,0.00404
52.73400,0.12694,0.97266,0.00002,0.01449,0.01283
52.80000,0.12694,0.98943,0.00000,0.00730,0.00327
52.86600,0.12694,0.97426,0.00000,0.02309,0.00265
52.93200,0.12694,0.98572,0.00000,0.00821,0.00607
52.99800,0.12694,0.99594,0.00001,0.00225,0.00180
53.06400,0.12694,0.99519,0.00000,0.00381,0.00099
53.13000,0.12694,0.99759,0.00000,0.00211,0.00029
53.19600,0.12694,0.99829,0.00000,0.00072,0.00099
53.26200,0.12694,0.96839,0.00002,0.00315,0.02844
53.32800,0.12694,0.97223,0.00008,0.00298,0.02471
53.39400,0.12694,0.97997,0.00001,0.00308,0.01694
53.46000,0.12694,0.99234,0.00000,0.00302,0.00464
53.52600,0.12694,0.99566,0.00000,0.00279,0.00156
53.59200,0.12694,0.99647,0.00000,0.00265,0.00088
53.65800,0.12694,0.99360,0.00000,0.00428,0.00212
53.72400,0.12694,0.99271,0.00000,0.00330,0.00398
53.79000,0.12694,0.99560,0.00000,0.00261,0.00179
53.85600,0.12694,0.98379,0.00001,0.00745,0.00876
53.92200,0.12694,0.95260,0.00003,0.03630,0.01107
53.98800,0.12694,0.89556,0.00009,0.06913,0.03522
54.05400,0.12694,0.87710,0.00006,0.09047,0.03236
54.12000,0.12694,0.88071,0.00018,0.10388,0.01522
54.18600,0.12694,0.51287,0.00007,0.46806,0.01900
54.25200,0.12694,0.84339,0.00007,0.11128,0.04526
54.31800,0.12694,0.98610,0.00000,0.00954,0.00435
54.38400,0.12694,0.99447,0.00000,0.00373,0.00180
54.45000,0.12694,0.98059,0.00000,0.01684,0.00257
54.51600,0.12694,0.99812,0.00000,0.00173,0.00016
54.58200,0.12694,0.98763,0.00000,0.01160,0.00077
54.64800,0.12694,0.96518,0.00000,0.02899,0.00583
54.71400,0.12694,0.98141,0.00000,0.01668,0.00191
54.78000,0.12694,0.97311,0.00004,0.01433,0.01252
54.84600,0.12694,0.95740,0.00003,0.01857,0.02399
54.91200,0.12694,0.97887,0.00000,0.01337,0.00775
54.97800,0.12694,0.98326,0.00004,0.00864,0.00807
55.04400,0.12694,0.97528,0.00003,0.01368,0.01101
55.11000,0.12694,0.64834,0.00020,0.01559,0.33587
55.17600,0.12694,0.89137,0.00005,0.02083,0.08776
55.24200,0.12694,0.67535,0.00028,0.01800,0.30638
55.30800,0.12694,0.59714,0.00088,0.03826,0.36371
55.37400,0.12694,0.80755,0.00022,0.10706,0.08517
55.44000,0.12694,0.97297,0.00007,0.01432,0.01264
55.50600,0.12694,0.97776,0.00002,0.00548,0.01675
55.57200,0.12694,0.99094,0.00001,0.00374,0.00531
55.63800,0.12694,0.99053,0.00001,0.00466,0.00481
55.70400,0.12694,0.99133,0.00000,0.00478,0.00389
55.77000,0.12694,0.99277,0.00000,0.00404,0.00319
55.83600,0.12694,0.98111,0.00003,0.01188,0.00698
55.90200,0.12694,0.82837,0.00013,0.14713,0.02437
55.96800,0.12694,0.73095,0.00059,0.10419,0.16427
56.03400,0.12694,0.33953,0.02186,0.09375,0.54486
56.10000,0.12694,0.42915,0.00203,0.36922,0.19960
56.16600,0.12694,0.90154,0.00005,0.07549,0.02292
56.23200,0.12694,0.98739,0.00000,0.00990,0.00271
56.29800,0.12694,0.98476,0.00001,0.00961,0.00562
56.36400,0.12694,0.99413,0.00000,0.00446,0.00141
56.43000,0.12694,0.99350,0.00000,0.00398,0.00253
56.49600,0.12694,0.98568,0.00000,0.01084,0.00348
56.56200,0.12694,0.98417,0.00000,0.01390,0.00193
56.62800,0.12694,0.98906,0.00000,0.00934,0.00160
56.69400,0.12694,0.99693,0.00000,0.00267,0.00040
56.76000,0.12694,0.99766,0.00000,0.00209,0.00025
56.82600,0.12694,0.99266,0.00000,0.00630,0.00103
56.89200,0.12694,0.98254,0.00001,0.01153,0.00592
56.95800,0.12694,0.99156,0.00000,0.00573,0.00271
57.02400,0.12694,0.99398,0.00000,0.00528,0.00074
57.09000,0.12694,0.99532,0.00000,0.00347,0.00121
57.15600,0.12694,0.99230,0.00000,0.00497,0.00272
57.22200,0.12694,0.98551,0.00001,0.00903,0.00546
57.28800,0.12694,0.99316,0.00001,0.00374,0.00309
57.35400,0.12694,0.99800,0.00000,0.00151,0.00049
57.42000,0.12694,0.99661,0.00000,0.00288,0.00051
57.48600,0.12694,0.99746,0.00000,0.00170,0.00084
57.55200,0.12694,0.99774,0.00000,0.00179,0.00047
57.61800,0.12694,0.98083,0.00001,0.00866,0.01050
57.68400,0.12694,0.99625,0.00000,0.00318,0.00057
57.75000,0.12694,0.99740,0.00000,0.00213,0.00047
57.81600,0.12693,0.98578,0.00001,0.00381,0.01041
57.88200,0.12694,0.99117,0.00000,0.00472,0.00411
57.94800,0.12693,0.99746,0.00000,0.00162,0.00091
58.01400,0.12694,0.98203,0.00000,0.01526,0.00271
58.08000,0.12693,0.99393,0.00000,0.00524,0.00084
58.14600,0.12694,0.97758,0.00002,0.01183,0.01057
58.21200,0.12693,0.97731,0.00008,0.00461,0.01800
58.27800,0.12694,0.98240,0.00000,0.00910,0.00849
58.34400,0.12693,0.97492,0.00001,0.01139,0.01369
58.41000,0.12694,0.99417,0.00002,0.00102,0.00479
58.47600,0.12693,0.99516,0.00000,0.00340,0.00144
58.54200,0.12694,0.99205,0.00000,0.00629,0.00166
58.60800,0.12693,0.99745,0.00000,0.00208,0.00047
58.67400,0.12694,0.98955,0.00000,0.00971,0.00074
58.74000,0.12693,0.99046,0.00000,0.00879,0.00074
58.80600,0.12694,0.99812,0.00000,0.00146,0.00043
58.87200,0.12693,0.99190,0.00000,0.00130,0.00681
58.93800,0.12694,0.97282,0.00000,0.00284,0.02434
59.00400,0.12693,0.99913,0.00000,0.00062,0.00025
59.07000,0.12694,0.95764,0.00001,0.00278,0.03957
59.13600,0.12693,0.66764,0.00001,0.01034,0.32201
59.20200,0.12694,0.89275,0.00005,0.01901,0.08819
59.26800,0.12693,0.99341,0.00000,0.00324,0.00336
59.33400,0.12694,0.99555,0.00000,0.00158,0.00287
59.40000,0.12694,0.99454,0.00000,0.00265,0.00281
59.46600,0.12694,0.99029,0.00001,0.00321,0.00649
59.53200,0.12694,0.98768,0.00000,0.00529,0.00703
59.59800,0.12694,0.99401,0.00000,0.00358,0.00241
59.66400,0.12694,0.98815,0.00000,0.00592,0.00593
59.73000,0.12694,0.97101,0.00004,0.00917,0.01978
59.79600,0.12694,0.99618,0.00000,0.00257,0.00124
59.86200,0.12694,0.99541,0.00000,0.00291,0.00167
59.92800,0.12694,0.98431,0.00000,0.01233,0.00336
59.99400,0.12694,0.99792,0.00000,0.00169,0.00040
60.06000,0.12694,0.97827,0.00000,0.01912,0.00262
60.12600,0.12694,0.44986,0.00021,0.52597,0.02396
60.19200,0.12694,0.13937,0.02015,0.83297,0.00751
60.25800,0.12694,0.53549,0.00109,0.42769,0.03573
60.32400,0.12694,0.95146,0.00005,0.02687,0.02162
60.39000,0.12694,0.99463,0.00000,0.00352,0.00185
60.45600,0.12694,0.99885,0.00000,0.00075,0.00040
60.52200,0.12694,0.99398,0.00000,0.00395,0.00206
60.58800,0.12694,0.99507,0.00000,0.00276,0.00217
60.65400,0.12694,0.99106,0.00000,0.00581,0.00313
60.72000,0.12694,0.97323,0.00001,0.01318,0.01359
60.78600,0.12694,0.95772,0.00007,0.01024,0.03197
60.85200,0.12694,0.97478,0.00010,0.00571,0.01941
60.91800,0.12694,0.97940,0.00002,0.00823,0.01235
60.98400,0.12694,0.99639,0.00000,0.00169,0.00192
61.05000,0.12694,0.99001,0.00000,0.00760,0.00239
61.11600,0.12694,0.97998,0.00002,0.01099,0.00901
61.18200,0.12694,0.98713,0.00005,0.00376,0.00906
61.24800,0.12694,0.96942,0.00002,0.00726,0.02331
61.31400,0.12694,0.91209,0.00003,0.02166,0.06622
61.38000,0.12694,0.88109,0.00016,0.05386,0.06489
61.44600,0.12694,0.81477,0.00082,0.11657,0.06784
61.51200,0.12694,0.91935,0.00002,0.03653,0.04410
61.57800,0.12694,0.97767,0.00001,0.01326,0.00905
61.64400,0.12694,0.98135,0.00000,0.01611,0.00254
61.71000,0.12694,0.97747,0.00000,0.01699,0.00554
61.77600,0.12694,0.96178,0.00000,0.02502,0.01320
61.84200,0.12694,0.67245,0.00005,0.00295,0.32455
61.90800,0.12694,0.52452,0.00025,0.00650,0.46873
61.97400,0.12694,0.32442,0.00041,0.00186,0.67330
62.04000,0.12694,0.62632,0.00038,0.00900,0.36430
62.10600,0.12694,0.81700,0.00059,0.02351,0.15890
62.17200,0.12694,0.91290,0.00006,0.02076,0.06627
62.23800,0.12694,0.97645,0.00002,0.00640,0.01713
62.30400,0.12694,0.96257,0.00004,0.01251,0.02488
62.37000,0.12694,0.93127,0.00013,0.02184,0.04676
62.43600,0.12694,0.95805,0.00001,0.02441,0.01753
62.50200,0.12694,0.97726,0.00001,0.01754,0.00519
62.56800,0.12694,0.97733,0.00001,0.01766,0.00500
62.63400,0.12694,0.95923,0.00009,0.01419,0.02649
62.70000,0.12694,0.99107,0.00000,0.00537,0.00355
62.76600,0.12694,0.99120,0.00001,0.00569,0.00311
62.83200,0.12694,0.98995,0.00004,0.00602,0.00399
62.89800,0.12694,0.98339,0.00004,0.00615,0.01042
62.96400,0.12694,0.99330,0.00007,0.00267,0.00395
63.03000,0.12694,0.98515,0.00003,0.00284,0.01197
63.09600,0.12694,0.93204,0.00010,0.01989,0.04796
63.16200,0.12694,0.78778,0.00106,0.04358,0.16758
63.22800,0.12694,0.98702,0.00001,0.00572,0.00724
63.29400,0.12694,0.99374,0.00000,0.00329,0.00298
63.36000,0.12694,0.91568,0.00031,0.00717,0.07684
63.42600,0.12694,0.98773,0.00001,0.00449,0.00777
63.49200,0.12694,0.96946,0.00005,0.00537,0.02511
63.55800,0.12694,0.97150,0.00001,0.00490,0.02358
63.62400,0.12694,0.96788,0.00002,0.00951,0.02259
63.69000,0.12694,0.95331,0.00020,0.00641,0.04009
63.75600,0.12694,0.90064,0.00031,0.02223,0.07682
63.82200,0.12694,0.98699,0.00000,0.00710,0.00591
63.88800,0.12694,0.92288,0.00002,0.04282,0.03429
63.95400,0.12694,0.92815,0.00000,0.06493,0.00692
64.02000,0.12694,0.86852,0.00032,0.12124,0.00992
64.08600,0.12694,0.97992,0.00003,0.01810,0.00195
64.15200,0.12694,0.98485,0.00004,0.00709,0.00802
64.21800,0.12694,0.98932,0.00001,0.00599,0.00468
64.28400,0.12694,0.96874,0.00000,0.01170,0.01957
64.35000,0.12694,0.74129,0.00001,0.02199,0.23671
64.41600,0.12694,0.98391,0.00000,0.01351,0.00258
64.48200,0.12694,0.99646,0.00000,0.00296,0.00058
64.54800,0.12694,0.99264,0.00001,0.00337,0.00399
64.61400,0.12694,0.98878,0.00001,0.00797,0.00324
64.68000,0.12694,0.96964,0.00006,0.00619,0.02410
64.74600,0.12694,0.60554,0.00436,0.10443,0.28567
64.81200,0.12694,0.80132,0.00023,0.04671,0.15174
64.87800,0.12694,0.85026,0.00069,0.00580,0.14325
64.94400,0.12694,0.91786,0.00049,0.00555,0.07609
65.01000,0.12694,0.95884,0.00003,0.00894,0.03218
65.07600,0.12694,0.97150,0.00000,0.01306,0.01545
65.14200,0.12694,0.96776,0.00000,0.01452,0.01772
65.20800,0.12694,0.99176,0.00000,0.00535,0.00289
65.27400,0.12694,0.97074,0.00002,0.00991,0.01932
65.34000,0.12694,0.98229,0.00001,0.00757,0.01014
65.40600,0.12694,0.90188,0.00012,0.04014,0.05785
65.47200,0.12694,0.86808,0.00050,0.03343,0.09800
65.53800,0.12694,0.92931,0.00006,0.02844,0.04219
65.60400,0.12694,0.98581,0.00001,0.00374,0.01044
65.67000,0.12694,0.99426,0.00000,0.00250,0.00324
65.73600,0.12694,0.99412,0.00000,0.00389,0.00199
65.80200,0.12694,0.99167,0.00000,0.00453,0.00379
65.86800,0.12694,0.98349,0.00005,0.00795,0.00850
65.93400,0.12694,0.99794,0.00000,0.00099,0.00106
66.00000,0.12694,0.94323,0.00003,0.00448,0.05226
66.06600,0.12694,0.88363,0.00016,0.01855,0.09766
66.13200,0.12693,0.95111,0.00001,0.03071,0.01817
66.19800,0.12694,0.91836,0.00012,0.03951,0.04202
66.26400,0.12694,0.82062,0.00070,0.05487,0.12382
66.33000,0.12694,0.82890,0.00034,0.04021,0.13056
66.39600,0.12693,0.97614,0.00004,0.00415,0.01967
66.46200,0.12694,0.97013,0.00010,0.02240,0.00737
66.52800,0.12694,0.98674,0.00001,0.00781,0.00544
66.59400,0.12694,0.98395,0.00000,0.00878,0.00727
66.66000,0.12693,0.97405,0.00002,0.01842,0.00751
66.72600,0.12694,0.99445,0.00000,0.00377,0.00178
66.79200,0.12694,0.96059,0.00002,0.01064,0.02876
66.85800,0.12694,0.88440,0.00020,0.01223,0.10317
66.92400,0.12693,0.82334,0.00004,0.00707,0.16955
66.99000,0.12694,0.61082,0.00000,0.00326,0.38592
67.05600,0.12694,0.83599,0.00000,0.00975,0.15426
67.12200,0.12694,0.96420,0.00005,0.01927,0.01648
67.18800,0.12693,0.98647,0.00000,0.00907,0.00446
67.25400,0.12694,0.98319,0.00001,0.01302,0.00379
67.32000,0.12694,0.99592,0.00001,0.00256,0.00150
67.38600,0.12694,0.99315,0.00002,0.00461,0.00221
67.45200,0.12693,0.99598,0.00000,0.00253,0.00149
67.51800,0.12694,0.99661,0.00000,0.00213,0.00126
67.58400,0.12694,0.90772,0.00008,0.02529,0.06691
67.65000,0.12694,0.94636,0.00007,0.00678,0.04679
67.71600,0.12694,0.98862,0.00001,0.00258,0.00878
67.78200,0.12694,0.94979,0.00003,0.01151,0.03867
67.84800,0.12694,0.83022,0.00013,0.01419,0.15546
67.91400,0.12694,0.81524,0.00007,0.00768,0.17701
67.98000,0.12694,0.98216,0.00001,0.00270,0.01513
68.04600,0.12694,0.99595,0.00000,0.00177,0.00228
68.11200,0.12694,0.99560,0.00000,0.00291,0.00149
68.17800,0.12694,0.98935,0.00000,0.00581,0.00484
68.24400,0.12694,0.99276,0.00000,0.00650,0.00074
68.31000,0.12694,0.99564,0.00000,0.00351,0.00085
68.37600,0.12694,0.98188,0.00001,0.00599,0.01211
68.44200,0.12694,0.87615,0.00008,0.04060,0.08317
68.50800,0.12694,0.96971,0.00001,0.01846,0.01182
68.57400,0.12694,0.97338,0.00000,0.02400,0.00262
68.64000,0.12694,0.98823,0.00000,0.00749,0.00427
68.70600,0.12694,0.99067,0.00000,0.00690,0.00243
68.77200,0.12694,0.99483,0.00000,0.00460,0.00057
68.83800,0.12694,0.99339,0.00000,0.00507,0.00154
68.90400,0.12694,0.99736,0.00000,0.00208,0.00056
68.97000,0.12694,0.99365,0.00001,0.00397,0.00237
69.03600,0.12694,0.98941,0.00000,0.00516,0.00543
69.10200,0.12694,0.99504,0.00000,0.00358,0.00138
69.16800,0.12694,0.99268,0.00000,0.00521,0.00210
69.23400,0.12694,0.99535,0.00000,0.00367,0.00097
69.30000,0.12694,0.98988,0.00000,0.00793,0.00219
69.36600,0.12694,0.97036,0.00002,0.00632,0.02330
69.43200,0.12694,0.99706,0.00000,0.00233,0.00061
69.49800,0.12694,0.99607,0.00000,0.00342,0.00051
69.56400,0.12694,0.98524,0.00000,0.01096,0.00381
69.63000,0.12694,0.97949,0.00000,0.01629,0.00422
69.69600,0.12694,0.98507,0.00001,0.00599,0.00893
69.76200,0.12694,0.91964,0.00005,0.03145,0.04886
69.82800,0.12694,0.95262,0.00003,0.01963,0.02772
69.89400,0.12694,0.99141,0.00000,0.00763,0.00096
69.96000,0.12694,0.94571,0.00000,0.05299,0.00130
70.02600,0.12694,0.97845,0.00000,0.02085,0.00070
70.09200,0.12694,0.99631,0.00000,0.00341,0.00029
70.15800,0.12694,0.99440,0.00000,0.00423,0.00137
70.22400,0.12694,0.98810,0.00000,0.01057,0.00132
70.29000,0.12694,0.99121,0.00000,0.00818,0.00061
70.35600,0.12694,0.99147,0.00000,0.00723,0.00131
70.42200,0.12694,0.99522,0.00000,0.00329,0.00148
70.48800,0.12694,0.99008,0.00000,0.00840,0.00152
70.55400,0.12694,0.97985,0.00000,0.01839,0.00176
70.62000,0.12694,0.98650,0.00000,0.00822,0.00527
70.68600,0.12694,0.97523,0.00001,0.01687,0.00790
70.75200,0.12694,0.99536,0.00000,0.00372,0.00092
70.81800,0.12694,0.99716,0.00000,0.00244,0.00040
70.88400,0.12694,0.99012,0.00000,0.00841,0.00147
70.95000,0.12694,0.98214,0.00001,0.00879,0.00906
71.01600,0.12694,0.99256,0.00000,0.00388,0.00356
71.08200,0.12694,0.99641,0.00000,0.00254,0.00105
71.14800,0.12694,0.97657,0.00000,0.01846,0.00497
71.21400,0.12694,0.99054,0.00000,0.00772,0.00174
71.28000,0.12694,0.99067,0.00000,0.00820,0.00113
71.34600,0.12694,0.98722,0.00000,0.01077,0.00200
71.41200,0.12694,0.96633,0.00002,0.02792,0.00573
71.47800,0.12694,0.54734,0.00261,0.42772,0.02233
71.54400,0.12694,0.54374,0.03194,0.25503,0.16928
71.61000,0.12694,0.53835,0.01315,0.02117,0.42733
71.67600,0.12694,0.58630,0.00577,0.02127,0.38665
71.74200,0.12694,0.94518,0.00010,0.01152,0.04320
71.80800,0.12694,0.90841,0.00000,0.07049,0.02110
71.87400,0.12694,0.90746,0.00003,0.02332,0.06919
71.94000,0.12694,0.87161,0.00071,0.09025,0.03743
72.00600,0.12694,0.58324,0.01149,0.12381,0.28146
72.07200,0.12694,0.47152,0.00490,0.10971,0.41387
72.13800,0.12694,0.40915,0.03259,0.18880,0.36946
72.20400,0.12694,0.51910,0.01339,0.15555,0.31195
72.27000,0.12694,0.74704,0.00021,0.08685,0.16591
72.33600,0.12694,0.42356,0.00419,0.55619,0.01606
72.40200,0.12694,0.09863,0.03908,0.85872,0.00358
72.46800,0.12694,0.44323,0.11850,0.36938,0.06888
72.53400,0.12694,0.39308,0.14498,0.00113,0.46082
72.60000,0.12694,0.39038,0.02849,0.00041,0.58072
72.66600,0.12694,0.40357,0.01648,0.00056,0.57938
72.73200,0.12694,0.38434,0.00786,0.00186,0.60593
72.79800,0.12694,0.79546,0.00043,0.04386,0.16025
72.86400,0.12694,0.96080,0.00002,0.01549,0.02369
72.93000,0.12694,0.95042,0.00008,0.01163,0.03787
72.99600,0.12694,0.95243,0.00017,0.00648,0.04092
73.06200,0.12694,0.98559,0.00001,0.00642,0.00799
73.12800,0.12694,0.97989,0.00000,0.01567,0.00444
73.19400,0.12694,0.95058,0.00000,0.04419,0.00523
73.26000,0.12694,0.86696,0.00005,0.10942,0.02358
73.32600,0.12694,0.96488,0.00004,0.02377,0.01131
73.39200,0.12694,0.98801,0.00000,0.00853,0.00346
73.45800,0.12694,0.63708,0.00133,0.35071,0.01089
73.52400,0.12694,0.02698,0.01491,0.95632,0.00179
73.59000,0.12694,0.06302,0.00134,0.92873,0.00691
73.65600,0.12694,0.65598,0.00007,0.26356,0.08039
73.72200,0.12694,0.88495,0.00001,0.09100,0.02404
73.78800,0.12694,0.85850,0.00001,0.12523,0.01626
73.85400,0.12694,0.94883,0.00004,0.02939,0.02175
73.92000,0.12694,0.96849,0.00000,0.01785,0.01365
73.98600,0.12694,0.97680,0.00000,0.01894,0.00426
74.05200,0.12694,0.63959,0.00005,0.35719,0.00317
74.11800,0.12694,0.02099,0.00116,0.97682,0.00102
74.18400,0.12694,0.01662,0.00100,0.98165,0.00073
74.25000,0.12694,0.51673,0.09051,0.02881,0.36395
74.31600,0.12694,0.44223,0.01940,0.00101,0.53736
74.38200,0.12693,0.49356,0.03204,0.00265,0.47175
74.44800,0.12694,0.52259,0.00051,0.00060,0.47631
74.51400,0.12694,0.72091,0.00002,0.00100,0.27807
74.58000,0.12694,0.64956,0.00074,0.33066,0.01905
74.64600,0.12693,0.37247,0.01815,0.59254,0.01684
74.71200,0.12694,0.80127,0.00043,0.12914,0.06916
74.77800,0.12694,0.92649,0.00001,0.05533,0.01817
74.84400,0.12694,0.97962,0.00001,0.01500,0.00538
74.91000,0.12693,0.98597,0.00001,0.00433,0.00969
74.97600,0.12694,0.85116,0.00017,0.14293,0.00574
75.04200,0.12694,0.05251,0.00208,0.94388,0.00153
75.10800,0.12694,0.17200,0.01308,0.78534,0.02958
75.17400,0.12693,0.53420,0.01359,0.00620,0.44601
75.24000,0.12694,0.50264,0.00794,0.00214,0.48727
75.30600,0.12694,0.55699,0.02231,0.00734,0.41336
75.37200,0.12694,0.56296,0.02365,0.00724,0.40614
75.43800,0.12693,0.44278,0.01663,0.00265,0.53794
75.50400,0.12694,0.60578,0.00291,0.00368,0.38763
75.57000,0.12694,0.71041,0.00036,0.00914,0.28010
75.63600,0.12694,0.83406,0.00041,0.06771,0.09782
75.70200,0.12693,0.54288,0.00462,0.38166,0.07084
75.76800,0.12694,0.12381,0.00464,0.85609,0.01546
75.83400,0.12694,0.47259,0.03038,0.33837,0.15866
75.90000,0.12694,0.63206,0.00285,0.21930,0.14579
75.96600,0.12694,0.87323,0.00015,0.06904,0.05758
76.03200,0.12694,0.99506,0.00000,0.00252,0.00242
76.09800,0.12694,0.97631,0.00003,0.01621,0.00745
76.16400,0.12694,0.62288,0.00237,0.34840,0.02635
76.23000,0.12694,0.65405,0.05835,0.03182,0.25578
76.29600,0.12694,0.53273,0.02181,0.00468,0.44078
76.36200,0.12694,0.51234,0.02988,0.00258,0.45521
76.42800,0.12694,0.41803,0.01728,0.00144,0.56326
76.49400,0.12694,0.48661,0.00526,0.00351,0.50462
76.56000,0.12694,0.44409,0.00084,0.00042,0.55465
76.62600,0.12694,0.67407,0.00008,0.00244,0.32342
76.69200,0.12694,0.41460,0.00018,0.58330,0.00192
76.75800,0.12694,0.00912,0.00630,0.98442,0.00016
76.82400,0.12694,0.04522,0.00002,0.95392,0.00084
76.89000,0.12694,0.36193,0.00002,0.63267,0.00538
76.95600,0.12694,0.82815,0.00001,0.14895,0.02288
77.02200,0.12694,0.84297,0.00030,0.11502,0.04171
77.08800,0.12694,0.53716,0.01361,0.36479,0.08445
77.15400,0.12694,0.52354,0.05450,0.02159,0.40036
77.22000,0.12694,0.72916,0.01658,0.01467,0.23959
77.28600,0.12694,0.73083,0.00605,0.02754,0.23558
77.35200,0.12694,0.48212,0.00031,0.51132,0.00625
77.41800,0.12694,0.00113,0.00006,0.99881,0.00001
77.48400,0.12694,0.05271,0.00002,0.94651,0.00076
77.55000,0.12694,0.43562,0.00003,0.55013,0.01423
77.61600,0.12694,0.58815,0.00310,0.37088,0.03787
77.68200,0.12694,0.34602,0.11975,0.47557,0.05866
77.74800,0.12694,0.67102,0.03602,0.06611,0.22685
77.81400,0.12694,0.63449,0.01681,0.02105,0.32765
77.88000,0.12694,0.44222,0.00390,0.00097,0.55291
77.94600,0.12694,0.81500,0.00005,0.00639,0.17856
78.01200,0.12694,0.18654,0.00017,0.81021,0.00308
78.07800,0.12694,0.01298,0.00315,0.98318,0.00069
78.14400,0.12694,0.48716,0.01238,0.39978,0.10068
78.21000,0.12694,0.69741,0.00129,0.15902,0.14228
78.27600,0.12694,0.89256,0.00025,0.01948,0.08771
78.34200,0.12694,0.98310,0.00001,0.00853,0.00836
78.40800,0.12694,0.98979,0.00000,0.00738,0.00283
78.47400,0.12694,0.99119,0.00000,0.00804,0.00077
78.54000,0.12694,0.98738,0.00000,0.01134,0.00128
78.60600,0.12694,0.98615,0.00000,0.01200,0.00185
78.67200,0.12694,0.88775,0.00017,0.10649,0.00560
78.73800,0.12694,0.36406,0.04752,0.49537,0.09305
78.80400,0.12694,0.38127,0.05981,0.22352,0.33540
78.87000,0.12694,0.40454,0.01771,0.06638,0.51136
78.93600,0.12694,0.69746,0.01781,0.08573,0.19899
79.00200,0.12694,0.60905,0.03722,0.05486,0.29887
79.06800,0.12694,0.47568,0.05108,0.00594,0.46730
79.13400,0.12694,0.59076,0.01024,0.00738,0.39161
79.20000,0.12694,0.41494,0.02868,0.00248,0.55390
79.26600,0.12694,0.44235,0.00111,0.00141,0.55514
79.33200,0.12694,0.42830,0.00115,0.00189,0.56866
79.39800,0.12694,0.43397,0.00638,0.00585,0.55380
79.46400,0.12694,0.57652,0.02809,0.05253,0.34285
79.53000,0.12694,0.87492,0.00097,0.01496,0.10915
79.59600,0.12694,0.97055,0.00000,0.01903,0.01042
79.66200,0.12694,0.94393,0.00000,0.04897,0.00709
79.72800,0.12694,0.97571,0.00000,0.01906,0.00522
79.79400,0.12694,0.67810,0.00506,0.01506,0.30179
79.86000,0.12694,0.41566,0.08666,0.00623,0.49145
79.92600,0.12694,0.61669,0.05425,0.00790,0.32116
79.99200,0.12694,0.40764,0.02987,0.47332,0.08917
80.05800,0.12694,0.03597,0.00095,0.96192,0.00116
80.12400,0.12694,0.05792,0.00076,0.93998,0.00135
80.19000,0.12694,0.41516,0.05800,0.39026,0.13658
80.25600,0.12694,0.55609,0.00597,0.36312,0.07482
80.32200,0.12694,0.73159,0.00028,0.19968,0.06844
80.38800,0.12694,0.86409,0.00030,0.06293,0.07268
80.45400,0.12694,0.97682,0.00001,0.01188,0.01130
80.52000,0.12694,0.98631,0.00002,0.00572,0.00796
80.58600,0.12694,0.74215,0.00083,0.23664,0.02038
80.65200,0.12694,0.02042,0.00492,0.97378,0.00087
80.71800,0.12694,0.08323,0.00800,0.89922,0.00954
80.78400,0.12694,0.34287,0.02080,0.57610,0.06024
80.85000,0.12694,0.51086,0.01107,0.41194,0.06613
80.91600,0.12694,0.60716,0.03106,0.02239,0.33939
80.98200,0.12694,0.67748,0.00948,0.06921,0.24383
81.04800,0.12694,0.70074,0.00015,0.20126,0.09784
81.11400,0.12694,0.94595,0.00002,0.01699,0.03704
81.18000,0.12694,0.54164,0.00079,0.41215,0.04543
81.24600,0.12694,0.09437,0.02270,0.85563,0.02730
81.31200,0.12694,0.43480,0.00500,0.50861,0.05158
81.37800,0.12694,0.73730,0.00226,0.14492,0.11552
81.44400,0.12694,0.73860,0.00196,0.00999,0.24945
81.51000,0.12694,0.72416,0.00715,0.04525,0.22344
81.57600,0.12694,0.68964,0.03014,0.02793,0.25229
81.64200,0.12694,0.60510,0.01650,0.01073,0.36767
81.70800,0.12694,0.52374,0.00062,0.00425,0.47139
81.77400,0.12694,0.71550,0.00301,0.19546,0.08603
81.84000,0.12694,0.04807,0.01173,0.93400,0.00620
81.90600,0.12694,0.13879,0.00368,0.84703,0.01050
81.97200,0.12694,0.28023,0.00008,0.70966,0.01003
82.03800,0.12694,0.78375,0.00005,0.15307,0.06313
82.10400,0.12694,0.96516,0.00001,0.01672,0.01811
82.17000,0.12694,0.98344,0.00000,0.01402,0.00253
82.23600,0.12694,0.99199,0.00000,0.00698,0.00103
82.30200,0.12694,0.98761,0.00000,0.00959,0.00279
82.36800,0.12694,0.98483,0.00000,0.00628,0.00888
82.43400,0.12694,0.99467,0.00000,0.00481,0.00052
82.50000,0.12694,0.97676,0.00000,0.01309,0.01015
82.56600,0.12694,0.99004,0.00000,0.00777,0.00219
82.63200,0.12693,0.99738,0.00000,0.00247,0.00014
82.69800,0.12694,0.99305,0.00000,0.00573,0.00122
82.76400,0.12694,0.96475,0.00000,0.02980,0.00544
82.83000,0.12694,0.93438,0.00000,0.05979,0.00583
82.89600,0.12693,0.94810,0.00011,0.02595,0.02584
82.96200,0.12694,0.95317,0.00014,0.01446,0.03224
83.02800,0.12694,0.72772,0.00040,0.00472,0.26716
83.09400,0.12694,0.58130,0.00005,0.00268,0.41597
83.16000,0.12693,0.89723,0.00001,0.00663,0.09613
83.22600,0.12694,0.88820,0.00011,0.01642,0.09526
83.29200,0.12694,0.70070,0.00027,0.00183,0.29720
83.35800,0.12694,0.49269,0.00063,0.00131,0.50538
83.42400,0.12693,0.60836,0.00001,0.00043,0.39119
83.49000,0.12694,0.77881,0.00000,0.00087,0.22032
83.55600,0.12694,0.96699,0.00000,0.00122,0.03179
83.62200,0.12694,0.99182,0.00000,0.00531,0.00287
83.68800,0.12693,0.95794,0.00000,0.03030,0.01176
83.75400,0.12694,0.96997,0.00002,0.02098,0.00904
83.82000,0.12694,0.98392,0.00000,0.01334,0.00273
83.88600,0.12694,0.98217,0.00000,0.01477,0.00305
83.95200,0.12693,0.98155,0.00001,0.00933,0.00912
84.01800,0.12694,0.97732,0.00000,0.01891,0.00376
84.08400,0.12694,0.99172,0.00000,0.00761,0.00067
84.15000,0.12694,0.99919,0.00000,0.00066,0.00015
84.21600,0.12694,0.99822,0.00000,0.00174,0.00004
84.28200,0.12694,0.99870,0.00000,0.00128,0.00002
84.34800,0.12694,0.99863,0.00000,0.00126,0.00012
84.41400,0.12694,0.99185,0.00000,0.00686,0.00129
84.48000,0.12694,0.99819,0.00000,0.00151,0.00030
84.54600,0.12694,0.99608,0.00000,0.00310,0.00082
84.61200,0.12694,0.99723,0.00000,0.00225,0.00051
84.67800,0.12694,0.99841,0.00000,0.00140,0.00019
84.74400,0.12694,0.99071,0.00000,0.00816,0.00113
84.81000,0.12694,0.98975,0.00001,0.00737,0.00287
84.87600,0.12694,0.98811,0.00001,0.00464,0.00724
84.94200,0.12694,0.97600,0.00004,0.01203,0.01194
85.00800,0.12694,0.98079,0.00006,0.01283,0.00632
85.07400,0.12694,0.99228,0.00000,0.00298,0.00474
85.14000,0.12694,0.97745,0.00001,0.01018,0.01235
