Time (seconds), Duration (seconds),pred_(unlabeled),pred_brushing_teeth,pred_hair_drying,pred_showering
0.00000,0.12694,1.00000,0.00000,0.00000,0.00000
0.06600,0.12694,1.00000,0.00000,0.00000,0.00000
0.13200,0.12694,1.00000,0.00000,0.00000,0.00000
0.19800,0.12694,1.00000,0.00000,0.00000,0.00000
0.26400,0.12694,0.99992,0.00000,0.00003,0.00005
0.33000,0.12694,0.99994,0.00000,0.00002,0.00004
0.39600,0.12694,0.99993,0.00000,0.00004,0.00003
0.46200,0.12694,0.99987,0.00000,0.00004,0.00009
0.52800,0.12694,0.99980,0.00000,0.00009,0.00010
0.59400,0.12694,0.99947,0.00000,0.00016,0.00037
0.66000,0.12694,0.99994,0.00000,0.00004,0.00002
0.72600,0.12694,0.99993,0.00000,0.00004,0.00003
0.79200,0.12694,0.99943,0.00000,0.00017,0.00040
0.85800,0.12694,0.99942,0.00000,0.00024,0.00034
0.92400,0.12694,0.99943,0.00000,0.00036,0.00020
0.99000,0.12694,0.99795,0.00000,0.00125,0.00080
1.05600,0.12694,0.99855,0.00000,0.00054,0.00091
1.12200,0.12694,0.99999,0.00000,0.00001,0.00000
1.18800,0.12694,0.99997,0.00000,0.00001,0.00002
1.25400,0.12694,0.99991,0.00000,0.00006,0.00003
1.32000,0.12694,0.99976,0.00000,0.00015,0.00010
1.38600,0.12694,0.99991,0.00000,0.00003,0.00006
1.45200,0.12694,0.99766,0.00000,0.00041,0.00192
1.51800,0.12694,0.99288,0.00008,0.00119,0.00585
1.58400,0.12694,0.99943,0.00000,0.00024,0.00034
1.65000,0.12694,0.99980,0.00000,0.00013,0.00007
1.71600,0.12694,0.99829,0.00000,0.00014,0.00157
1.78200,0.12694,0.99774,0.00000,0.00034,0.00192
1.84800,0.12694,0.98979,0.00000,0.00030,0.00991
1.91400,0.12694,0.66527,0.00003,0.00005,0.33465
1.98000,0.12694,0.99109,0.00000,0.00001,0.00891
2.04600,0.12694,0.99953,0.00000,0.00001,0.00046
2.11200,0.12694,0.99979,0.00000,0.00007,0.00013
2.17800,0.12694,0.99943,0.00000,0.00008,0.00049
2.24400,0.12694,0.99827,0.00000,0.00030,0.00143
2.31000,0.12694,0.99995,0.00000,0.00001,0.00004
2.37600,0.12694,0.99998,0.00000,0.00000,0.00002
2.44200,0.12694,0.99930,0.00000,0.00010,0.00060
2.50800,0.12694,0.99931,0.00000,0.00008,0.00062
2.57400,0.12694,0.99982,0.00000,0.00012,0.00006
2.64000,0.12694,0.99491,0.00000,0.00440,0.00069
2.70600,0.12694,0.99932,0.00000,0.00060,0.00008
2.77200,0.12694,0.99984,0.00000,0.00014,0.00002
2.83800,0.12694,0.99996,0.00000,0.00004,0.00001
2.90400,0.12694,0.99823,0.00000,0.00073,0.00104
2.97000,0.12694,0.94201,0.00581,0.00350,0.04868
3.03600,0.12694,0.98237,0.00006,0.00057,0.01701
3.10200,0.12694,0.92552,0.00005,0.00013,0.07430
3.16800,0.12694,0.53381,0.00079,0.00007,0.46533
3.23400,0.12694,0.74272,0.00015,0.00243,0.25470
3.30000,0.12694,0.99301,0.00000,0.00034,0.00665
3.36600,0.12694,0.99985,0.00000,0.00005,0.00010
3.43200,0.12694,0.99933,0.00000,0.00008,0.00059
3.49800,0.12694,0.99868,0.00000,0.00032,0.00100
3.56400,0.12694,0.99993,0.00000,0.00004,0.00003
3.63000,0.12694,0.99985,0.00000,0.00008,0.00007
3.69600,0.12694,0.99957,0.00000,0.00019,0.00024
3.76200,0.12694,0.99989,0.00000,0.00005,0.00006
3.82800,0.12694,0.99944,0.00000,0.00021,0.00035
3.89400,0.12694,0.99519,0.00000,0.00115,0.00366
3.96000,0.12694,0.99764,0.00000,0.00072,0.00164
4.02600,0.12694,0.97114,0.00001,0.00254,0.02632
4.09200,0.12694,0.74070,0.00004,0.00341,0.25585
4.15800,0.12694,0.97084,0.00000,0.00198,0.02718
4.22400,0.12694,0.99848,0.00000,0.00062,0.00090
4.29000,0.12694,0.99799,0.00000,0.00087,0.00113
4.35600,0.12694,0.99911,0.00000,0.00038,0.00051
4.42200,0.12694,0.99996,0.00000,0.00002,0.00002
4.48800,0.12694,0.99994,0.00000,0.00003,0.00003
4.55400,0.12694,0.99998,0.00000,0.00001,0.00001
4.62000,0.12694,0.99992,0.00000,0.00004,0.00004
4.68600,0.12694,0.99923,0.00000,0.00024,0.00052
4.75200,0.12694,0.98828,0.00003,0.00051,0.01119
4.81800,0.12694,0.91001,0.00279,0.00988,0.07731
4.88400,0.12694,0.99509,0.00000,0.00097,0.00394
4.95000,0.12694,0.99982,0.00000,0.00004,0.00014
5.01600,0.12694,0.99920,0.00000,0.00012,0.00068
5.08200,0.12694,0.99751,0.00000,0.00030,0.00218
5.14800,0.12694,0.98994,0.00000,0.00008,0.00997
5.21400,0.12694,0.99550,0.00000,0.00004,0.00446
5.28000,0.12694,0.99980,0.00000,0.00000,0.00020
5.34600,0.12694,0.99875,0.00000,0.00000,0.00125
5.41200,0.12694,0.99902,0.00000,0.00004,0.00095
5.47800,0.12694,0.99975,0.00000,0.00007,0.00018
5.54400,0.12694,0.99993,0.00000,0.00003,0.00004
5.61000,0.12694,0.99991,0.00000,0.00003,0.00006
5.67600,0.12694,0.99978,0.00000,0.00005,0.00017
5.74200,0.12694,0.99801,0.00000,0.00016,0.00183
5.80800,0.12694,0.98179,0.00000,0.00062,0.01759
5.87400,0.12694,0.88809,0.00000,0.00035,0.11155
5.94000,0.12694,0.99579,0.00000,0.00255,0.00166
6.00600,0.12694,0.87561,0.00002,0.00028,0.12408
6.07200,0.12694,0.54949,0.00012,0.00004,0.45035
6.13800,0.12694,0.99338,0.00003,0.00096,0.00562
6.20400,0.12694,0.96786,0.00056,0.00006,0.03152
6.27000,0.12694,0.99969,0.00000,0.00000,0.00031
6.33600,0.12694,0.99997,0.00000,0.00000,0.00002
6.40200,0.12694,0.99999,0.00000,0.00000,0.00000
6.46800,0.12694,0.99979,0.00000,0.00009,0.00012
6.53400,0.12694,0.99543,0.00000,0.00217,0.00240
6.60000,0.12694,0.99962,0.00000,0.00021,0.00017
6.66600,0.12694,0.83638,0.00000,0.16354,0.00008
6.73200,0.12694,0.06619,0.00003,0.93373,0.00006
6.79800,0.12694,0.88323,0.00071,0.09454,0.02152
6.86400,0.12694,0.99011,0.00005,0.00307,0.00677
6.93000,0.12694,0.99970,0.00000,0.00008,0.00023
6.99600,0.12694,0.99987,0.00000,0.00009,0.00004
7.06200,0.12694,0.99985,0.00000,0.00008,0.00008
7.12800,0.12694,0.99611,0.00000,0.00044,0.00345
7.19400,0.12694,0.92072,0.00436,0.00764,0.06727
7.26000,0.12694,0.99377,0.00000,0.00168,0.00455
7.32600,0.12694,0.99782,0.00000,0.00043,0.00175
7.39200,0.12694,0.99971,0.00000,0.00010,0.00019
7.45800,0.12694,0.99952,0.00000,0.00021,0.00027
7.52400,0.12694,0.97181,0.00009,0.00463,0.02347
7.59000,0.12694,0.97811,0.00000,0.00218,0.01971
7.65600,0.12694,0.97281,0.00001,0.00502,0.02216
7.72200,0.12694,0.99659,0.00000,0.00055,0.00285
7.78800,0.12694,0.99899,0.00000,0.00033,0.00068
7.85400,0.12694,0.99949,0.00000,0.00019,0.00032
7.92000,0.12694,0.99992,0.00000,0.00004,0.00003
7.98600,0.12694,0.99991,0.00000,0.00003,0.00007
8.05200,0.12694,0.99917,0.00000,0.00033,0.00050
8.11800,0.12694,0.99187,0.00000,0.00128,0.00684
8.18400,0.12694,0.99122,0.00001,0.00040,0.00837
8.25000,0.12694,0.98438,0.00000,0.00048,0.01514
8.31600,0.12694,0.99975,0.00000,0.00003,0.00022
8.38200,0.12694,0.99990,0.00000,0.00002,0.00008
8.44800,0.12694,0.99071,0.00024,0.00056,0.00850
8.51400,0.12694,0.93044,0.00021,0.00506,0.06429
8.58000,0.12694,0.98325,0.00001,0.00218,0.01456
8.64600,0.12694,0.99251,0.00002,0.00362,0.00385
8.71200,0.12694,0.99967,0.00000,0.00012,0.00021
8.77800,0.12694,0.99851,0.00000,0.00022,0.00127
8.84400,0.12694,0.99951,0.00000,0.00008,0.00041
8.91000,0.12694,0.99592,0.00000,0.00087,0.00321
8.97600,0.12694,0.99694,0.00000,0.00078,0.00228
9.04200,0.12694,0.99776,0.00000,0.00025,0.00199
9.10800,0.12694,0.99909,0.00000,0.00022,0.00068
9.17400,0.12694,0.99889,0.00000,0.00056,0.00054
9.24000,0.12694,0.99578,0.00000,0.00035,0.00386
9.30600,0.12694,0.98904,0.00002,0.00166,0.00928
9.37200,0.12694,0.99507,0.00001,0.00125,0.00367
9.43800,0.12694,0.99931,0.00000,0.00057,0.00012
9.50400,0.12694,0.99772,0.00004,0.00007,0.00217
9.57000,0.12694,0.76866,0.01178,0.00050,0.21907
9.63600,0.12694,0.97564,0.00081,0.00193,0.02163
9.70200,0.12694,0.99864,0.00000,0.00009,0.00127
9.76800,0.12694,0.99970,0.00000,0.00004,0.00026
9.83400,0.12694,0.99965,0.00000,0.00006,0.00029
9.90000,0.12694,0.99604,0.00000,0.00050,0.00346
9.96600,0.12694,0.85087,0.01620,0.00423,0.12870
10.03200,0.12694,0.85362,0.00427,0.00454,0.13756
10.09800,0.12694,0.97113,0.00001,0.00079,0.02807
10.16400,0.12694,0.98337,0.00001,0.00175,0.01487
10.23000,0.12694,0.97647,0.00021,0.00784,0.01549
10.29600,0.12694,0.99737,0.00000,0.00083,0.00180
10.36200,0.12694,0.98588,0.00007,0.00366,0.01039
10.42800,0.12694,0.78613,0.00331,0.00619,0.20437
10.49400,0.12694,0.83514,0.00295,0.00745,0.15446
10.56000,0.12694,0.82396,0.04439,0.00700,0.12466
10.62600,0.12694,0.44858,0.07439,0.00107,0.47596
10.69200,0.12694,0.79768,0.00342,0.00712,0.19177
10.75800,0.12694,0.99554,0.00002,0.00196,0.00249
10.82400,0.12694,0.99263,0.00015,0.00266,0.00457
10.89000,0.12694,0.79143,0.07305,0.00415,0.13137
10.95600,0.12694,0.81394,0.01293,0.00429,0.16884
11.02200,0.12694,0.80883,0.00805,0.01086,0.17226
11.08800,0.12694,0.78023,0.00459,0.03376,0.18141
11.15400,0.12694,0.81914,0.00192,0.02545,0.15349
11.22000,0.12694,0.96048,0.00026,0.00604,0.03322
11.28600,0.12694,0.98662,0.00005,0.00709,0.00624
11.35200,0.12694,0.67728,0.20088,0.02559,0.09625
11.41800,0.12694,0.91057,0.00256,0.01483,0.07204
11.48400,0.12694,0.91537,0.00148,0.03033,0.05282
11.55000,0.12694,0.94675,0.00024,0.00890,0.04411
11.61600,0.12694,0.99533,0.00000,0.00147,0.00320
11.68200,0.12694,0.93472,0.00011,0.00190,0.06328
11.74800,0.12694,0.71605,0.02235,0.00230,0.25930
11.81400,0.12694,0.93761,0.00288,0.00673,0.05278
11.88000,0.12694,0.91670,0.00098,0.01559,0.06673
11.94600,0.12694,0.97558,0.00048,0.00238,0.02157
12.01200,0.12694,0.94285,0.00008,0.00132,0.05575
12.07800,0.12694,0.73151,0.00254,0.01585,0.25011
12.14400,0.12694,0.99650,0.00000,0.00111,0.00239
12.21000,0.12694,0.99931,0.00000,0.00032,0.00037
12.27600,0.12694,0.83442,0.00006,0.00682,0.15869
12.34200,0.12694,0.99375,0.00000,0.00050,0.00575
12.40800,0.12694,0.99300,0.00000,0.00100,0.00599
12.47400,0.12694,0.82412,0.00032,0.00858,0.16698
12.54000,0.12694,0.99962,0.00000,0.00019,0.00019
12.60600,0.12694,0.99990,0.00000,0.00005,0.00005
12.67200,0.12694,0.99991,0.00000,0.00004,0.00006
12.73800,0.12694,0.99961,0.00000,0.00019,0.00019
12.80400,0.12694,0.99940,0.00000,0.00040,0.00020
12.87000,0.12694,0.99851,0.00000,0.00047,0.00102
12.93600,0.12694,0.99943,0.00000,0.00037,0.00020
13.00200,0.12694,0.99631,0.00000,0.00017,0.00352
13.06800,0.12694,0.97722,0.00000,0.00076,0.02202
13.13400,0.12694,0.99987,0.00000,0.00004,0.00009
13.20000,0.12694,0.99971,0.00000,0.00007,0.00021
13.26600,0.12694,0.99866,0.00000,0.00056,0.00079
13.33200,0.12694,0.99630,0.00000,0.00056,0.00314
13.39800,0.12694,0.99987,0.00000,0.00003,0.00010
13.46400,0.12694,0.99990,0.00000,0.00007,0.00003
13.53000,0.12694,0.99991,0.00000,0.00004,0.00005
13.59600,0.12694,0.99986,0.00000,0.00003,0.00011
13.66200,0.12694,0.99989,0.00000,0.00007,0.00004
13.72800,0.12694,0.99907,0.00000,0.00022,0.00071
13.79400,0.12694,0.98104,0.00001,0.00103,0.01792
13.86000,0.12694,0.64118,0.00129,0.00257,0.35496
13.92600,0.12694,0.86306,0.00000,0.00061,0.13632
13.99200,0.12694,0.87788,0.00000,0.00012,0.12200
14.05800,0.12694,0.97393,0.00000,0.00001,0.02606
14.12400,0.12694,0.99862,0.00000,0.00006,0.00133
14.19000,0.12694,0.99997,0.00000,0.00000,0.00003
14.25600,0.12694,0.99999,0.00000,0.00001,0.00001
14.32200,0.12694,0.99983,0.00000,0.00007,0.00010
14.38800,0.12694,0.98561,0.00000,0.00122,0.01317
14.45400,0.12694,0.96878,0.00006,0.00249,0.02867
14.52000,0.12694,0.99546,0.00000,0.00011,0.00443
14.58600,0.12694,0.99860,0.00000,0.00013,0.00127
14.65200,0.12694,0.99647,0.00000,0.00315,0.00039
14.71800,0.12694,0.99691,0.00000,0.00019,0.00289
14.78400,0.12694,0.98291,0.00000,0.00353,0.01355
14.85000,0.12694,0.97653,0.00000,0.00005,0.02342
14.91600,0.12694,0.65097,0.00001,0.00059,0.34843
14.98200,0.12694,0.71768,0.00000,0.00017,0.28215
15.04800,0.12694,0.97148,0.00000,0.00001,0.02851
15.11400,0.12694,0.99525,0.00000,0.00002,0.00473
15.18000,0.12694,0.99820,0.00000,0.00006,0.00175
15.24600,0.12694,0.99996,0.00000,0.00000,0.00004
15.31200,0.12694,0.99878,0.00000,0.00022,0.00100
15.37800,0.12694,0.98154,0.00000,0.00002,0.01844
15.44400,0.12694,0.98252,0.00000,0.00000,0.01748
15.51000,0.12694,0.99886,0.00000,0.00012,0.00102
15.57600,0.12694,0.98918,0.00000,0.00108,0.00974
15.64200,0.12694,0.94615,0.00001,0.00154,0.05229
15.70800,0.12694,0.79565,0.00150,0.01685,0.18600
15.77400,0.12694,0.99423,0.00000,0.00131,0.00446
15.84000,0.12694,0.99976,0.00000,0.00006,0.00018
15.90600,0.12694,0.94182,0.00000,0.00125,0.05693
15.97200,0.12694,0.91102,0.00001,0.01127,0.07770
16.03800,0.12694,0.99878,0.00000,0.00053,0.00069
16.10400,0.12694,0.99875,0.00000,0.00079,0.00045
16.17000,0.12694,0.76305,0.00168,0.08907,0.14620
16.23600,0.12694,0.95757,0.00002,0.00231,0.04011
16.30200,0.12694,0.97020,0.00000,0.00026,0.02953
16.36800,0.12694,0.89689,0.00001,0.00108,0.10202
16.43400,0.12694,0.88089,0.00015,0.00375,0.11522
16.50000,0.12694,0.94440,0.00011,0.00620,0.04930
16.56600,0.12694,0.84065,0.00035,0.00166,0.15734
16.63200,0.12694,0.99057,0.00000,0.00065,0.00878
16.69800,0.12694,0.99167,0.00000,0.00005,0.00829
16.76400,0.12694,0.99967,0.00000,0.00000,0.00033
16.83000,0.12694,0.99652,0.00000,0.00056,0.00292
16.89600,0.12694,0.91816,0.00001,0.00105,0.08079
16.96200,0.12694,0.95866,0.00001,0.00158,0.03975
17.02800,0.12694,0.98045,0.00000,0.00469,0.01486
17.09400,0.12694,0.99989,0.00000,0.00000,0.00011
17.16000,0.12694,0.99563,0.00000,0.00014,0.00423
17.22600,0.12694,0.92193,0.00067,0.00222,0.07518
17.29200,0.12694,0.96996,0.00007,0.00415,0.02582
17.35800,0.12694,0.96945,0.00000,0.00094,0.02961
17.42400,0.12694,0.99787,0.00000,0.00076,0.00137
17.49000,0.12694,0.98282,0.00000,0.00440,0.01278
17.55600,0.12694,0.66337,0.00007,0.00050,0.33606
17.62200,0.12694,0.88420,0.00000,0.00011,0.11569
17.68800,0.12694,0.94135,0.00000,0.00027,0.05838
17.75400,0.12694,0.99916,0.00000,0.00014,0.00070
17.82000,0.12694,0.99979,0.00000,0.00009,0.00013
17.88600,0.12694,0.99912,0.00000,0.00020,0.00068
17.95200,0.12694,0.99895,0.00000,0.00017,0.00088
18.01800,0.12694,0.99926,0.00000,0.00024,0.00050
18.08400,0.12694,0.99898,0.00000,0.00059,0.00043
18.15000,0.12694,0.99995,0.00000,0.00002,0.00003
18.21600,0.12694,0.99912,0.00000,0.00045,0.00043
18.28200,0.12694,0.99742,0.00000,0.00102,0.00156
18.34800,0.12694,0.99720,0.00000,0.00021,0.00259
18.41400,0.12694,0.99716,0.00000,0.00021,0.00264
18.48000,0.12694,0.99956,0.00000,0.00007,0.00037
18.54600,0.12694,0.99800,0.00000,0.00040,0.00160
18.61200,0.12694,0.99784,0.00000,0.00046,0.00170
18.67800,0.12694,0.99813,0.00000,0.00030,0.00158
18.74400,0.12694,0.99967,0.00000,0.00016,0.00017
18.81000,0.12694,0.99991,0.00000,0.00007,0.00003
18.87600,0.12694,0.99996,0.00000,0.00002,0.00002
18.94200,0.12694,0.99955,0.00000,0.00012,0.00033
19.00800,0.12694,0.99331,0.00000,0.00156,0.00512
19.07400,0.12694,0.89154,0.00008,0.00081,0.10757
19.14000,0.12694,0.97443,0.00000,0.00029,0.02527
19.20600,0.12694,0.99794,0.00000,0.00061,0.00145
19.27200,0.12694,0.99693,0.00000,0.00052,0.00255
19.33800,0.12694,0.99750,0.00000,0.00027,0.00223
19.40400,0.12694,0.99812,0.00000,0.00009,0.00179
19.47000,0.12694,0.99978,0.00000,0.00006,0.00016
19.53600,0.12694,0.99212,0.00000,0.00003,0.00785
19.60200,0.12694,0.81583,0.00000,0.00007,0.18410
19.66800,0.12694,0.99304,0.00000,0.00006,0.00689
19.73400,0.12694,0.99801,0.00000,0.00019,0.00180
19.80000,0.12694,0.98528,0.00000,0.00235,0.01238
19.86600,0.12694,0.99475,0.00000,0.00099,0.00426
19.93200,0.12694,0.99969,0.00000,0.00009,0.00022
19.99800,0.12694,0.99993,0.00000,0.00002,0.00005
20.06400,0.12694,0.99948,0.00000,0.00009,0.00043
20.13000,0.12694,0.99897,0.00000,0.00015,0.00088
20.19600,0.12694,0.99985,0.00000,0.00008,0.00006
20.26200,0.12694,0.99943,0.00000,0.00007,0.00050
20.32800,0.12694,0.99654,0.00001,0.00020,0.00325
20.39400,0.12694,0.99954,0.00000,0.00016,0.00030
20.46000,0.12694,0.99986,0.00000,0.00002,0.00011
20.52600,0.12694,0.99998,0.00000,0.00002,0.00000
20.59200,0.12694,0.99979,0.00000,0.00015,0.00007
20.65800,0.12694,0.99366,0.00000,0.00631,0.00003
20.72400,0.12694,0.99818,0.00000,0.00174,0.00008
20.79000,0.12694,1.00000,0.00000,0.00000,0.00000
20.85600,0.12694,1.00000,0.00000,0.00000,0.00000
20.92200,0.12694,0.99998,0.00000,0.00001,0.00001
20.98800,0.12694,0.99984,0.00000,0.00003,0.00013
21.05400,0.12694,0.99994,0.00000,0.00003,0.00003
21.12000,0.12694,0.99984,0.00000,0.00008,0.00008
21.18600,0.12694,0.99963,0.00000,0.00011,0.00026
21.25200,0.12694,0.99956,0.00000,0.00022,0.00023
21.31800,0.12694,0.99969,0.00000,0.00012,0.00019
21.38400,0.12694,0.99923,0.00000,0.00045,0.00031
21.45000,0.12694,0.99882,0.00000,0.00027,0.00091
21.51600,0.12694,0.98909,0.00000,0.00105,0.00985
21.58200,0.12694,0.99957,0.00000,0.00023,0.00019
21.64800,0.12694,0.99993,0.00000,0.00001,0.00007
21.71400,0.12694,0.99999,0.00000,0.00000,0.00000
21.78000,0.12694,0.99972,0.00000,0.00005,0.00023
21.84600,0.12694,0.99815,0.00000,0.00015,0.00170
21.91200,0.12694,0.99994,0.00000,0.00002,0.00004
21.97800,0.12694,0.99964,0.00000,0.00007,0.00030
22.04400,0.12694,0.99703,0.00030,0.00082,0.00185
22.11000,0.12694,0.98359,0.00871,0.00019,0.00752
22.17600,0.12694,0.95164,0.02045,0.00061,0.02730
22.24200,0.12694,0.99187,0.00013,0.00164,0.00636
22.30800,0.12694,0.99518,0.00001,0.00184,0.00297
22.37400,0.12694,0.99966,0.00000,0.00021,0.00013
22.44000,0.12694,0.99927,0.00000,0.00051,0.00022
22.50600,0.12694,0.99963,0.00000,0.00019,0.00018
22.57200,0.12694,0.99990,0.00000,0.00004,0.00005
22.63800,0.12694,0.99950,0.00000,0.00019,0.00032
22.70400,0.12694,0.99766,0.00001,0.00120,0.00113
22.77000,0.12694,0.99848,0.00000,0.00104,0.00048
22.83600,0.12694,0.99840,0.00000,0.00112,0.00048
22.90200,0.12694,0.98727,0.00005,0.00703,0.00566
22.96800,0.12694,0.98958,0.00003,0.00270,0.00770
23.03400,0.12694,0.99784,0.00000,0.00054,0.00162
23.10000,0.12694,0.99829,0.00000,0.00023,0.00149
23.16600,0.12694,0.99831,0.00000,0.00064,0.00104
23.23200,0.12694,0.99233,0.00006,0.00131,0.00631
23.29800,0.12694,0.99755,0.00002,0.00110,0.00133
23.36400,0.12694,0.99830,0.00000,0.00044,0.00126
23.43000,0.12694,0.99945,0.00000,0.00022,0.00033
23.49600,0.12694,0.99921,0.00000,0.00036,0.00042
23.56200,0.12694,0.99992,0.00000,0.00003,0.00005
23.62800,0.12694,0.99999,0.00000,0.00001,0.00001
23.69400,0.12694,0.99992,0.00000,0.00003,0.00005
23.76000,0.12694,0.99979,0.00000,0.00003,0.00017
23.82600,0.12694,0.99450,0.00233,0.00003,0.00314
23.89200,0.12694,0.15977,0.83600,0.00001,0.00422
23.95800,0.12694,0.65757,0.33850,0.00008,0.00385
24.02400,0.12694,0.75245,0.24179,0.00020,0.00555
24.09000,0.12694,0.19958,0.79937,0.00001,0.00104
24.15600,0.12694,0.71316,0.28168,0.00033,0.00484
24.22200,0.12694,0.57883,0.40830,0.00087,0.01200
24.28800,0.12694,0.62284,0.36968,0.00020,0.00728
24.35400,0.12694,0.95863,0.01916,0.00068,0.02153
24.42000,0.12694,0.99848,0.00000,0.00025,0.00126
24.48600,0.12694,0.99898,0.00000,0.00028,0.00074
24.55200,0.12694,0.99784,0.00000,0.00039,0.00177
24.61800,0.12694,0.99882,0.00000,0.00022,0.00095
24.68400,0.12694,0.99887,0.00000,0.00023,0.00091
24.75000,0.12694,0.99944,0.00000,0.00014,0.00042
24.81600,0.12694,0.99874,0.00000,0.00039,0.00086
24.88200,0.12694,0.99903,0.00000,0.00016,0.00081
24.94800,0.12694,0.99990,0.00000,0.00006,0.00004
25.01400,0.12694,0.99990,0.00000,0.00004,0.00006
25.08000,0.12694,0.99986,0.00000,0.00008,0.00005
25.14600,0.12694,0.99963,0.00000,0.00018,0.00019
25.21200,0.12694,0.99931,0.00000,0.00040,0.00029
25.27800,0.12694,0.99929,0.00000,0.00025,0.00045
25.34400,0.12694,0.99784,0.00001,0.00058,0.00157
25.41000,0.12694,0.99982,0.00000,0.00015,0.00003
25.47600,0.12694,0.99986,0.00000,0.00009,0.00006
25.54200,0.12694,0.99934,0.00000,0.00038,0.00029
25.60800,0.12694,0.99922,0.00000,0.00047,0.00031
25.67400,0.12694,0.99841,0.00000,0.00038,0.00121
25.74000,0.12694,0.99504,0.00000,0.00132,0.00363
25.80600,0.12694,0.99885,0.00000,0.00055,0.00060
25.87200,0.12694,0.99941,0.00000,0.00017,0.00042
25.93800,0.12694,0.99580,0.00000,0.00086,0.00334
26.00400,0.12694,0.99305,0.00000,0.00097,0.00598
26.07000,0.12694,0.99738,0.00000,0.00022,0.00239
26.13600,0.12694,0.99966,0.00000,0.00006,0.00028
26.20200,0.12694,0.99831,0.00000,0.00065,0.00103
26.26800,0.12694,0.99819,0.00000,0.00077,0.00104
26.33400,0.12694,0.99968,0.00000,0.00014,0.00017
26.40000,0.12694,0.99993,0.00000,0.00004,0.00002
26.46600,0.12694,0.99980,0.00000,0.00009,0.00010
26.53200,0.12694,0.94382,0.00185,0.00404,0.05028
26.59800,0.12694,0.79931,0.14497,0.00273,0.05298
26.66400,0.12694,0.32919,0.61908,0.00045,0.05128
26.73000,0.12694,0.07155,0.91905,0.00005,0.00935
26.79600,0.12694,0.04631,0.95095,0.00001,0.00273
26.86200,0.12694,0.35608,0.64054,0.00012,0.00326
26.92800,0.12694,0.48971,0.50350,0.00006,0.00674
26.99400,0.12694,0.98475,0.00401,0.00029,0.01095
27.06000,0.12694,0.99633,0.00001,0.00026,0.00339
27.12600,0.12694,0.99683,0.00000,0.00149,0.00167
27.19200,0.12694,0.99883,0.00000,0.00037,0.00081
27.25800,0.12694,0.99974,0.00000,0.00009,0.00017
27.32400,0.12694,0.99899,0.00000,0.00030,0.00071
27.39000,0.12694,0.99909,0.00000,0.00032,0.00058
27.45600,0.12694,0.99727,0.00000,0.00062,0.00210
27.52200,0.12694,0.99965,0.00000,0.00025,0.00010
27.58800,0.12694,0.99915,0.00000,0.00023,0.00061
27.65400,0.12694,0.99892,0.00000,0.00011,0.00097
27.72000,0.12694,0.99235,0.00001,0.00142,0.00621
27.78600,0.12694,0.99907,0.00000,0.00039,0.00054
27.85200,0.12694,0.99993,0.00000,0.00001,0.00006
27.91800,0.12694,0.99915,0.00004,0.00001,0.00080
27.98400,0.12694,0.99904,0.00068,0.00000,0.00028
28.05000,0.12694,0.99457,0.00089,0.00001,0.00453
28.11600,0.12694,0.99961,0.00000,0.00002,0.00037
28.18200,0.12694,0.99992,0.00000,0.00002,0.00006
28.24800,0.12694,0.99994,0.00000,0.00005,0.00001
28.31400,0.12694,0.99744,0.00000,0.00124,0.00132
28.38000,0.12694,0.99264,0.00000,0.00128,0.00608
28.44600,0.12694,0.99764,0.00000,0.00034,0.00201
28.51200,0.12694,0.99940,0.00000,0.00011,0.00049
28.57800,0.12694,0.99486,0.00000,0.00503,0.00011
28.64400,0.12694,0.99869,0.00000,0.00080,0.00052
28.71000,0.12694,0.99972,0.00000,0.00024,0.00004
28.77600,0.12694,0.99128,0.00000,0.00833,0.00039
28.84200,0.12694,0.91796,0.00004,0.01508,0.06692
28.90800,0.12694,0.99732,0.00001,0.00114,0.00154
28.97400,0.12694,0.99938,0.00000,0.00037,0.00025
29.04000,0.12694,0.99974,0.00000,0.00010,0.00016
29.10600,0.12694,0.99893,0.00000,0.00012,0.00095
29.17200,0.12694,0.99993,0.00000,0.00001,0.00006
29.23800,0.12694,0.99991,0.00000,0.00002,0.00007
29.30400,0.12694,0.99793,0.00000,0.00035,0.00171
29.37000,0.12694,0.98438,0.00000,0.00109,0.01453
29.43600,0.12694,0.98856,0.00001,0.00343,0.00801
29.50200,0.12694,0.99973,0.00000,0.00003,0.00024
29.56800,0.12694,0.99998,0.00000,0.00000,0.00002
29.63400,0.12694,0.99858,0.00000,0.00041,0.00100
29.70000,0.12694,0.35255,0.02435,0.02741,0.59569
29.76600,0.12694,0.41215,0.02661,0.02101,0.54024
29.83200,0.12694,0.69987,0.01785,0.03393,0.24834
29.89800,0.12694,0.75039,0.01805,0.01175,0.21980
29.96400,0.12694,0.94648,0.00275,0.01508,0.03569
30.03000,0.12694,0.94369,0.00100,0.02261,0.03270
30.09600,0.12694,0.78557,0.00059,0.08463,0.12920
30.16200,0.12694,0.58513,0.00075,0.13990,0.27421
30.22800,0.12694,0.57372,0.00057,0.27799,0.14772
30.29400,0.12694,0.47576,0.00093,0.40111,0.12220
30.36000,0.12694,0.84361,0.00082,0.01009,0.14548
30.42600,0.12694,0.77183,0.00232,0.00361,0.22225
30.49200,0.12694,0.75060,0.02535,0.01037,0.21369
30.55800,0.12694,0.30829,0.06370,0.00312,0.62489
30.62400,0.12694,0.30355,0.02088,0.00291,0.67266
30.69000,0.12694,0.32787,0.04661,0.01064,0.61488
30.75600,0.12694,0.44141,0.01565,0.01558,0.52735
30.82200,0.12694,0.42050,0.00613,0.02155,0.55183
30.88800,0.12694,0.50004,0.00477,0.01483,0.48036
30.95400,0.12694,0.42946,0.00635,0.01526,0.54893
31.02000,0.12694,0.50149,0.00505,0.02555,0.46791
31.08600,0.12694,0.48435,0.01310,0.01888,0.48367
31.15200,0.12694,0.31290,0.00570,0.02244,0.65897
31.21800,0.12694,0.53481,0.00050,0.04861,0.41608
31.28400,0.12694,0.63965,0.00025,0.00691,0.35320
31.35000,0.12694,0.56340,0.00237,0.00817,0.42606
31.41600,0.12694,0.63343,0.00569,0.00071,0.36017
31.48200,0.12694,0.64992,0.00057,0.00046,0.34905
31.54800,0.12694,0.60634,0.00002,0.00080,0.39283
31.61400,0.12694,0.43678,0.00111,0.00965,0.55246
31.68000,0.12694,0.77205,0.00088,0.01721,0.20986
31.74600,0.12694,0.99864,0.00000,0.00035,0.00102
31.81200,0.12694,0.99235,0.00001,0.00088,0.00676
31.87800,0.12694,0.64262,0.00029,0.01082,0.34627
31.94400,0.12694,0.87230,0.00064,0.00246,0.12460
32.01000,0.12694,0.91313,0.00016,0.00045,0.08627
32.07600,0.12694,0.82887,0.00099,0.00360,0.16654
32.14200,0.12694,0.64998,0.01151,0.01665,0.32187
32.20800,0.12694,0.48438,0.03699,0.00535,0.47327
32.27400,0.12694,0.39007,0.32980,0.00380,0.27632
32.34000,0.12694,0.46934,0.21189,0.00375,0.31501
32.40600,0.12694,0.31772,0.13048,0.05009,0.50171
32.47200,0.12694,0.42524,0.03547,0.02677,0.51252
32.53800,0.12694,0.53769,0.01464,0.00644,0.44124
32.60400,0.12694,0.42961,0.17428,0.01196,0.38415
32.67000,0.12694,0.58472,0.21413,0.03180,0.16935
32.73600,0.12694,0.44374,0.17349,0.02892,0.35386
32.80200,0.12694,0.63241,0.02261,0.03769,0.30729
32.86800,0.12694,0.56340,0.01808,0.02966,0.38885
32.93400,0.12694,0.54108,0.04409,0.02047,0.39435
33.00000,0.12694,0.54202,0.05990,0.01016,0.38792
33.06600,0.12693,0.54753,0.02611,0.02534,0.40101
33.13200,0.12694,0.61261,0.01495,0.03377,0.33867
33.19800,0.12693,0.50907,0.01489,0.02443,0.45160
33.26400,0.12694,0.71201,0.00431,0.01948,0.26420
33.33000,0.12693,0.52500,0.01815,0.01901,0.43785
33.39600,0.12694,0.38001,0.00423,0.00602,0.60975
33.46200,0.12693,0.38399,0.01849,0.00921,0.58830
33.52800,0.12694,0.76793,0.00753,0.01105,0.21349
33.59400,0.12693,0.80845,0.00386,0.01333,0.17437
33.66000,0.12694,0.72458,0.00963,0.03141,0.23438
33.72600,0.12693,0.57562,0.01991,0.02233,0.38214
33.79200,0.12694,0.71842,0.00374,0.02741,0.25043
33.85800,0.12693,0.87749,0.00022,0.04713,0.07516
33.92400,0.12694,0.56605,0.00630,0.24178,0.18587
33.99000,0.12693,0.58979,0.02441,0.04720,0.33860
34.05600,0.12694,0.81519,0.00396,0.04741,0.13344
34.12200,0.12693,0.72182,0.00233,0.00433,0.27153
34.18800,0.12694,0.63592,0.00960,0.00196,0.35252
34.25400,0.12693,0.43765,0.17577,0.00158,0.38500
34.32000,0.12694,0.34468,0.28079,0.01008,0.36445
34.38600,0.12693,0.34068,0.20290,0.01506,0.44136
34.45200,0.12694,0.33026,0.05233,0.00995,0.60746
34.51800,0.12693,0.37470,0.01050,0.06995,0.54485
34.58400,0.12694,0.47322,0.00172,0.19817,0.32689
34.65000,0.12694,0.70005,0.00117,0.01011,0.28867
34.71600,0.12694,0.67372,0.00365,0.00310,0.31953
34.78200,0.12694,0.63252,0.00897,0.00136,0.35715
34.84800,0.12694,0.49505,0.07301,0.00788,0.42407
34.91400,0.12694,0.63581,0.00165,0.00108,0.36146
34.98000,0.12694,0.62986,0.00061,0.00237,0.36717
35.04600,0.12694,0.52176,0.00433,0.02016,0.45375
35.11200,0.12694,0.58369,0.00898,0.01184,0.39548
35.17800,0.12694,0.64332,0.02373,0.00209,0.33086
35.24400,0.12694,0.85994,0.01218,0.00525,0.12264
35.31000,0.12694,0.96083,0.00198,0.00956,0.02762
35.37600,0.12694,0.98397,0.00065,0.00397,0.01141
35.44200,0.12694,0.98910,0.00010,0.00278,0.00802
35.50800,0.12694,0.96464,0.00048,0.00854,0.02634
35.57400,0.12694,0.39746,0.12599,0.04125,0.43531
35.64000,0.12694,0.50115,0.00806,0.00902,0.48176
35.70600,0.12694,0.57739,0.00713,0.00582,0.40965
35.77200,0.12694,0.47067,0.03464,0.00237,0.49232
35.83800,0.12694,0.30191,0.13396,0.00801,0.55613
35.90400,0.12694,0.52837,0.21590,0.01082,0.24491
35.97000,0.12694,0.31524,0.55256,0.00757,0.12464
36.03600,0.12694,0.65846,0.11539,0.01095,0.21520
36.10200,0.12694,0.64364,0.01230,0.02318,0.32088
36.16800,0.12694,0.77806,0.00387,0.03286,0.18522
36.23400,0.12694,0.98084,0.00001,0.00295,0.01620
36.30000,0.12694,0.97843,0.00011,0.00744,0.01402
36.36600,0.12694,0.67996,0.03635,0.04486,0.23884
36.43200,0.12694,0.62632,0.03471,0.01105,0.32792
36.49800,0.12694,0.51893,0.28507,0.02071,0.17529
36.56400,0.12694,0.32046,0.17260,0.04518,0.46177
36.63000,0.12694,0.38078,0.01584,0.01507,0.58831
36.69600,0.12694,0.65611,0.00813,0.00370,0.33206
36.76200,0.12694,0.80659,0.00278,0.00319,0.18744
36.82800,0.12694,0.88770,0.00017,0.00710,0.10503
36.89400,0.12694,0.89285,0.00157,0.04267,0.06291
36.96000,0.12694,0.59769,0.03702,0.03346,0.33182
37.02600,0.12694,0.62978,0.01308,0.00443,0.35271
37.09200,0.12694,0.47094,0.01748,0.00277,0.50881
37.15800,0.12694,0.43695,0.17405,0.00956,0.37943
37.22400,0.12694,0.39161,0.10420,0.02270,0.48148
37.29000,0.12694,0.38305,0.03358,0.03335,0.55001
37.35600,0.12694,0.66846,0.01251,0.01308,0.30595
37.42200,0.12694,0.57845,0.01445,0.04272,0.36437
37.48800,0.12694,0.69501,0.00084,0.01301,0.29114
37.55400,0.12694,0.58887,0.00067,0.04030,0.37016
37.62000,0.12694,0.70113,0.00048,0.00322,0.29517
37.68600,0.12694,0.68472,0.00284,0.00208,0.31036
37.75200,0.12694,0.65640,0.02122,0.00655,0.31583
37.81800,0.12694,0.49194,0.03480,0.00160,0.47166
37.88400,0.12694,0.40884,0.01942,0.00684,0.56489
37.95000,0.12694,0.84124,0.00191,0.00927,0.14758
38.01600,0.12694,0.97991,0.00000,0.00370,0.01639
38.08200,0.12694,0.86086,0.00000,0.01146,0.12767
38.14800,0.12694,0.70354,0.00005,0.01020,0.28621
38.21400,0.12694,0.97998,0.00000,0.00593,0.01409
38.28000,0.12694,0.97934,0.00001,0.00683,0.01382
38.34600,0.12694,0.96040,0.00003,0.00510,0.03448
38.41200,0.12694,0.99664,0.00000,0.00055,0.00281
38.47800,0.12694,0.99902,0.00000,0.00019,0.00079
38.54400,0.12694,0.99892,0.00000,0.00046,0.00062
38.61000,0.12694,0.99833,0.00000,0.00059,0.00108
38.67600,0.12694,0.99897,0.00000,0.00048,0.00055
38.74200,0.12694,0.99859,0.00000,0.00079,0.00062
38.80800,0.12694,0.99960,0.00000,0.00022,0.00018
38.87400,0.12694,0.99914,0.00000,0.00066,0.00020
38.94000,0.12694,0.99177,0.00001,0.00215,0.00607
39.00600,0.12694,0.99709,0.00000,0.00042,0.00250
39.07200,0.12694,0.99970,0.00000,0.00014,0.00015
39.13800,0.12694,0.99985,0.00000,0.00004,0.00012
39.20400,0.12694,0.99998,0.00000,0.00001,0.00001
39.27000,0.12694,0.99995,0.00000,0.00004,0.00001
39.33600,0.12694,0.99989,0.00000,0.00004,0.00007
39.40200,0.12694,0.99956,0.00000,0.00025,0.00019
39.46800,0.12694,0.99995,0.00000,0.00004,0.00001
39.53400,0.12694,0.99962,0.00000,0.00014,0.00025
39.60000,0.12694,0.99326,0.00007,0.00322,0.00345
39.66600,0.12694,0.99496,0.00001,0.00115,0.00388
39.73200,0.12694,0.99960,0.00000,0.00025,0.00015
39.79800,0.12694,0.99971,0.00000,0.00017,0.00011
39.86400,0.12694,0.99979,0.00000,0.00010,0.00012
39.93000,0.12694,0.98376,0.00006,0.00281,0.01336
39.99600,0.12694,0.97327,0.00031,0.00637,0.02006
40.06200,0.12694,0.99624,0.00005,0.00042,0.00329
40.12800,0.12694,0.96916,0.00067,0.00051,0.02966
40.19400,0.12694,0.99969,0.00000,0.00000,0.00031
40.26000,0.12694,0.99168,0.00000,0.00003,0.00829
40.32600,0.12694,0.70212,0.02128,0.16934,0.10726
40.39200,0.12694,0.68590,0.01657,0.20739,0.09014
40.45800,0.12694,0.98392,0.00105,0.00231,0.01272
40.52400,0.12694,0.99972,0.00000,0.00004,0.00024
40.59000,0.12694,0.99979,0.00000,0.00002,0.00018
40.65600,0.12694,0.98158,0.00330,0.00065,0.01446
40.72200,0.12694,0.99599,0.00006,0.00027,0.00367
40.78800,0.12694,0.99985,0.00000,0.00010,0.00005
40.85400,0.12694,0.99998,0.00000,0.00000,0.00001
40.92000,0.12694,0.90247,0.00000,0.00006,0.09747
40.98600,0.12694,0.99935,0.00000,0.00032,0.00033
41.05200,0.12694,0.99980,0.00000,0.00011,0.00010
41.11800,0.12694,0.74695,0.05968,0.01349,0.17988
41.18400,0.12694,0.82937,0.13327,0.00083,0.03652
41.25000,0.12694,0.95290,0.00463,0.02931,0.01317
41.31600,0.12693,0.98266,0.00000,0.00680,0.01053
41.38200,0.12694,0.81699,0.00014,0.00328,0.17959
41.44800,0.12693,0.62929,0.00039,0.00040,0.36991
41.51400,0.12694,0.73266,0.00017,0.00095,0.26623
41.58000,0.12693,0.99886,0.00000,0.00019,0.00095
41.64600,0.12694,0.99988,0.00000,0.00004,0.00008
41.71200,0.12693,0.99997,0.00000,0.00002,0.00002
41.77800,0.12694,0.99999,0.00000,0.00000,0.00000
41.84400,0.12693,0.99995,0.00000,0.00004,0.00001
41.91000,0.12694,0.99998,0.00000,0.00002,0.00001
41.97600,0.12693,0.99998,0.00000,0.00002,0.00001
42.04200,0.12694,0.99993,0.00000,0.00006,0.00001
42.10800,0.12693,0.99999,0.00000,0.00001,0.00000
42.17400,0.12694,0.99972,0.00000,0.00010,0.00018
42.24000,0.12693,0.99973,0.00000,0.00012,0.00015
42.30600,0.12694,0.99999,0.00000,0.00000,0.00000
42.37200,0.12693,0.99999,0.00000,0.00001,0.00001
42.43800,0.12694,1.00000,0.00000,0.00000,0.00000
42.50400,0.12693,1.00000,0.00000,0.00000,0.00000
42.57000,0.12694,0.99998,0.00000,0.00001,0.00001
42.63600,0.12693,0.99933,0.00000,0.00013,0.00054
42.70200,0.12694,0.99906,0.00000,0.00031,0.00064
42.76800,0.12693,0.99969,0.00000,0.00011,0.00020
42.83400,0.12694,0.99998,0.00000,0.00001,0.00001
42.90000,0.12694,0.99998,0.00000,0.00001,0.00000
42.96600,0.12694,0.99999,0.00000,0.00001,0.00000
43.03200,0.12694,0.99989,0.00000,0.00009,0.00002
43.09800,0.12694,1.00000,0.00000,0.00000,0.00000
43.16400,0.12694,1.00000,0.00000,0.00000,0.00000
43.23000,0.12694,0.99933,0.00000,0.00067,0.00000
43.29600,0.12694,0.99947,0.00000,0.00048,0.00005
43.36200,0.12694,0.95980,0.00000,0.00168,0.03852
43.42800,0.12694,0.78012,0.00068,0.00209,0.21711
43.49400,0.12694,0.71437,0.00163,0.00211,0.28188
43.56000,0.12694,0.51212,0.00231,0.01340,0.47217
43.62600,0.12694,0.54560,0.00238,0.05874,0.39329
43.69200,0.12694,0.85569,0.00082,0.01517,0.12832
43.75800,0.12694,0.99596,0.00000,0.00066,0.00338
43.82400,0.12694,0.99996,0.00000,0.00001,0.00003
43.89000,0.12694,0.99995,0.00000,0.00003,0.00002
43.95600,0.12694,0.99897,0.00000,0.00049,0.00054
44.02200,0.12694,0.99961,0.00000,0.00016,0.00023
44.08800,0.12694,0.99988,0.00000,0.00004,0.00008
44.15400,0.12694,0.99998,0.00000,0.00001,0.00001
44.22000,0.12694,0.99999,0.00000,0.00001,0.00001
44.28600,0.12694,0.99998,0.00000,0.00000,0.00001
44.35200,0.12694,0.99824,0.00000,0.00021,0.00155
44.41800,0.12694,0.92334,0.00021,0.00274,0.07371
44.48400,0.12694,0.98934,0.00000,0.00134,0.00932
44.55000,0.12694,0.98184,0.00002,0.00174,0.01641
44.61600,0.12694,0.99118,0.00000,0.00002,0.00880
44.68200,0.12694,0.99997,0.00000,0.00000,0.00002
44.74800,0.12694,0.99972,0.00000,0.00007,0.00021
44.81400,0.12694,0.99800,0.00000,0.00020,0.00180
44.88000,0.12694,0.99966,0.00000,0.00002,0.00032
44.94600,0.12694,0.99997,0.00000,0.00001,0.00002
45.01200,0.12694,0.99998,0.00000,0.00000,0.00001
45.07800,0.12694,0.99999,0.00000,0.00000,0.00001
45.14400,0.12694,0.99999,0.00000,0.00000,0.00000
45.21000,0.12694,1.00000,0.00000,0.00000,0.00000
45.27600,0.12694,1.00000,0.00000,0.00000,0.00000
45.34200,0.12694,0.99996,0.00000,0.00002,0.00001
45.40800,0.12694,0.99995,0.00000,0.00003,0.00001
45.47400,0.12694,0.99997,0.00000,0.00002,0.00001
45.54000,0.12694,0.99988,0.00000,0.00006,0.00006
45.60600,0.12694,0.99998,0.00000,0.00001,0.00001
45.67200,0.12694,0.99999,0.00000,0.00001,0.00000
45.73800,0.12694,0.99930,0.00000,0.00068,0.00002
45.80400,0.12694,0.99019,0.00000,0.00962,0.00018
45.87000,0.12694,0.93133,0.00002,0.03147,0.03718
45.93600,0.12694,0.62617,0.00085,0.01320,0.35978
46.00200,0.12694,0.68022,0.00187,0.00292,0.31499
46.06800,0.12694,0.54576,0.00324,0.01770,0.43331
46.13400,0.12694,0.60641,0.00521,0.03941,0.34896
46.20000,0.12694,0.92426,0.00021,0.01632,0.05921
46.26600,0.12694,0.99622,0.00000,0.00075,0.00302
46.33200,0.12694,0.99993,0.00000,0.00004,0.00003
46.39800,0.12694,0.99995,0.00000,0.00004,0.00001
46.46400,0.12694,0.99985,0.00000,0.00006,0.00009
46.53000,0.12694,0.99969,0.00000,0.00004,0.00027
46.59600,0.12694,0.99989,0.00000,0.00002,0.00009
46.66200,0.12694,0.99996,0.00000,0.00002,0.00002
46.72800,0.12694,0.99996,0.00000,0.00001,0.00003
46.79400,0.12694,0.99984,0.00000,0.00005,0.00011
46.86000,0.12694,0.99862,0.00000,0.00021,0.00117
46.92600,0.12694,0.95495,0.00001,0.00181,0.04322
46.99200,0.12694,0.94562,0.00018,0.00461,0.04960
47.05800,0.12694,0.97689,0.00002,0.00361,0.01948
47.12400,0.12694,0.97489,0.00005,0.00396,0.02110
47.19000,0.12694,0.99805,0.00000,0.00038,0.00157
47.25600,0.12694,1.00000,0.00000,0.00000,0.00000
47.32200,0.12694,1.00000,0.00000,0.00000,0.00000
47.38800,0.12694,0.99999,0.00000,0.00000,0.00000
47.45400,0.12694,0.99997,0.00000,0.00001,0.00001
47.52000,0.12694,0.99994,0.00000,0.00001,0.00005
47.58600,0.12694,0.99991,0.00000,0.00002,0.00007
47.65200,0.12694,0.99998,0.00000,0.00001,0.00001
47.71800,0.12694,1.00000,0.00000,0.00000,0.00000
47.78400,0.12694,0.99999,0.00000,0.00001,0.00001
47.85000,0.12694,0.99980,0.00000,0.00006,0.00014
47.91600,0.12694,0.99958,0.00000,0.00007,0.00035
47.98200,0.12694,0.99971,0.00000,0.00009,0.00020
48.04800,0.12694,0.99992,0.00000,0.00004,0.00004
48.11400,0.12694,0.99868,0.00000,0.00035,0.00097
48.18000,0.12694,0.99963,0.00000,0.00011,0.00027
48.24600,0.12694,0.99998,0.00000,0.00001,0.00001
48.31200,0.12694,0.99999,0.00000,0.00000,0.00000
48.37800,0.12694,0.99928,0.00000,0.00008,0.00064
48.44400,0.12694,0.97895,0.00000,0.02089,0.00016
48.51000,0.12694,0.88542,0.00001,0.07058,0.04400
48.57600,0.12694,0.72730,0.00022,0.08306,0.18942
48.64200,0.12694,0.65753,0.00831,0.03612,0.29803
48.70800,0.12694,0.60240,0.01830,0.01199,0.36731
48.77400,0.12694,0.39030,0.00961,0.02361,0.57648
48.84000,0.12694,0.63419,0.00242,0.03685,0.32654
48.90600,0.12694,0.98495,0.00001,0.00363,0.01141
48.97200,0.12694,0.99979,0.00000,0.00004,0.00017
49.03800,0.12694,0.99978,0.00000,0.00005,0.00017
49.10400,0.12694,0.99997,0.00000,0.00002,0.00001
49.17000,0.12694,0.99998,0.00000,0.00002,0.00001
49.23600,0.12694,0.99994,0.00000,0.00006,0.00000
49.30200,0.12694,0.99996,0.00000,0.00002,0.00003
49.36800,0.12694,0.99999,0.00000,0.00001,0.00000
49.43400,0.12694,0.99998,0.00000,0.00002,0.00000
49.50000,0.12694,0.99996,0.00000,0.00003,0.00001
49.56600,0.12693,0.99975,0.00000,0.00017,0.00008
49.63200,0.12694,0.99991,0.00000,0.00007,0.00002
49.69800,0.12693,0.99994,0.00000,0.00004,0.00002
49.76400,0.12694,0.99999,0.00000,0.00001,0.00000
49.83000,0.12693,0.99992,0.00000,0.00008,0.00001
49.89600,0.12694,0.99977,0.00000,0.00018,0.00005
49.96200,0.12693,0.99966,0.00000,0.00019,0.00015
50.02800,0.12694,0.99978,0.00000,0.00018,0.00005
50.09400,0.12693,0.99988,0.00000,0.00007,0.00005
50.16000,0.12694,0.99991,0.00000,0.00005,0.00004
50.22600,0.12693,0.99899,0.00000,0.00043,0.00059
50.29200,0.12694,0.99897,0.00000,0.00043,0.00061
50.35800,0.12693,0.99965,0.00000,0.00029,0.00006
50.42400,0.12694,0.99996,0.00000,0.00003,0.00001
50.49000,0.12693,0.99966,0.00000,0.00017,0.00017
50.55600,0.12694,0.99879,0.00000,0.00053,0.00069
50.62200,0.12693,0.99992,0.00000,0.00005,0.00003
50.68800,0.12694,0.99999,0.00000,0.00001,0.00000
50.75400,0.12693,0.99984,0.00000,0.00005,0.00011
50.82000,0.12694,0.99978,0.00000,0.00010,0.00012
50.88600,0.12693,0.99998,0.00000,0.00001,0.00001
50.95200,0.12694,0.99999,0.00000,0.00001,0.00000
51.01800,0.12693,0.99998,0.00000,0.00002,0.00000
51.08400,0.12694,0.99993,0.00000,0.00007,0.00001
51.15000,0.12694,0.99994,0.00000,0.00005,0.00000
51.21600,0.12694,0.99991,0.00000,0.00008,0.00000
51.28200,0.12694,0.99998,0.00000,0.00001,0.00000
51.34800,0.12694,0.99955,0.00000,0.00014,0.00030
51.41400,0.12694,0.99847,0.00000,0.00055,0.00097
51.48000,0.12694,0.99983,0.00000,0.00015,0.00002
51.54600,0.12694,0.99996,0.00000,0.00004,0.00001
51.61200,0.12694,0.99919,0.00000,0.00021,0.00060
51.67800,0.12694,0.99446,0.00000,0.00156,0.00398
51.74400,0.12694,0.99981,0.00000,0.00016,0.00003
51.81000,0.12694,0.99999,0.00000,0.00001,0.00000
51.87600,0.12694,0.99987,0.00000,0.00008,0.00005
51.94200,0.12694,0.99659,0.00001,0.00071,0.00269
52.00800,0.12694,0.97877,0.00043,0.00266,0.01813
52.07400,0.12694,0.99628,0.00008,0.00141,0.00223
52.14000,0.12694,0.99868,0.00000,0.00081,0.00051
52.20600,0.12694,0.99953,0.00000,0.00039,0.00008
52.27200,0.12694,0.99998,0.00000,0.00002,0.00000
52.33800,0.12694,0.99999,0.00000,0.00000,0.00000
52.40400,0.12694,0.99999,0.00000,0.00000,0.00000
52.47000,0.12694,1.00000,0.00000,0.00000,0.00000
52.53600,0.12694,0.99996,0.00000,0.00003,0.00001
52.60200,0.12694,0.99946,0.00000,0.00042,0.00012
52.66800,0.12694,0.99972,0.00000,0.00020,0.00008
52.73400,0.12694,0.99515,0.00000,0.00156,0.00329
52.80000,0.12694,0.99860,0.00000,0.00093,0.00047
52.86600,0.12694,0.99993,0.00000,0.00005,0.00002
52.93200,0.12694,0.99995,0.00000,0.00002,0.00003
52.99800,0.12694,0.99982,0.00000,0.00015,0.00003
53.06400,0.12694,0.99926,0.00000,0.00066,0.00007
53.13000,0.12694,0.99953,0.00000,0.00044,0.00004
53.19600,0.12694,0.99989,0.00000,0.00009,0.00002
53.26200,0.12694,0.99819,0.00000,0.00013,0.00168
53.32800,0.12694,0.99967,0.00000,0.00006,0.00027
53.39400,0.12694,0.99978,0.00000,0.00006,0.00016
53.46000,0.12694,0.99994,0.00000,0.00003,0.00003
53.52600,0.12694,0.99993,0.00000,0.00005,0.00002
53.59200,0.12694,0.99993,0.00000,0.00002,0.00004
53.65800,0.12694,0.99977,0.00000,0.00009,0.00014
53.72400,0.12694,0.99988,0.00000,0.00007,0.00005
53.79000,0.12694,0.99986,0.00000,0.00008,0.00006
53.85600,0.12694,0.98872,0.00030,0.00417,0.00681
53.92200,0.12694,0.97846,0.00157,0.00626,0.01371
53.98800,0.12694,0.93761,0.00169,0.00357,0.05713
54.05400,0.12694,0.93659,0.00025,0.00055,0.06260
54.12000,0.12694,0.98336,0.00006,0.00026,0.01631
54.18600,0.12694,0.90158,0.00014,0.00563,0.09265
54.25200,0.12694,0.98358,0.00001,0.00420,0.01221
54.31800,0.12694,0.99929,0.00000,0.00044,0.00027
54.38400,0.12694,0.99985,0.00000,0.00008,0.00007
54.45000,0.12694,0.99943,0.00000,0.00041,0.00016
54.51600,0.12694,0.99988,0.00000,0.00012,0.00001
54.58200,0.12694,0.99991,0.00000,0.00007,0.00002
54.64800,0.12694,0.99837,0.00000,0.00076,0.00086
54.71400,0.12694,0.99906,0.00000,0.00060,0.00034
54.78000,0.12694,0.99824,0.00000,0.00047,0.00128
54.84600,0.12694,0.99816,0.00000,0.00023,0.00161
54.91200,0.12694,0.99835,0.00000,0.00036,0.00129
54.97800,0.12694,0.99534,0.00000,0.00187,0.00279
55.04400,0.12694,0.99449,0.00000,0.00363,0.00188
55.11000,0.12694,0.93580,0.00000,0.00067,0.06353
55.17600,0.12694,0.84432,0.00000,0.00003,0.15565
55.24200,0.12694,0.61571,0.00000,0.00006,0.38422
55.30800,0.12694,0.75363,0.00001,0.00016,0.24620
55.37400,0.12694,0.93505,0.00000,0.00040,0.06454
55.44000,0.12694,0.99678,0.00000,0.00021,0.00300
55.50600,0.12694,0.99941,0.00000,0.00012,0.00047
55.57200,0.12694,0.99961,0.00000,0.00014,0.00024
55.63800,0.12694,0.99970,0.00000,0.00009,0.00021
55.70400,0.12694,0.99992,0.00000,0.00002,0.00006
55.77000,0.12694,0.99990,0.00000,0.00003,0.00006
55.83600,0.12694,0.99895,0.00000,0.00087,0.00018
55.90200,0.12694,0.98416,0.00000,0.00802,0.00782
55.96800,0.12694,0.77533,0.00001,0.00677,0.21789
56.03400,0.12694,0.33096,0.00078,0.00638,0.66188
56.10000,0.12694,0.55995,0.05352,0.01194,0.37459
56.16600,0.12694,0.96751,0.00082,0.00725,0.02442
56.23200,0.12694,0.99948,0.00000,0.00032,0.00020
56.29800,0.12694,0.99946,0.00000,0.00026,0.00029
56.36400,0.12694,0.99985,0.00000,0.00009,0.00006
56.43000,0.12694,0.99983,0.00000,0.00012,0.00005
56.49600,0.12694,0.99979,0.00000,0.00005,0.00016
56.56200,0.12694,0.99989,0.00000,0.00003,0.00008
56.62800,0.12694,0.99984,0.00000,0.00005,0.00011
56.69400,0.12694,0.99993,0.00000,0.00005,0.00001
56.76000,0.12694,0.99998,0.00000,0.00001,0.00001
56.82600,0.12694,0.99995,0.00000,0.00004,0.00001
56.89200,0.12694,0.99983,0.00000,0.00006,0.00011
56.95800,0.12694,0.99992,0.00000,0.00004,0.00004
57.02400,0.12694,0.99998,0.00000,0.00001,0.00000
57.09000,0.12694,1.00000,0.00000,0.00000,0.00000
57.15600,0.12694,0.99997,0.00000,0.00001,0.00001
57.22200,0.12694,0.99979,0.00000,0.00009,0.00012
57.28800,0.12694,0.99992,0.00000,0.00006,0.00003
57.35400,0.12694,0.99998,0.00000,0.00002,0.00001
57.42000,0.12694,0.99991,0.00000,0.00005,0.00004
57.48600,0.12694,0.99997,0.00000,0.00002,0.00000
57.55200,0.12694,0.99999,0.00000,0.00001,0.00000
57.61800,0.12694,0.99966,0.00000,0.00015,0.00019
57.68400,0.12694,0.99996,0.00000,0.00003,0.00001
57.75000,0.12694,0.99999,0.00000,0.00001,0.00000
57.81600,0.12693,0.99985,0.00000,0.00003,0.00012
57.88200,0.12694,0.99998,0.00000,0.00001,0.00002
57.94800,0.12693,0.99999,0.00000,0.00001,0.00000
58.01400,0.12694,0.99971,0.00000,0.00015,0.00015
58.08000,0.12693,0.99992,0.00000,0.00006,0.00001
58.14600,0.12694,0.99906,0.00000,0.00049,0.00045
58.21200,0.12693,0.99894,0.00000,0.00013,0.00093
58.27800,0.12694,0.99771,0.00000,0.00002,0.00227
58.34400,0.12693,0.95707,0.00000,0.00009,0.04284
58.41000,0.12694,0.99847,0.00000,0.00001,0.00152
58.47600,0.12693,0.99973,0.00000,0.00010,0.00018
58.54200,0.12694,0.99967,0.00000,0.00022,0.00010
58.60800,0.12693,0.99981,0.00000,0.00016,0.00003
58.67400,0.12694,0.99950,0.00000,0.00032,0.00018
58.74000,0.12693,0.99978,0.00000,0.00014,0.00008
58.80600,0.12694,0.99999,0.00000,0.00001,0.00000
58.87200,0.12693,0.99980,0.00000,0.00001,0.00019
58.93800,0.12694,0.98106,0.00000,0.00000,0.01894
59.00400,0.12693,0.99998,0.00000,0.00000,0.00002
59.07000,0.12694,0.99704,0.00000,0.00001,0.00294
59.13600,0.12693,0.92725,0.00000,0.00002,0.07273
59.20200,0.12694,0.98199,0.00000,0.00001,0.01800
59.26800,0.12693,0.99966,0.00000,0.00001,0.00033
59.33400,0.12694,0.99995,0.00000,0.00002,0.00003
59.40000,0.12694,0.99996,0.00000,0.00001,0.00002
59.46600,0.12694,0.99996,0.00000,0.00001,0.00002
59.53200,0.12694,0.99986,0.00000,0.00002,0.00012
59.59800,0.12694,0.99994,0.00000,0.00004,0.00002
59.66400,0.12694,0.99989,0.00000,0.00005,0.00007
59.73000,0.12694,0.99953,0.00000,0.00012,0.00035
59.79600,0.12694,0.99998,0.00000,0.00001,0.00001
59.86200,0.12694,0.99998,0.00000,0.00001,0.00001
59.92800,0.12694,0.99988,0.00000,0.00007,0.00005
59.99400,0.12694,0.99999,0.00000,0.00001,0.00000
60.06000,0.12694,0.99986,0.00000,0.00002,0.00012
60.12600,0.12694,0.94674,0.00000,0.01130,0.04195
60.19200,0.12694,0.48138,0.22497,0.06711,0.22654
60.25800,0.12694,0.83709,0.02104,0.01610,0.12577
60.32400,0.12694,0.99155,0.00001,0.00361,0.00483
60.39000,0.12694,0.99994,0.00000,0.00001,0.00004
60.45600,0.12694,0.99999,0.00000,0.00001,0.00000
60.52200,0.12694,0.99986,0.00000,0.00010,0.00003
60.58800,0.12694,0.99991,0.00000,0.00005,0.00004
60.65400,0.12694,0.99991,0.00000,0.00002,0.00007
60.72000,0.12694,0.99978,0.00000,0.00004,0.00017
60.78600,0.12694,0.99943,0.00000,0.00022,0.00035
60.85200,0.12694,0.99909,0.00000,0.00024,0.00067
60.91800,0.12694,0.99949,0.00000,0.00014,0.00037
60.98400,0.12694,0.99994,0.00000,0.00004,0.00002
61.05000,0.12694,0.99966,0.00000,0.00019,0.00015
61.11600,0.12694,0.99962,0.00000,0.00021,0.00017
61.18200,0.12694,0.99892,0.00000,0.00018,0.00090
61.24800,0.12694,0.99572,0.00000,0.00005,0.00422
61.31400,0.12694,0.99172,0.00000,0.00003,0.00825
61.38000,0.12694,0.92520,0.00000,0.00033,0.07447
61.44600,0.12694,0.89913,0.00007,0.00072,0.10008
61.51200,0.12694,0.99304,0.00000,0.00070,0.00626
61.57800,0.12694,0.99854,0.00000,0.00031,0.00114
61.64400,0.12694,0.99976,0.00000,0.00010,0.00013
61.71000,0.12694,0.99957,0.00000,0.00004,0.00039
61.77600,0.12694,0.99885,0.00000,0.00026,0.00088
61.84200,0.12694,0.92597,0.00000,0.00001,0.07402
61.90800,0.12694,0.70059,0.00000,0.00003,0.29937
61.97400,0.12694,0.42232,0.00000,0.00003,0.57765
62.04000,0.12694,0.77165,0.00000,0.00003,0.22832
62.10600,0.12694,0.88858,0.00000,0.00020,0.11121
62.17200,0.12694,0.98226,0.00000,0.00116,0.01659
62.23800,0.12694,0.99850,0.00000,0.00022,0.00128
62.30400,0.12694,0.99633,0.00000,0.00053,0.00314
62.37000,0.12694,0.99767,0.00000,0.00044,0.00189
62.43600,0.12694,0.99937,0.00000,0.00017,0.00046
62.50200,0.12694,0.99948,0.00000,0.00035,0.00016
62.56800,0.12694,0.99820,0.00000,0.00099,0.00081
62.63400,0.12694,0.99692,0.00000,0.00092,0.00216
62.70000,0.12694,0.99973,0.00000,0.00013,0.00014
62.76600,0.12694,0.99711,0.00000,0.00113,0.00175
62.83200,0.12694,0.99902,0.00000,0.00042,0.00056
62.89800,0.12694,0.99765,0.00000,0.00060,0.00174
62.96400,0.12694,0.99797,0.00000,0.00092,0.00112
63.03000,0.12694,0.99564,0.00000,0.00029,0.00407
63.09600,0.12694,0.97726,0.00001,0.00188,0.02085
63.16200,0.12694,0.89797,0.00006,0.00431,0.09765
63.22800,0.12694,0.99493,0.00000,0.00054,0.00453
63.29400,0.12694,0.99907,0.00000,0.00003,0.00089
63.36000,0.12694,0.97819,0.00000,0.00013,0.02168
63.42600,0.12694,0.99889,0.00000,0.00023,0.00088
63.49200,0.12694,0.99858,0.00000,0.00008,0.00133
63.55800,0.12694,0.99835,0.00000,0.00004,0.00161
63.62400,0.12694,0.99647,0.00000,0.00050,0.00303
63.69000,0.12694,0.97994,0.00000,0.00035,0.01971
63.75600,0.12694,0.94499,0.00001,0.00090,0.05409
63.82200,0.12694,0.99830,0.00000,0.00088,0.00082
63.88800,0.12694,0.99553,0.00000,0.00024,0.00422
63.95400,0.12694,0.97341,0.00000,0.00152,0.02506
64.02000,0.12694,0.94248,0.00267,0.01328,0.04157
64.08600,0.12694,0.98821,0.00008,0.00720,0.00451
64.15200,0.12694,0.99797,0.00000,0.00062,0.00141
64.21800,0.12694,0.99913,0.00000,0.00030,0.00056
64.28400,0.12694,0.98864,0.00000,0.00020,0.01116
64.35000,0.12694,0.65786,0.00000,0.00003,0.34211
64.41600,0.12694,0.99840,0.00000,0.00000,0.00160
64.48200,0.12694,0.99988,0.00000,0.00001,0.00010
64.54800,0.12694,0.99796,0.00000,0.00057,0.00147
64.61400,0.12694,0.99850,0.00000,0.00067,0.00082
64.68000,0.12694,0.99576,0.00000,0.00107,0.00317
64.74600,0.12694,0.87505,0.00002,0.01778,0.10715
64.81200,0.12694,0.89885,0.00000,0.00102,0.10013
64.87800,0.12694,0.88998,0.00000,0.00012,0.10990
64.94400,0.12694,0.95219,0.00000,0.00053,0.04729
65.01000,0.12694,0.98907,0.00000,0.00014,0.01079
65.07600,0.12694,0.98678,0.00000,0.00010,0.01312
65.14200,0.12694,0.99294,0.00000,0.00005,0.00701
65.20800,0.12694,0.99664,0.00000,0.00053,0.00283
65.27400,0.12694,0.99858,0.00000,0.00022,0.00120
65.34000,0.12694,0.99930,0.00000,0.00011,0.00059
65.40600,0.12694,0.97950,0.00000,0.00101,0.01949
65.47200,0.12694,0.96033,0.00000,0.00068,0.03899
65.53800,0.12694,0.99384,0.00000,0.00023,0.00594
65.60400,0.12694,0.99835,0.00000,0.00007,0.00158
65.67000,0.12694,0.99942,0.00000,0.00020,0.00038
65.73600,0.12694,0.99984,0.00000,0.00009,0.00007
65.80200,0.12694,0.99976,0.00000,0.00012,0.00011
65.86800,0.12694,0.99830,0.00000,0.00018,0.00152
65.93400,0.12694,0.99981,0.00000,0.00006,0.00013
66.00000,0.12694,0.99644,0.00000,0.00009,0.00347
66.06600,0.12694,0.99581,0.00000,0.00013,0.00406
66.13200,0.12693,0.99914,0.00000,0.00004,0.00081
66.19800,0.12694,0.99665,0.00000,0.00047,0.00288
66.26400,0.12694,0.92971,0.00003,0.00644,0.06382
66.33000,0.12694,0.93981,0.00000,0.00372,0.05647
66.39600,0.12693,0.99642,0.00000,0.00033,0.00325
66.46200,0.12694,0.99571,0.00000,0.00083,0.00346
66.52800,0.12694,0.99626,0.00000,0.00042,0.00332
66.59400,0.12694,0.99925,0.00000,0.00019,0.00056
66.66000,0.12693,0.99834,0.00000,0.00054,0.00113
66.72600,0.12694,0.99989,0.00000,0.00002,0.00009
66.79200,0.12694,0.99742,0.00000,0.00006,0.00252
66.85800,0.12694,0.96839,0.00000,0.00091,0.03071
66.92400,0.12693,0.90709,0.00000,0.00026,0.09266
66.99000,0.12694,0.70584,0.00000,0.00001,0.29415
67.05600,0.12694,0.84055,0.00000,0.00001,0.15944
67.12200,0.12694,0.96153,0.00000,0.00002,0.03846
67.18800,0.12693,0.99450,0.00000,0.00002,0.00548
67.25400,0.12694,0.99241,0.00000,0.00008,0.00752
67.32000,0.12694,0.99967,0.00000,0.00010,0.00024
67.38600,0.12694,0.99975,0.00000,0.00019,0.00006
67.45200,0.12693,0.99990,0.00000,0.00007,0.00003
67.51800,0.12694,0.99994,0.00000,0.00004,0.00002
67.58400,0.12694,0.99275,0.00000,0.00036,0.00689
67.65000,0.12694,0.99866,0.00000,0.00010,0.00123
67.71600,0.12694,0.99967,0.00000,0.00008,0.00025
67.78200,0.12694,0.99477,0.00000,0.00022,0.00500
67.84800,0.12694,0.96381,0.00000,0.00035,0.03585
67.91400,0.12694,0.93329,0.00000,0.00010,0.06661
67.98000,0.12694,0.99108,0.00000,0.00003,0.00889
68.04600,0.12694,0.99963,0.00000,0.00004,0.00033
68.11200,0.12694,0.99993,0.00000,0.00001,0.00006
68.17800,0.12694,0.99960,0.00000,0.00003,0.00037
68.24400,0.12694,0.99981,0.00000,0.00007,0.00012
68.31000,0.12694,0.99989,0.00000,0.00006,0.00005
68.37600,0.12694,0.99883,0.00000,0.00020,0.00097
68.44200,0.12694,0.98245,0.00000,0.00064,0.01691
68.50800,0.12694,0.99711,0.00000,0.00026,0.00263
68.57400,0.12694,0.99863,0.00000,0.00051,0.00086
68.64000,0.12694,0.99867,0.00000,0.00065,0.00068
68.70600,0.12694,0.99921,0.00000,0.00036,0.00044
68.77200,0.12694,0.99970,0.00000,0.00017,0.00014
68.83800,0.12694,0.99867,0.00000,0.00027,0.00107
68.90400,0.12694,0.99929,0.00000,0.00029,0.00042
68.97000,0.12694,0.99906,0.00000,0.00043,0.00051
69.03600,0.12694,0.99965,0.00000,0.00014,0.00021
69.10200,0.12694,0.99993,0.00000,0.00004,0.00002
69.16800,0.12694,0.99991,0.00000,0.00006,0.00003
69.23400,0.12694,0.99996,0.00000,0.00002,0.00002
69.30000,0.12694,0.99989,0.00000,0.00003,0.00009
69.36600,0.12694,0.99831,0.00000,0.00016,0.00154
69.43200,0.12694,0.99966,0.00000,0.00007,0.00027
69.49800,0.12694,0.99990,0.00000,0.00005,0.00006
69.56400,0.12694,0.99884,0.00000,0.00043,0.00073
69.63000,0.12694,0.99909,0.00000,0.00037,0.00054
69.69600,0.12694,0.99976,0.00000,0.00005,0.00019
69.76200,0.12694,0.99706,0.00000,0.00020,0.00274
69.82800,0.12694,0.99505,0.00000,0.00039,0.00455
69.89400,0.12694,0.99984,0.00000,0.00006,0.00010
69.96000,0.12694,0.99880,0.00000,0.00036,0.00084
70.02600,0.12694,0.99990,0.00000,0.00003,0.00007
70.09200,0.12694,0.99999,0.00000,0.00000,0.00000
70.15800,0.12694,0.99994,0.00000,0.00003,0.00002
70.22400,0.12694,0.99893,0.00000,0.00034,0.00072
70.29000,0.12694,0.99950,0.00000,0.00022,0.00028
70.35600,0.12694,0.99995,0.00000,0.00003,0.00003
70.42200,0.12694,0.99994,0.00000,0.00003,0.00003
70.48800,0.12694,0.99963,0.00000,0.00006,0.00031
70.55400,0.12694,0.99943,0.00000,0.00012,0.00045
70.62000,0.12694,0.99968,0.00000,0.00010,0.00022
70.68600,0.12694,0.99733,0.00000,0.00066,0.00201
70.75200,0.12694,0.99990,0.00000,0.00006,0.00004
70.81800,0.12694,0.99987,0.00000,0.00010,0.00003
70.88400,0.12694,0.99971,0.00000,0.00024,0.00005
70.95000,0.12694,0.99936,0.00000,0.00025,0.00039
71.01600,0.12694,0.99992,0.00000,0.00002,0.00006
71.08200,0.12694,0.99974,0.00000,0.00017,0.00009
71.14800,0.12694,0.99762,0.00000,0.00104,0.00133
71.21400,0.12694,0.99844,0.00000,0.00075,0.00081
71.28000,0.12694,0.99912,0.00000,0.00050,0.00038
71.34600,0.12694,0.99865,0.00000,0.00096,0.00040
71.41200,0.12694,0.99409,0.00000,0.00357,0.00233
71.47800,0.12694,0.91444,0.00026,0.01134,0.07396
71.54400,0.12694,0.84451,0.00061,0.00337,0.15150
71.61000,0.12694,0.76865,0.00007,0.00016,0.23113
71.67600,0.12694,0.69041,0.00000,0.00026,0.30933
71.74200,0.12694,0.97835,0.00000,0.00038,0.02127
71.80800,0.12694,0.98445,0.00000,0.00058,0.01497
71.87400,0.12694,0.95870,0.00000,0.00069,0.04060
71.94000,0.12694,0.97723,0.00003,0.00783,0.01490
72.00600,0.12694,0.79536,0.00017,0.00440,0.20007
72.07200,0.12694,0.47116,0.00335,0.00662,0.51887
72.13800,0.12694,0.27472,0.01884,0.01676,0.68967
72.20400,0.12694,0.32728,0.00086,0.00213,0.66972
72.27000,0.12694,0.77791,0.00001,0.00034,0.22174
72.33600,0.12694,0.85301,0.00134,0.08542,0.06022
72.40200,0.12694,0.33886,0.29646,0.34505,0.01963
72.46800,0.12694,0.50143,0.35719,0.03141,0.10996
72.53400,0.12694,0.82879,0.00286,0.00061,0.16773
72.60000,0.12694,0.80196,0.00026,0.00021,0.19758
72.66600,0.12694,0.81090,0.00018,0.00023,0.18869
72.73200,0.12694,0.61926,0.00031,0.00008,0.38035
72.79800,0.12694,0.86574,0.00003,0.00022,0.13401
72.86400,0.12694,0.98285,0.00001,0.00076,0.01638
72.93000,0.12694,0.98018,0.00003,0.00215,0.01764
72.99600,0.12694,0.99327,0.00000,0.00047,0.00626
73.06200,0.12694,0.99920,0.00000,0.00010,0.00071
73.12800,0.12694,0.99879,0.00000,0.00026,0.00095
73.19400,0.12694,0.99567,0.00001,0.00088,0.00344
73.26000,0.12694,0.96289,0.00043,0.00664,0.03003
73.32600,0.12694,0.99377,0.00001,0.00215,0.00407
73.39200,0.12694,0.99883,0.00000,0.00055,0.00062
73.45800,0.12694,0.89314,0.00057,0.08361,0.02269
73.52400,0.12694,0.17274,0.00963,0.79880,0.01882
73.59000,0.12694,0.47049,0.00730,0.40728,0.11494
73.65600,0.12694,0.89959,0.00002,0.00513,0.09525
73.72200,0.12694,0.93896,0.00026,0.00341,0.05737
73.78800,0.12694,0.96509,0.00040,0.00353,0.03097
73.85400,0.12694,0.99624,0.00000,0.00037,0.00339
73.92000,0.12694,0.99707,0.00000,0.00038,0.00255
73.98600,0.12694,0.99796,0.00000,0.00042,0.00161
74.05200,0.12694,0.98927,0.00000,0.00815,0.00258
74.11800,0.12694,0.22640,0.00412,0.75095,0.01853
74.18400,0.12694,0.03915,0.01610,0.93795,0.00680
74.25000,0.12694,0.80716,0.00629,0.01709,0.16946
74.31600,0.12694,0.86088,0.00028,0.00061,0.13823
74.38200,0.12693,0.88597,0.00035,0.00191,0.11176
74.44800,0.12694,0.79350,0.00001,0.00003,0.20645
74.51400,0.12694,0.99454,0.00000,0.00000,0.00546
74.58000,0.12694,0.99713,0.00000,0.00213,0.00074
74.64600,0.12693,0.89953,0.01286,0.03478,0.05283
74.71200,0.12694,0.89936,0.00014,0.00094,0.09957
74.77800,0.12694,0.99302,0.00000,0.00145,0.00552
74.84400,0.12694,0.99898,0.00000,0.00018,0.00085
74.91000,0.12693,0.99944,0.00000,0.00008,0.00048
74.97600,0.12694,0.99493,0.00000,0.00397,0.00111
75.04200,0.12694,0.69418,0.00422,0.26910,0.03250
75.10800,0.12694,0.35618,0.01690,0.49686,0.13006
75.17400,0.12693,0.86785,0.00016,0.00299,0.12900
75.24000,0.12694,0.85152,0.00011,0.00067,0.14770
75.30600,0.12694,0.83068,0.00041,0.00413,0.16477
75.37200,0.12694,0.85482,0.00080,0.00264,0.14174
75.43800,0.12693,0.79961,0.00052,0.00074,0.19913
75.50400,0.12694,0.73766,0.00005,0.00005,0.26223
75.57000,0.12694,0.92313,0.00000,0.00013,0.07674
75.63600,0.12694,0.99267,0.00000,0.00142,0.00590
75.70200,0.12693,0.89401,0.00049,0.03002,0.07548
75.76800,0.12694,0.31282,0.00843,0.57520,0.10355
75.83400,0.12694,0.70481,0.00373,0.00503,0.28643
75.90000,0.12694,0.76774,0.00040,0.00167,0.23020
75.96600,0.12694,0.97217,0.00001,0.00207,0.02576
76.03200,0.12694,0.99994,0.00000,0.00002,0.00005
76.09800,0.12694,0.99968,0.00000,0.00023,0.00009
76.16400,0.12694,0.94072,0.00019,0.03093,0.02816
76.23000,0.12694,0.85169,0.00067,0.00968,0.13796
76.29600,0.12694,0.82076,0.00026,0.00379,0.17519
76.36200,0.12694,0.91088,0.00016,0.00096,0.08799
76.42800,0.12694,0.70780,0.00019,0.00121,0.29080
76.49400,0.12694,0.75926,0.00039,0.00095,0.23940
76.56000,0.12694,0.71264,0.00001,0.00001,0.28733
76.62600,0.12694,0.99427,0.00000,0.00000,0.00573
76.69200,0.12694,0.97358,0.00000,0.02620,0.00022
76.75800,0.12694,0.03516,0.01749,0.94513,0.00222
76.82400,0.12694,0.50640,0.00733,0.43935,0.04693
76.89000,0.12694,0.99189,0.00002,0.00187,0.00621
76.95600,0.12694,0.98898,0.00000,0.00106,0.00995
77.02200,0.12694,0.94229,0.00007,0.02067,0.03697
77.08800,0.12694,0.70856,0.00294,0.18773,0.10077
77.15400,0.12694,0.79227,0.00173,0.02688,0.17912
77.22000,0.12694,0.97432,0.00005,0.00239,0.02325
77.28600,0.12694,0.94238,0.00005,0.00090,0.05667
77.35200,0.12694,0.89155,0.00008,0.04693,0.06144
77.41800,0.12694,0.02224,0.00992,0.96474,0.00309
77.48400,0.12694,0.70544,0.00183,0.25610,0.03663
77.55000,0.12694,0.94909,0.00002,0.00406,0.04683
77.61600,0.12694,0.93629,0.00006,0.02304,0.04060
77.68200,0.12694,0.34378,0.01588,0.55547,0.08486
77.74800,0.12694,0.89513,0.00064,0.05428,0.04995
77.81400,0.12694,0.93866,0.00018,0.00754,0.05361
77.88000,0.12694,0.75054,0.00003,0.00005,0.24938
77.94600,0.12694,0.94224,0.00000,0.00002,0.05774
78.01200,0.12694,0.77353,0.00001,0.21756,0.00889
78.07800,0.12694,0.06058,0.00569,0.92912,0.00460
78.14400,0.12694,0.78637,0.00177,0.01409,0.19777
78.21000,0.12694,0.79314,0.00017,0.00136,0.20533
78.27600,0.12694,0.98954,0.00000,0.00057,0.00989
78.34200,0.12694,0.99975,0.00000,0.00009,0.00016
78.40800,0.12694,0.99985,0.00000,0.00006,0.00010
78.47400,0.12694,0.99991,0.00000,0.00006,0.00004
78.54000,0.12694,0.99974,0.00000,0.00018,0.00008
78.60600,0.12694,0.99986,0.00000,0.00008,0.00006
78.67200,0.12694,0.99315,0.00000,0.00355,0.00330
78.73800,0.12694,0.51433,0.02424,0.10059,0.36085
78.80400,0.12694,0.30053,0.00412,0.17340,0.52195
78.87000,0.12694,0.60499,0.00056,0.03508,0.35937
78.93600,0.12694,0.93236,0.00017,0.01365,0.05381
79.00200,0.12694,0.90227,0.00050,0.02407,0.07316
79.06800,0.12694,0.85836,0.00093,0.00542,0.13529
79.13400,0.12694,0.87709,0.00023,0.00295,0.11973
79.20000,0.12694,0.75812,0.00057,0.00062,0.24068
79.26600,0.12694,0.68084,0.00002,0.00005,0.31909
79.33200,0.12694,0.58301,0.00003,0.00008,0.41688
79.39800,0.12694,0.63258,0.00013,0.00011,0.36718
79.46400,0.12694,0.63931,0.00071,0.00074,0.35924
79.53000,0.12694,0.98093,0.00000,0.00044,0.01863
79.59600,0.12694,0.99966,0.00000,0.00007,0.00027
79.66200,0.12694,0.99861,0.00000,0.00026,0.00113
79.72800,0.12694,0.99627,0.00000,0.00240,0.00133
79.79400,0.12694,0.87183,0.00023,0.00065,0.12728
79.86000,0.12694,0.74414,0.00171,0.00030,0.25385
79.92600,0.12694,0.87947,0.00041,0.00035,0.11977
79.99200,0.12694,0.64843,0.00339,0.25815,0.09002
80.05800,0.12694,0.09991,0.00082,0.89466,0.00462
80.12400,0.12694,0.14839,0.00143,0.84160,0.00858
80.19000,0.12694,0.63541,0.00733,0.18605,0.17122
80.25600,0.12694,0.83191,0.00101,0.00296,0.16412
80.32200,0.12694,0.90353,0.00002,0.00059,0.09586
80.38800,0.12694,0.97468,0.00000,0.00111,0.02421
80.45400,0.12694,0.99937,0.00000,0.00012,0.00051
80.52000,0.12694,0.99960,0.00000,0.00019,0.00020
80.58600,0.12694,0.97717,0.00000,0.01790,0.00493
80.65200,0.12694,0.12760,0.00607,0.85594,0.01038
80.71800,0.12694,0.17247,0.00187,0.81111,0.01456
80.78400,0.12694,0.72839,0.00084,0.24191,0.02886
80.85000,0.12694,0.85197,0.00079,0.10036,0.04687
80.91600,0.12694,0.83366,0.00054,0.01195,0.15385
80.98200,0.12694,0.88957,0.00064,0.01532,0.09447
81.04800,0.12694,0.95238,0.00002,0.00130,0.04631
81.11400,0.12694,0.99064,0.00000,0.00016,0.00920
81.18000,0.12694,0.87539,0.00004,0.05516,0.06941
81.24600,0.12694,0.32470,0.03438,0.28787,0.35305
81.31200,0.12694,0.69327,0.00314,0.00542,0.29817
81.37800,0.12694,0.68441,0.00025,0.00439,0.31096
81.44400,0.12694,0.85651,0.00005,0.00362,0.13981
81.51000,0.12694,0.88271,0.00020,0.01782,0.09928
81.57600,0.12694,0.94251,0.00020,0.03138,0.02590
81.64200,0.12694,0.91360,0.00024,0.00227,0.08389
81.70800,0.12694,0.78011,0.00000,0.00005,0.21984
81.77400,0.12694,0.89203,0.00008,0.01796,0.08993
81.84000,0.12694,0.06506,0.00214,0.92333,0.00946
81.90600,0.12694,0.72117,0.00665,0.22150,0.05068
81.97200,0.12694,0.96744,0.00021,0.00485,0.02750
82.03800,0.12694,0.99120,0.00000,0.00021,0.00859
82.10400,0.12694,0.99799,0.00000,0.00007,0.00194
82.17000,0.12694,0.99877,0.00000,0.00068,0.00055
82.23600,0.12694,0.99975,0.00000,0.00018,0.00007
82.30200,0.12694,0.99918,0.00000,0.00006,0.00076
82.36800,0.12694,0.99540,0.00000,0.00002,0.00458
82.43400,0.12694,0.99991,0.00000,0.00003,0.00005
82.50000,0.12694,0.99889,0.00000,0.00014,0.00098
82.56600,0.12694,0.99927,0.00000,0.00024,0.00048
82.63200,0.12693,0.99989,0.00000,0.00008,0.00002
82.69800,0.12694,0.99967,0.00000,0.00018,0.00015
82.76400,0.12694,0.99625,0.00001,0.00036,0.00338
82.83000,0.12694,0.99324,0.00002,0.00224,0.00450
82.89600,0.12693,0.99603,0.00000,0.00071,0.00325
82.96200,0.12694,0.99678,0.00000,0.00164,0.00159
83.02800,0.12694,0.96844,0.00000,0.00006,0.03150
83.09400,0.12694,0.85519,0.00000,0.00001,0.14480
83.16000,0.12693,0.99039,0.00000,0.00002,0.00959
83.22600,0.12694,0.97019,0.00000,0.00032,0.02949
83.29200,0.12694,0.84376,0.00000,0.00011,0.15612
83.35800,0.12694,0.85904,0.00000,0.00001,0.14096
83.42400,0.12693,0.95567,0.00000,0.00000,0.04433
83.49000,0.12694,0.98744,0.00000,0.00000,0.01256
83.55600,0.12694,0.99845,0.00000,0.00000,0.00154
83.62200,0.12694,0.99887,0.00000,0.00009,0.00104
83.68800,0.12693,0.99694,0.00000,0.00073,0.00233
83.75400,0.12694,0.99446,0.00005,0.00193,0.00355
83.82000,0.12694,0.99935,0.00000,0.00031,0.00034
83.88600,0.12694,0.99965,0.00000,0.00014,0.00021
83.95200,0.12693,0.99808,0.00000,0.00056,0.00136
84.01800,0.12694,0.99850,0.00000,0.00040,0.00109
84.08400,0.12694,0.99995,0.00000,0.00002,0.00003
84.15000,0.12694,0.99997,0.00000,0.00002,0.00001
84.21600,0.12694,0.99992,0.00000,0.00006,0.00002
84.28200,0.12694,0.99999,0.00000,0.00001,0.00000
84.34800,0.12694,0.99997,0.00000,0.00001,0.00002
84.41400,0.12694,0.99952,0.00000,0.00017,0.00031
84.48000,0.12694,0.99992,0.00000,0.00002,0.00005
84.54600,0.12694,0.99977,0.00000,0.00007,0.00016
84.61200,0.12694,0.99972,0.00000,0.00023,0.00005
84.67800,0.12694,0.99978,0.00000,0.00014,0.00008
84.74400,0.12694,0.99939,0.00000,0.00024,0.00037
84.81000,0.12694,0.99870,0.00000,0.00075,0.00056
84.87600,0.12694,0.99931,0.00000,0.00022,0.00047
84.94200,0.12694,0.99839,0.00000,0.00061,0.00100
85.00800,0.12694,0.99840,0.00000,0.00059,0.00102
85.07400,0.12694,0.99950,0.00000,0.00013,0.00037
85.14000,0.12694,0.99851,0.00000,0.00037,0.00112
