Time (seconds), Duration (seconds),pred_(unlabeled),pred_brushing_teeth,pred_hair_drying,pred_showering
0.00000,0.62194,0.99563,0.00356,0.00045,0.00036
0.33000,0.62194,0.99903,0.00066,0.00016,0.00015
0.66000,0.62194,0.99757,0.00197,0.00027,0.00019
0.99000,0.62194,0.99831,0.00128,0.00023,0.00018
1.32000,0.62194,0.99744,0.00201,0.00031,0.00024
1.65000,0.62194,0.99737,0.00206,0.00031,0.00026
1.98000,0.62194,0.99790,0.00169,0.00024,0.00018
2.31000,0.62194,0.99799,0.00138,0.00030,0.00032
2.64000,0.62194,0.99838,0.00106,0.00027,0.00029
2.97000,0.62194,0.99799,0.00145,0.00029,0.00028
3.30000,0.62194,0.99822,0.00135,0.00024,0.00020
3.63000,0.62194,0.99772,0.00176,0.00028,0.00023
3.96000,0.62194,0.99802,0.00149,0.00026,0.00022
4.29000,0.62194,0.99777,0.00172,0.00028,0.00023
4.62000,0.62194,0.99783,0.00166,0.00028,0.00023
4.95000,0.62194,0.99795,0.00158,0.00026,0.00021
5.28000,0.62194,0.99795,0.00156,0.00027,0.00023
5.61000,0.62194,0.99777,0.00170,0.00029,0.00025
5.94000,0.62194,0.99824,0.00134,0.00023,0.00019
6.27000,0.62194,0.99802,0.00152,0.00025,0.00021
6.60000,0.62194,0.99772,0.00172,0.00030,0.00027
6.93000,0.62194,0.99795,0.00157,0.00026,0.00022
7.26000,0.62194,0.99810,0.00140,0.00027,0.00024
7.59000,0.62194,0.99827,0.00131,0.00022,0.00019
7.92000,0.62194,0.99780,0.00164,0.00029,0.00027
8.25000,0.62194,0.99814,0.00137,0.00026,0.00023
8.58000,0.62194,0.99813,0.00139,0.00025,0.00023
8.91000,0.62194,0.99822,0.00132,0.00025,0.00022
9.24000,0.62194,0.99810,0.00141,0.00025,0.00023
9.57000,0.62194,0.99837,0.00117,0.00023,0.00022
9.90000,0.62194,0.99829,0.00124,0.00024,0.00023
10.23000,0.62194,0.99844,0.00110,0.00023,0.00023
10.56000,0.62194,0.99794,0.00143,0.00030,0.00032
10.89000,0.62194,0.99826,0.00118,0.00027,0.00030
11.22000,0.62194,0.99811,0.00129,0.00029,0.00031
11.55000,0.62194,0.99791,0.00137,0.00033,0.00039
11.88000,0.62194,0.99780,0.00141,0.00035,0.00044
12.21000,0.62194,0.99815,0.00120,0.00030,0.00035
12.54000,0.62194,0.99829,0.00112,0.00027,0.00032
12.87000,0.62194,0.99796,0.00128,0.00033,0.00043
13.20000,0.62194,0.99831,0.00106,0.00027,0.00035
13.53000,0.62194,0.99780,0.00136,0.00036,0.00048
13.86000,0.62194,0.99750,0.00148,0.00041,0.00061
14.19000,0.62194,0.99796,0.00123,0.00033,0.00048
14.52000,0.62194,0.99803,0.00120,0.00031,0.00046
14.85000,0.62194,0.99774,0.00134,0.00035,0.00057
15.18000,0.62194,0.99784,0.00124,0.00034,0.00058
15.51000,0.62194,0.99796,0.00116,0.00032,0.00056
15.84000,0.62194,0.99778,0.00126,0.00035,0.00060
16.17000,0.62194,0.99768,0.00132,0.00036,0.00064
16.50000,0.62194,0.99771,0.00129,0.00035,0.00065
16.83000,0.62194,0.99773,0.00128,0.00034,0.00065
17.16000,0.62194,0.99705,0.00159,0.00045,0.00090
17.49000,0.62194,0.99684,0.00169,0.00048,0.00099
17.82000,0.62194,0.99752,0.00136,0.00037,0.00074
18.15000,0.62194,0.99721,0.00151,0.00042,0.00087
18.48000,0.62194,0.99633,0.00189,0.00054,0.00125
18.81000,0.62194,0.99644,0.00184,0.00051,0.00120
19.14000,0.62194,0.99635,0.00181,0.00055,0.00129
19.47000,0.62194,0.99677,0.00164,0.00048,0.00112
19.80000,0.62194,0.99700,0.00157,0.00043,0.00100
20.13000,0.62194,0.99707,0.00151,0.00043,0.00099
20.46000,0.62194,0.99671,0.00164,0.00050,0.00115
20.79000,0.62194,0.99672,0.00165,0.00048,0.00115
21.12000,0.62194,0.99573,0.00208,0.00062,0.00157
21.45000,0.62194,0.99620,0.00192,0.00054,0.00134
21.78000,0.62194,0.99653,0.00175,0.00051,0.00122
22.11000,0.62194,0.99633,0.00180,0.00055,0.00132
22.44000,0.62194,0.99775,0.00137,0.00035,0.00053
22.77000,0.62194,0.99369,0.00313,0.00096,0.00222
23.10000,0.62194,0.99546,0.00222,0.00066,0.00166
23.43000,0.62194,0.99608,0.00197,0.00056,0.00139
23.76000,0.62194,0.99629,0.00179,0.00057,0.00134
24.09000,0.62194,0.99731,0.00141,0.00042,0.00086
24.42000,0.62194,0.99521,0.00233,0.00070,0.00176
24.75000,0.62194,0.99635,0.00181,0.00055,0.00129
25.08000,0.62194,0.99654,0.00174,0.00051,0.00121
25.41000,0.62194,0.99609,0.00194,0.00057,0.00140
25.74000,0.62194,0.99645,0.00180,0.00051,0.00125
26.07000,0.62194,0.99617,0.00189,0.00056,0.00138
26.40000,0.62194,0.99672,0.00167,0.00048,0.00113
26.73000,0.62194,0.99764,0.00127,0.00034,0.00074
27.06000,0.62194,0.99622,0.00187,0.00055,0.00135
27.39000,0.62194,0.99669,0.00169,0.00047,0.00114
27.72000,0.62194,0.99698,0.00152,0.00046,0.00105
28.05000,0.62194,0.99684,0.00160,0.00047,0.00108
28.38000,0.62194,0.99608,0.00192,0.00058,0.00142
28.71000,0.62194,0.99672,0.00167,0.00048,0.00112
29.04000,0.62194,0.99667,0.00168,0.00050,0.00115
29.37000,0.62194,0.99651,0.00180,0.00049,0.00120
29.70000,0.62194,0.99664,0.00171,0.00049,0.00117
30.03000,0.62194,0.99782,0.00125,0.00031,0.00062
30.36000,0.62194,0.99676,0.00169,0.00051,0.00105
30.69000,0.62194,0.99630,0.00183,0.00055,0.00132
31.02000,0.62194,0.99594,0.00195,0.00061,0.00149
31.35000,0.62194,0.99699,0.00154,0.00045,0.00103
31.68000,0.62194,0.99668,0.00169,0.00048,0.00114
32.01000,0.62194,0.99823,0.00124,0.00023,0.00030
32.34000,0.62194,0.99129,0.00472,0.00127,0.00272
32.67000,0.62194,0.99836,0.00085,0.00028,0.00051
33.00000,0.62194,0.99512,0.00453,0.00021,0.00014
33.33000,0.62194,0.99361,0.00337,0.00095,0.00207
33.66000,0.62194,0.99588,0.00205,0.00059,0.00149
33.99000,0.62194,0.99789,0.00125,0.00029,0.00057
34.32000,0.62194,0.99681,0.00171,0.00048,0.00100
34.65000,0.62194,0.99574,0.00205,0.00063,0.00158
34.98000,0.62194,0.99617,0.00187,0.00057,0.00139
35.31000,0.62194,0.99605,0.00194,0.00057,0.00144
35.64000,0.62194,0.99721,0.00148,0.00040,0.00091
35.97000,0.62194,0.99650,0.00176,0.00050,0.00124
36.30000,0.62194,0.99559,0.00215,0.00063,0.00162
36.63000,0.62194,0.99556,0.00213,0.00064,0.00166
36.96000,0.62194,0.99634,0.00183,0.00053,0.00130
37.29000,0.62194,0.99627,0.00188,0.00053,0.00133
37.62000,0.62194,0.99634,0.00184,0.00052,0.00129
37.95000,0.62194,0.99697,0.00155,0.00044,0.00104
38.28000,0.62194,0.99691,0.00158,0.00045,0.00105
38.61000,0.62194,0.99654,0.00175,0.00051,0.00121
38.94000,0.62194,0.99653,0.00175,0.00051,0.00121
39.27000,0.62194,0.99755,0.00129,0.00036,0.00079
39.60000,0.62194,0.99631,0.00183,0.00054,0.00132
39.93000,0.62194,0.99690,0.00159,0.00045,0.00107
40.26000,0.62194,0.99625,0.00184,0.00056,0.00136
40.59000,0.62194,0.99603,0.00194,0.00058,0.00145
40.92000,0.62194,0.99593,0.00199,0.00059,0.00148
41.25000,0.62194,0.99588,0.00203,0.00059,0.00150
41.58000,0.62194,0.99682,0.00163,0.00046,0.00109
41.91000,0.62194,0.99623,0.00183,0.00057,0.00138
42.24000,0.62194,0.99649,0.00175,0.00051,0.00125
42.57000,0.62194,0.99618,0.00190,0.00055,0.00138
42.90000,0.62194,0.99641,0.00178,0.00053,0.00129
43.23000,0.62194,0.99645,0.00178,0.00052,0.00125
43.56000,0.62194,0.99627,0.00186,0.00054,0.00133
43.89000,0.62194,0.99634,0.00181,0.00054,0.00132
44.22000,0.62194,0.99597,0.00195,0.00059,0.00149
44.55000,0.62194,0.99617,0.00190,0.00055,0.00138
44.88000,0.62194,0.99655,0.00175,0.00050,0.00121
45.21000,0.62194,0.99635,0.00184,0.00053,0.00128
45.54000,0.62194,0.99644,0.00179,0.00052,0.00126
45.87000,0.62194,0.99663,0.00171,0.00049,0.00117
46.20000,0.62194,0.99715,0.00151,0.00040,0.00094
46.53000,0.62194,0.99582,0.00204,0.00061,0.00153
46.86000,0.62194,0.99632,0.00183,0.00054,0.00132
47.19000,0.62194,0.99698,0.00158,0.00043,0.00101
47.52000,0.62194,0.99646,0.00180,0.00051,0.00123
47.85000,0.62194,0.99553,0.00214,0.00066,0.00168
48.18000,0.62194,0.99571,0.00210,0.00062,0.00158
48.51000,0.62194,0.99591,0.00201,0.00059,0.00149
48.84000,0.62194,0.99666,0.00171,0.00048,0.00115
49.17000,0.62194,0.99636,0.00179,0.00054,0.00131
49.50000,0.62194,0.99656,0.00174,0.00050,0.00120
49.83000,0.62194,0.99642,0.00178,0.00053,0.00127
50.16000,0.62194,0.99567,0.00212,0.00063,0.00158
50.49000,0.62194,0.99575,0.00204,0.00063,0.00158
50.82000,0.62194,0.99575,0.00206,0.00062,0.00158
51.15000,0.62194,0.99700,0.00153,0.00045,0.00103
51.48000,0.62194,0.99639,0.00179,0.00054,0.00128
51.81000,0.62194,0.99585,0.00203,0.00060,0.00151
52.14000,0.62194,0.99624,0.00184,0.00056,0.00136
52.47000,0.62194,0.99650,0.00176,0.00050,0.00123
52.80000,0.62194,0.99664,0.00172,0.00048,0.00116
53.13000,0.62194,0.99594,0.00201,0.00058,0.00147
53.46000,0.62194,0.99663,0.00172,0.00048,0.00117
53.79000,0.62194,0.99649,0.00176,0.00051,0.00124
54.12000,0.62194,0.99620,0.00191,0.00055,0.00135
54.45000,0.62194,0.99567,0.00210,0.00063,0.00160
54.78000,0.62194,0.99646,0.00177,0.00051,0.00126
55.11000,0.62194,0.99699,0.00159,0.00045,0.00098
55.44000,0.62194,0.99462,0.00249,0.00079,0.00210
55.77000,0.62194,0.99669,0.00169,0.00048,0.00115
56.10000,0.62194,0.99614,0.00187,0.00058,0.00141
56.43000,0.62194,0.99609,0.00195,0.00056,0.00140
56.76000,0.62194,0.99593,0.00195,0.00061,0.00151
57.09000,0.62194,0.99658,0.00170,0.00052,0.00120
57.42000,0.62194,0.99629,0.00181,0.00056,0.00134
57.75000,0.62194,0.99715,0.00146,0.00043,0.00097
58.08000,0.62194,0.99579,0.00203,0.00061,0.00156
58.41000,0.62194,0.99644,0.00179,0.00052,0.00125
58.74000,0.62194,0.99614,0.00188,0.00057,0.00140
59.07000,0.62194,0.99664,0.00168,0.00050,0.00118
59.40000,0.62194,0.99659,0.00171,0.00050,0.00120
59.73000,0.62194,0.99616,0.00188,0.00057,0.00140
60.06000,0.62194,0.99590,0.00202,0.00058,0.00150
60.39000,0.62194,0.99607,0.00193,0.00058,0.00143
60.72000,0.62194,0.99636,0.00183,0.00052,0.00129
61.05000,0.62194,0.99680,0.00164,0.00046,0.00110
61.38000,0.62194,0.99689,0.00159,0.00045,0.00106
61.71000,0.62194,0.99668,0.00170,0.00047,0.00114
62.04000,0.62194,0.99678,0.00162,0.00047,0.00113
62.37000,0.62194,0.99637,0.00179,0.00053,0.00131
62.70000,0.62194,0.99681,0.00162,0.00047,0.00111
63.03000,0.62194,0.99704,0.00154,0.00043,0.00099
63.36000,0.62194,0.99638,0.00178,0.00054,0.00130
63.69000,0.62194,0.99615,0.00191,0.00055,0.00138
64.02000,0.62194,0.99670,0.00167,0.00048,0.00115
64.35000,0.62194,0.99590,0.00200,0.00059,0.00151
64.68000,0.62194,0.99658,0.00174,0.00049,0.00119
65.01000,0.62193,0.99606,0.00195,0.00057,0.00142
65.34000,0.62194,0.99593,0.00200,0.00059,0.00148
65.67000,0.62194,0.99635,0.00183,0.00053,0.00129
66.00000,0.62194,0.99637,0.00179,0.00054,0.00130
66.33000,0.62193,0.99622,0.00189,0.00055,0.00135
66.66000,0.62193,0.99598,0.00197,0.00058,0.00147
66.99000,0.62194,0.99633,0.00185,0.00053,0.00129
67.32000,0.62194,0.99589,0.00199,0.00060,0.00152
67.65000,0.62193,0.99659,0.00172,0.00051,0.00119
67.98000,0.62193,0.99669,0.00168,0.00049,0.00114
68.31000,0.62194,0.99601,0.00199,0.00058,0.00142
68.64000,0.62194,0.99634,0.00187,0.00053,0.00127
68.97000,0.62193,0.99676,0.00167,0.00048,0.00109
69.30000,0.62193,0.99599,0.00199,0.00059,0.00143
69.63000,0.62194,0.99681,0.00165,0.00047,0.00107
69.96000,0.62194,0.99667,0.00169,0.00049,0.00114
70.29000,0.62193,0.99672,0.00163,0.00050,0.00114
70.62000,0.62193,0.99606,0.00193,0.00058,0.00142
70.95000,0.62194,0.99617,0.00192,0.00055,0.00136
71.28000,0.62194,0.99600,0.00198,0.00058,0.00145
71.61000,0.62194,0.99583,0.00203,0.00060,0.00153
71.94000,0.62193,0.99677,0.00164,0.00048,0.00111
72.27000,0.62194,0.99578,0.00204,0.00062,0.00156
72.60000,0.62194,0.99674,0.00164,0.00048,0.00114
72.93000,0.62194,0.99606,0.00194,0.00058,0.00142
73.26000,0.62193,0.99650,0.00173,0.00052,0.00124
73.59000,0.62194,0.99623,0.00185,0.00055,0.00137
73.92000,0.62194,0.99658,0.00173,0.00049,0.00120
74.25000,0.62194,0.99706,0.00151,0.00043,0.00100
74.58000,0.62193,0.99605,0.00186,0.00059,0.00150
74.91000,0.62193,0.99737,0.00130,0.00042,0.00091
75.24000,0.62194,0.99794,0.00121,0.00033,0.00052
75.57000,0.62194,0.99737,0.00142,0.00040,0.00081
75.90000,0.62193,0.99776,0.00117,0.00037,0.00070
76.23000,0.62193,0.99621,0.00178,0.00059,0.00143
76.56000,0.62194,0.99674,0.00162,0.00049,0.00115
76.89000,0.62194,0.99699,0.00155,0.00044,0.00102
77.22000,0.62193,0.99686,0.00157,0.00048,0.00110
77.55000,0.62193,0.99635,0.00183,0.00052,0.00129
77.88000,0.62194,0.99702,0.00155,0.00043,0.00100
78.21000,0.62194,0.99583,0.00202,0.00060,0.00154
78.54000,0.62193,0.99642,0.00179,0.00052,0.00127
78.87000,0.62193,0.99668,0.00165,0.00050,0.00117
79.20000,0.62194,0.99628,0.00182,0.00055,0.00135
79.53000,0.62194,0.99693,0.00156,0.00045,0.00105
79.86000,0.62194,0.99660,0.00168,0.00051,0.00121
80.19000,0.62193,0.99635,0.00179,0.00054,0.00132
80.52000,0.62194,0.99636,0.00183,0.00052,0.00129
80.85000,0.62194,0.99666,0.00169,0.00049,0.00116
81.18000,0.62194,0.99654,0.00172,0.00052,0.00123
81.51000,0.62193,0.99693,0.00156,0.00046,0.00106
81.84000,0.62194,0.99653,0.00177,0.00050,0.00120
82.17000,0.62194,0.99688,0.00164,0.00044,0.00104
82.50000,0.62194,0.99594,0.00196,0.00061,0.00149
82.83000,0.62193,0.99660,0.00171,0.00050,0.00120
83.16000,0.62193,0.99670,0.00167,0.00048,0.00115
83.49000,0.62194,0.99636,0.00183,0.00051,0.00129
83.82000,0.62194,0.99627,0.00186,0.00054,0.00133
84.15000,0.62193,0.99649,0.00176,0.00051,0.00124
84.48000,0.62193,0.99641,0.00179,0.00053,0.00127
84.81000,0.62194,0.99559,0.00214,0.00063,0.00164
85.14000,0.62194,0.99661,0.00171,0.00049,0.00118
85.47000,0.62193,0.99590,0.00201,0.00059,0.00150
85.80000,0.62193,0.99650,0.00177,0.00051,0.00123
86.13000,0.62194,0.99680,0.00163,0.00046,0.00110
86.46000,0.62194,0.99702,0.00153,0.00043,0.00102
86.79000,0.62193,0.99617,0.00188,0.00056,0.00138
87.12000,0.62193,0.99622,0.00185,0.00056,0.00137
87.45000,0.62194,0.99612,0.00190,0.00057,0.00141
87.78000,0.62194,0.99660,0.00168,0.00051,0.00121
88.11000,0.62194,0.99586,0.00200,0.00061,0.00153
88.44000,0.62193,0.99619,0.00188,0.00056,0.00137
88.77000,0.62194,0.99593,0.00200,0.00058,0.00148
89.10000,0.62194,0.99610,0.00190,0.00058,0.00143
89.43000,0.62194,0.99608,0.00191,0.00058,0.00143
89.76000,0.62193,0.99643,0.00182,0.00051,0.00124
90.09000,0.62194,0.99662,0.00170,0.00050,0.00118
90.42000,0.62194,0.99695,0.00156,0.00044,0.00105
90.75000,0.62194,0.99706,0.00151,0.00043,0.00100
91.08000,0.62193,0.99591,0.00204,0.00058,0.00147
91.41000,0.62193,0.99678,0.00164,0.00047,0.00111
91.74000,0.62194,0.99751,0.00132,0.00038,0.00078
92.07000,0.62194,0.99741,0.00143,0.00040,0.00075
92.40000,0.62193,0.99558,0.00215,0.00064,0.00164
92.73000,0.62193,0.99588,0.00200,0.00061,0.00151
93.06000,0.62194,0.99716,0.00147,0.00042,0.00096
93.39000,0.62194,0.99655,0.00173,0.00050,0.00122
93.72000,0.62193,0.99650,0.00174,0.00051,0.00124
94.05000,0.62193,0.99685,0.00162,0.00045,0.00108
94.38000,0.62194,0.99673,0.00166,0.00048,0.00113
94.71000,0.62194,0.99581,0.00205,0.00061,0.00153
95.04000,0.62193,0.99614,0.00189,0.00057,0.00140
95.37000,0.62193,0.99558,0.00212,0.00064,0.00166
95.70000,0.62194,0.99659,0.00172,0.00050,0.00119
96.03000,0.62194,0.99632,0.00185,0.00053,0.00130
96.36000,0.62194,0.99696,0.00156,0.00045,0.00103
96.69000,0.62193,0.99679,0.00161,0.00048,0.00112
97.02000,0.62194,0.99642,0.00182,0.00051,0.00125
97.35000,0.62194,0.99616,0.00185,0.00057,0.00141
97.68000,0.62194,0.99648,0.00176,0.00051,0.00125
98.01000,0.62193,0.99642,0.00179,0.00052,0.00127
98.34000,0.62194,0.99670,0.00164,0.00049,0.00117
98.67000,0.62194,0.99648,0.00178,0.00050,0.00123
99.00000,0.62194,0.99663,0.00171,0.00049,0.00117
99.33000,0.62193,0.99623,0.00188,0.00056,0.00134
99.66000,0.62193,0.99616,0.00190,0.00057,0.00138
99.99000,0.62194,0.99638,0.00181,0.00052,0.00129
100.32000,0.62194,0.99685,0.00160,0.00046,0.00109
100.65000,0.62193,0.99652,0.00173,0.00052,0.00124
100.98000,0.62193,0.99676,0.00166,0.00046,0.00112
101.31000,0.62194,0.99735,0.00136,0.00040,0.00089
101.64000,0.62194,0.99612,0.00190,0.00057,0.00141
101.97000,0.62193,0.99589,0.00201,0.00059,0.00151
102.30000,0.62193,0.99714,0.00148,0.00041,0.00097
102.63000,0.62194,0.99600,0.00197,0.00057,0.00146
102.96000,0.62194,0.99599,0.00199,0.00057,0.00145
103.29000,0.62193,0.99671,0.00169,0.00047,0.00113
103.62000,0.62193,0.99583,0.00201,0.00061,0.00155
103.95000,0.62194,0.99681,0.00161,0.00047,0.00111
104.28000,0.62194,0.99621,0.00186,0.00056,0.00138
104.61000,0.62194,0.99647,0.00177,0.00051,0.00125
104.94000,0.62193,0.99687,0.00159,0.00046,0.00109
105.27000,0.62194,0.99621,0.00188,0.00055,0.00136
105.60000,0.62194,0.99629,0.00186,0.00053,0.00132
105.93000,0.62194,0.99586,0.00201,0.00060,0.00153
106.26000,0.62193,0.99561,0.00211,0.00064,0.00164
106.59000,0.62194,0.99621,0.00189,0.00054,0.00136
106.92000,0.62194,0.99642,0.00180,0.00052,0.00126
107.25000,0.62194,0.99586,0.00200,0.00061,0.00153
107.58000,0.62193,0.99544,0.00216,0.00067,0.00173
107.91000,0.62193,0.99648,0.00175,0.00052,0.00125
108.24000,0.62194,0.99595,0.00194,0.00060,0.00151
108.57000,0.62194,0.99671,0.00166,0.00048,0.00115
108.90000,0.62193,0.99619,0.00187,0.00056,0.00138
109.23000,0.62193,0.99598,0.00192,0.00060,0.00149
109.56000,0.62194,0.99576,0.00204,0.00063,0.00158
109.89000,0.62194,0.99626,0.00182,0.00056,0.00136
110.22000,0.62193,0.99620,0.00186,0.00056,0.00138
110.55000,0.62193,0.99569,0.00207,0.00063,0.00161
110.88000,0.62194,0.99547,0.00214,0.00066,0.00173
111.21000,0.62194,0.99667,0.00171,0.00047,0.00115
111.54000,0.62193,0.99649,0.00174,0.00052,0.00125
111.87000,0.62193,0.99662,0.00172,0.00049,0.00118
112.20000,0.62194,0.99651,0.00177,0.00050,0.00122
112.53000,0.62194,0.99635,0.00180,0.00054,0.00131
112.86000,0.62194,0.99681,0.00162,0.00047,0.00111
113.19000,0.62193,0.99630,0.00180,0.00055,0.00135
113.52000,0.62194,0.99628,0.00186,0.00054,0.00133
113.85000,0.62194,0.99619,0.00187,0.00056,0.00138
114.18000,0.62194,0.99636,0.00183,0.00052,0.00129
114.51000,0.62193,0.99746,0.00133,0.00038,0.00084
114.84000,0.62194,0.99626,0.00186,0.00055,0.00134
115.17000,0.62194,0.99619,0.00187,0.00057,0.00137
115.50000,0.62194,0.99682,0.00160,0.00048,0.00110
115.83000,0.62193,0.99688,0.00157,0.00047,0.00108
116.16000,0.62193,0.99725,0.00140,0.00042,0.00092
116.49000,0.62194,0.99694,0.00153,0.00048,0.00105
116.82000,0.62194,0.99681,0.00160,0.00049,0.00110
117.15000,0.62193,0.99567,0.00205,0.00066,0.00162
117.48000,0.62193,0.99690,0.00153,0.00049,0.00109
117.81000,0.62194,0.99553,0.00214,0.00066,0.00167
118.14000,0.62194,0.99586,0.00202,0.00060,0.00152
118.47000,0.62193,0.99620,0.00187,0.00056,0.00137
118.80000,0.62193,0.99613,0.00190,0.00057,0.00141
119.13000,0.62194,0.99641,0.00179,0.00052,0.00128
119.46000,0.62194,0.99552,0.00213,0.00066,0.00169
119.79000,0.62193,0.99598,0.00193,0.00060,0.00148
120.12000,0.62193,0.99614,0.00190,0.00056,0.00139
120.45000,0.62194,0.99631,0.00185,0.00053,0.00131
120.78000,0.62194,0.99603,0.00194,0.00058,0.00144
121.11000,0.62194,0.99652,0.00180,0.00049,0.00119
121.44000,0.62193,0.99631,0.00339,0.00015,0.00015
121.77000,0.62194,0.99449,0.00442,0.00052,0.00058
122.10000,0.62194,0.99754,0.00187,0.00029,0.00030
122.43000,0.62194,0.99635,0.00189,0.00054,0.00123
122.76000,0.62193,0.99718,0.00144,0.00044,0.00094
123.09000,0.62194,0.99688,0.00155,0.00048,0.00109
123.42000,0.62194,0.99631,0.00182,0.00055,0.00132
123.75000,0.62194,0.99619,0.00186,0.00057,0.00138
124.08000,0.62193,0.99552,0.00214,0.00065,0.00169
124.41000,0.62193,0.99615,0.00187,0.00057,0.00141
124.74000,0.62194,0.99617,0.00186,0.00057,0.00140
125.07000,0.62194,0.99623,0.00187,0.00054,0.00136
125.40000,0.62193,0.99683,0.00164,0.00045,0.00108
125.73000,0.62193,0.99590,0.00197,0.00061,0.00151
126.06000,0.62194,0.99633,0.00180,0.00054,0.00133
126.39000,0.62194,0.99649,0.00175,0.00052,0.00125
126.72000,0.62193,0.99666,0.00169,0.00049,0.00116
127.05000,0.62193,0.99612,0.00187,0.00059,0.00142
127.38000,0.62194,0.99634,0.00183,0.00053,0.00130
127.71000,0.62194,0.99639,0.00180,0.00053,0.00128
128.03999,0.62195,0.99560,0.00217,0.00063,0.00160
128.37000,0.62195,0.99890,0.00082,0.00012,0.00015
128.70000,0.62193,0.99717,0.00262,0.00012,0.00010
129.03000,0.62193,0.98931,0.00815,0.00100,0.00154
129.36000,0.62193,0.99669,0.00163,0.00051,0.00117
129.69000,0.62193,0.99630,0.00171,0.00059,0.00140
130.02000,0.62193,0.99651,0.00168,0.00052,0.00129
130.35001,0.62193,0.99659,0.00170,0.00050,0.00121
130.67999,0.62195,0.99579,0.00206,0.00060,0.00155
131.00999,0.62195,0.99695,0.00156,0.00044,0.00104
131.34000,0.62195,0.99668,0.00170,0.00047,0.00115
131.67000,0.62193,0.99553,0.00213,0.00065,0.00169
132.00000,0.62193,0.99674,0.00163,0.00048,0.00115
132.33000,0.62193,0.99648,0.00173,0.00053,0.00126
132.66000,0.62193,0.99746,0.00133,0.00041,0.00080
132.99001,0.62193,0.99689,0.00169,0.00050,0.00092
133.32001,0.62193,0.99523,0.00227,0.00069,0.00181
133.64999,0.62195,0.99628,0.00183,0.00055,0.00134
133.98000,0.62195,0.99590,0.00202,0.00059,0.00149
134.31000,0.62193,0.99591,0.00198,0.00060,0.00150
134.64000,0.62193,0.99582,0.00202,0.00061,0.00155
134.97000,0.62193,0.99700,0.00154,0.00044,0.00102
135.30000,0.62193,0.99688,0.00158,0.00047,0.00108
135.63000,0.62193,0.99583,0.00204,0.00060,0.00153
135.96001,0.62193,0.99698,0.00156,0.00043,0.00103
136.28999,0.62195,0.99640,0.00184,0.00051,0.00125
136.62000,0.62195,0.99611,0.00191,0.00057,0.00141
136.95000,0.62193,0.99657,0.00170,0.00051,0.00122
137.28000,0.62193,0.99574,0.00202,0.00063,0.00161
137.61000,0.62193,0.99636,0.00179,0.00053,0.00132
137.94000,0.62193,0.99609,0.00190,0.00058,0.00142
138.27000,0.62193,0.99628,0.00185,0.00054,0.00133
138.60001,0.62193,0.99600,0.00195,0.00058,0.00147
138.92999,0.62195,0.99583,0.00202,0.00060,0.00154
139.25999,0.62195,0.99581,0.00202,0.00061,0.00155
139.59000,0.62195,0.99624,0.00186,0.00055,0.00136
139.92000,0.62193,0.99702,0.00155,0.00043,0.00100
140.25000,0.62193,0.99604,0.00195,0.00057,0.00143
140.58000,0.62193,0.99671,0.00166,0.00048,0.00115
140.91000,0.62193,0.99664,0.00173,0.00048,0.00115
141.24001,0.62193,0.99622,0.00185,0.00056,0.00137
141.57001,0.62193,0.99680,0.00161,0.00048,0.00111
141.89999,0.62195,0.99600,0.00200,0.00057,0.00143
142.23000,0.62195,0.99626,0.00187,0.00054,0.00133
142.56000,0.62193,0.99701,0.00155,0.00043,0.00101
142.89000,0.62193,0.99711,0.00149,0.00042,0.00098
143.22000,0.62193,0.99663,0.00170,0.00049,0.00118
143.55000,0.62193,0.99617,0.00188,0.00056,0.00139
143.88000,0.62193,0.99595,0.00198,0.00059,0.00149
144.21001,0.62193,0.99617,0.00191,0.00055,0.00137
144.53999,0.62195,0.99646,0.00178,0.00051,0.00125
144.87000,0.62195,0.99699,0.00154,0.00044,0.00103
145.20000,0.62193,0.99546,0.00214,0.00067,0.00173
145.53000,0.62193,0.99669,0.00168,0.00048,0.00115
145.86000,0.62193,0.99640,0.00180,0.00052,0.00127
146.19000,0.62193,0.99581,0.00206,0.00059,0.00153
146.52000,0.62193,0.99694,0.00157,0.00045,0.00105
146.85001,0.62193,0.99681,0.00160,0.00048,0.00111
147.17999,0.62195,0.99605,0.00192,0.00058,0.00145
147.50999,0.62195,0.99658,0.00170,0.00051,0.00121
147.84000,0.62195,0.99724,0.00142,0.00042,0.00092
148.17000,0.62193,0.99812,0.00104,0.00031,0.00053
148.50000,0.62193,0.99552,0.00203,0.00067,0.00178
148.83000,0.62193,0.99699,0.00155,0.00043,0.00103
149.16000,0.62193,0.99581,0.00199,0.00062,0.00158
149.49001,0.62193,0.99577,0.00203,0.00062,0.00158
149.82001,0.62193,0.99644,0.00173,0.00054,0.00129
150.14999,0.62195,0.99668,0.00167,0.00049,0.00116
150.48000,0.62195,0.99625,0.00188,0.00054,0.00133
150.81000,0.62193,0.99694,0.00153,0.00046,0.00107
151.14000,0.62193,0.99643,0.00175,0.00053,0.00129
151.47000,0.62193,0.99635,0.00184,0.00052,0.00129
151.80000,0.62193,0.99682,0.00162,0.00047,0.00110
152.13000,0.62193,0.99595,0.00191,0.00061,0.00152
152.46001,0.62193,0.99653,0.00175,0.00050,0.00122
152.78999,0.62195,0.99621,0.00186,0.00056,0.00137
153.12000,0.62195,0.99637,0.00181,0.00053,0.00129
153.45000,0.62193,0.99652,0.00173,0.00052,0.00123
153.78000,0.62193,0.99629,0.00182,0.00054,0.00135
154.11000,0.62193,0.99679,0.00162,0.00047,0.00112
154.44000,0.62193,0.99664,0.00168,0.00050,0.00118
154.77000,0.62193,0.99592,0.00197,0.00060,0.00151
155.10001,0.62193,0.99622,0.00187,0.00055,0.00136
155.42999,0.62195,0.99630,0.00180,0.00056,0.00135
155.75999,0.62195,0.99674,0.00163,0.00048,0.00115
156.09000,0.62195,0.99619,0.00188,0.00055,0.00138
156.42000,0.62193,0.99682,0.00163,0.00046,0.00109
156.75000,0.62193,0.99639,0.00181,0.00053,0.00128
157.08000,0.62193,0.99646,0.00181,0.00050,0.00124
157.41000,0.62193,0.99675,0.00163,0.00048,0.00114
157.74001,0.62193,0.99633,0.00181,0.00054,0.00132
158.07001,0.62193,0.99727,0.00142,0.00040,0.00092
158.39999,0.62195,0.99653,0.00170,0.00052,0.00125
158.73000,0.62195,0.99657,0.00171,0.00050,0.00122
159.06000,0.62193,0.99627,0.00184,0.00055,0.00134
159.39000,0.62193,0.99683,0.00158,0.00047,0.00111
159.72000,0.62193,0.99658,0.00172,0.00049,0.00120
160.05000,0.62193,0.99625,0.00182,0.00056,0.00137
160.38000,0.62193,0.99634,0.00180,0.00053,0.00132
160.71001,0.62193,0.99646,0.00176,0.00052,0.00126
161.03999,0.62195,0.99671,0.00165,0.00049,0.00116
161.37000,0.62195,0.99582,0.00199,0.00062,0.00156
161.70000,0.62193,0.99686,0.00160,0.00046,0.00108
162.03000,0.62193,0.99675,0.00167,0.00047,0.00111
162.36000,0.62193,0.99675,0.00164,0.00047,0.00113
162.69000,0.62193,0.99685,0.00162,0.00045,0.00108
163.02000,0.62193,0.99688,0.00157,0.00047,0.00109
163.35001,0.62193,0.99655,0.00171,0.00052,0.00122
163.67999,0.62195,0.99675,0.00166,0.00047,0.00112
164.00999,0.62195,0.99615,0.00191,0.00056,0.00139
164.34000,0.62195,0.99624,0.00186,0.00055,0.00135
164.67000,0.62193,0.99604,0.00195,0.00057,0.00144
165.00000,0.62193,0.99652,0.00177,0.00050,0.00121
165.33000,0.62193,0.99698,0.00152,0.00045,0.00104
165.66000,0.62193,0.99650,0.00178,0.00050,0.00122
165.99001,0.62193,0.99626,0.00189,0.00053,0.00131
166.32001,0.62193,0.99553,0.00213,0.00065,0.00168
166.64999,0.62195,0.99555,0.00213,0.00065,0.00167
166.98000,0.62195,0.99688,0.00159,0.00046,0.00107
167.31000,0.62193,0.99698,0.00155,0.00044,0.00102
167.64000,0.62193,0.99657,0.00172,0.00050,0.00121
167.97000,0.62193,0.99611,0.00190,0.00056,0.00143
168.30000,0.62193,0.99612,0.00192,0.00055,0.00141
168.63000,0.62193,0.99621,0.00192,0.00054,0.00133
168.96001,0.62193,0.99695,0.00156,0.00044,0.00105
169.28999,0.62195,0.99645,0.00179,0.00051,0.00125
169.62000,0.62195,0.99650,0.00177,0.00051,0.00122
169.95000,0.62193,0.99681,0.00165,0.00045,0.00108
170.28000,0.62193,0.99618,0.00188,0.00056,0.00138
170.61000,0.62193,0.99661,0.00172,0.00049,0.00118
170.94000,0.62193,0.99685,0.00163,0.00045,0.00107
171.27000,0.62193,0.99727,0.00139,0.00041,0.00093
171.60001,0.62193,0.99683,0.00161,0.00045,0.00110
171.92999,0.62195,0.99603,0.00199,0.00056,0.00142
172.25999,0.62195,0.99607,0.00192,0.00058,0.00144
172.59000,0.62195,0.99657,0.00174,0.00049,0.00121
172.92000,0.62193,0.99652,0.00176,0.00050,0.00122
173.25000,0.62193,0.99650,0.00180,0.00050,0.00121
173.58000,0.62193,0.99588,0.00202,0.00060,0.00151
173.91000,0.62193,0.99558,0.00215,0.00063,0.00163
174.24001,0.62193,0.99663,0.00167,0.00050,0.00120
174.57001,0.62193,0.99649,0.00176,0.00051,0.00124
174.89999,0.62195,0.99628,0.00185,0.00053,0.00133
175.23000,0.62195,0.99581,0.00206,0.00060,0.00153
175.56000,0.62193,0.99759,0.00129,0.00035,0.00077
175.89000,0.62193,0.99638,0.00186,0.00051,0.00126
176.22000,0.62193,0.99652,0.00173,0.00052,0.00123
176.55000,0.62193,0.99679,0.00162,0.00047,0.00111
176.88000,0.62193,0.99698,0.00153,0.00045,0.00103
177.21001,0.62193,0.99670,0.00167,0.00048,0.00115
177.53999,0.62195,0.99685,0.00160,0.00046,0.00109
177.87000,0.62195,0.99673,0.00166,0.00048,0.00114
178.20000,0.62193,0.99553,0.00213,0.00065,0.00169
178.53000,0.62193,0.99657,0.00168,0.00052,0.00123
178.86000,0.62193,0.99633,0.00180,0.00054,0.00133
179.19000,0.62193,0.99558,0.00211,0.00065,0.00166
179.52000,0.62193,0.99691,0.00158,0.00045,0.00106
179.85001,0.62193,0.99661,0.00170,0.00049,0.00119
180.17999,0.62195,0.99702,0.00154,0.00043,0.00101
180.50999,0.62195,0.99560,0.00212,0.00064,0.00164
180.84000,0.62195,0.99642,0.00177,0.00054,0.00128
181.17000,0.62193,0.99623,0.00185,0.00057,0.00136
181.50000,0.62193,0.99620,0.00188,0.00055,0.00137
181.83000,0.62193,0.99574,0.00207,0.00061,0.00157
182.16000,0.62193,0.99635,0.00179,0.00054,0.00132
182.49001,0.62193,0.99665,0.00171,0.00048,0.00116
182.82001,0.62193,0.99704,0.00150,0.00044,0.00101
183.14999,0.62195,0.99624,0.00188,0.00054,0.00134
183.48000,0.62195,0.99573,0.00208,0.00061,0.00158
183.81000,0.62193,0.99633,0.00181,0.00054,0.00132
184.14000,0.62193,0.99683,0.00163,0.00046,0.00108
184.47000,0.62193,0.99627,0.00182,0.00056,0.00135
184.80000,0.62193,0.99636,0.00182,0.00053,0.00129
185.13000,0.62193,0.99612,0.00190,0.00057,0.00141
185.46001,0.62193,0.99613,0.00191,0.00056,0.00140
185.78999,0.62195,0.99681,0.00162,0.00046,0.00110
186.12000,0.62195,0.99641,0.00177,0.00053,0.00129
186.45000,0.62193,0.99642,0.00178,0.00052,0.00128
186.78000,0.62193,0.99681,0.00162,0.00047,0.00110
187.11000,0.62193,0.99620,0.00190,0.00055,0.00136
187.44000,0.62193,0.99582,0.00204,0.00060,0.00154
187.77000,0.62193,0.99648,0.00173,0.00053,0.00126
188.10001,0.62193,0.99619,0.00189,0.00056,0.00137
188.42999,0.62195,0.99631,0.00182,0.00054,0.00132
188.75999,0.62195,0.99678,0.00163,0.00047,0.00112
189.09000,0.62195,0.99626,0.00183,0.00056,0.00135
189.42000,0.62193,0.99548,0.00218,0.00065,0.00169
189.75000,0.62193,0.99690,0.00160,0.00045,0.00105
190.08000,0.62193,0.99797,0.00123,0.00032,0.00048
190.41000,0.62193,0.99446,0.00267,0.00084,0.00203
190.74001,0.62193,0.99579,0.00203,0.00062,0.00156
191.07001,0.62193,0.99615,0.00191,0.00055,0.00138
191.39999,0.62195,0.99653,0.00173,0.00051,0.00123
191.73000,0.62195,0.99622,0.00188,0.00055,0.00136
192.06000,0.62193,0.99613,0.00191,0.00057,0.00140
192.39000,0.62193,0.99687,0.00162,0.00045,0.00107
192.72000,0.62193,0.99655,0.00171,0.00051,0.00123
193.05000,0.62193,0.99643,0.00178,0.00052,0.00128
193.38000,0.62193,0.99584,0.00203,0.00060,0.00153
193.71001,0.62193,0.99640,0.00181,0.00052,0.00126
194.03999,0.62195,0.99627,0.00183,0.00055,0.00135
194.37000,0.62195,0.99585,0.00199,0.00061,0.00154
194.70000,0.62193,0.99710,0.00148,0.00043,0.00099
195.03000,0.62193,0.99644,0.00180,0.00052,0.00124
195.36000,0.62193,0.99641,0.00179,0.00052,0.00127
195.69000,0.62193,0.99666,0.00167,0.00050,0.00117
196.02000,0.62193,0.99653,0.00173,0.00051,0.00123
196.35001,0.62193,0.99622,0.00188,0.00054,0.00136
196.67999,0.62195,0.99668,0.00172,0.00047,0.00113
197.00999,0.62195,0.99598,0.00196,0.00059,0.00147
197.34000,0.62195,0.99635,0.00177,0.00055,0.00133
197.67000,0.62193,0.99613,0.00190,0.00057,0.00140
198.00000,0.62193,0.99532,0.00222,0.00068,0.00178
198.33000,0.62193,0.99623,0.00187,0.00055,0.00136
198.66000,0.62193,0.99576,0.00200,0.00064,0.00160
198.99001,0.62193,0.99606,0.00195,0.00057,0.00142
199.32001,0.62193,0.99625,0.00187,0.00055,0.00133
199.64999,0.62195,0.99644,0.00176,0.00052,0.00127
199.98000,0.62195,0.99608,0.00193,0.00057,0.00142
200.31000,0.62193,0.99608,0.00190,0.00058,0.00144
200.64000,0.62193,0.99552,0.00219,0.00063,0.00166
200.97000,0.62193,0.99683,0.00160,0.00046,0.00110
201.30000,0.62193,0.99695,0.00155,0.00045,0.00105
201.63000,0.62193,0.99607,0.00192,0.00058,0.00143
201.96001,0.62193,0.99672,0.00168,0.00047,0.00112
202.28999,0.62195,0.99540,0.00216,0.00068,0.00176
202.62000,0.62195,0.99697,0.00154,0.00045,0.00104
202.95000,0.62193,0.99592,0.00200,0.00059,0.00150
203.28000,0.62193,0.99678,0.00164,0.00047,0.00111
203.61000,0.62193,0.99631,0.00185,0.00053,0.00131
203.94000,0.62193,0.99566,0.00207,0.00064,0.00163
204.27000,0.62193,0.99648,0.00174,0.00052,0.00126
204.60001,0.62193,0.99668,0.00166,0.00049,0.00117
204.92999,0.62195,0.99636,0.00181,0.00052,0.00130
205.25999,0.62195,0.99661,0.00171,0.00049,0.00119
205.59000,0.62195,0.99651,0.00176,0.00050,0.00123
205.92000,0.62193,0.99635,0.00183,0.00053,0.00129
206.25000,0.62193,0.99649,0.00173,0.00052,0.00126
206.58000,0.62193,0.99657,0.00174,0.00050,0.00120
206.91000,0.62193,0.99659,0.00173,0.00050,0.00118
207.24001,0.62193,0.99594,0.00197,0.00059,0.00149
207.57001,0.62193,0.99694,0.00158,0.00044,0.00105
207.89999,0.62195,0.99690,0.00159,0.00045,0.00106
208.23000,0.62195,0.99715,0.00146,0.00043,0.00097
208.56000,0.62193,0.99666,0.00171,0.00048,0.00116
208.89000,0.62193,0.99580,0.00203,0.00061,0.00156
209.22000,0.62193,0.99642,0.00179,0.00052,0.00127
209.55000,0.62193,0.99636,0.00182,0.00053,0.00129
209.88000,0.62193,0.99637,0.00181,0.00053,0.00129
210.21001,0.62193,0.99647,0.00172,0.00053,0.00128
210.53999,0.62195,0.99648,0.00175,0.00052,0.00126
210.87000,0.62195,0.99660,0.00171,0.00050,0.00119
211.20000,0.62193,0.99658,0.00173,0.00050,0.00120
211.53000,0.62193,0.99665,0.00166,0.00050,0.00119
211.86000,0.62193,0.99617,0.00189,0.00056,0.00139
212.19000,0.62193,0.99699,0.00155,0.00044,0.00103
212.52000,0.62193,0.99685,0.00159,0.00047,0.00109
212.85001,0.62193,0.99607,0.00193,0.00057,0.00143
213.17999,0.62195,0.99586,0.00198,0.00062,0.00154
213.50999,0.62195,0.99669,0.00168,0.00048,0.00115
213.84000,0.62195,0.99651,0.00176,0.00051,0.00122
214.17000,0.62193,0.99619,0.00189,0.00055,0.00137
214.50000,0.62193,0.99682,0.00160,0.00047,0.00111
214.83000,0.62193,0.99650,0.00175,0.00051,0.00124
215.16000,0.62193,0.99659,0.00172,0.00050,0.00120
215.49001,0.62193,0.99651,0.00173,0.00051,0.00124
215.82001,0.62193,0.99670,0.00169,0.00047,0.00113
216.14999,0.62195,0.99636,0.00182,0.00053,0.00130
216.48000,0.62195,0.99637,0.00182,0.00052,0.00128
216.81000,0.62193,0.99698,0.00156,0.00044,0.00102
217.14000,0.62193,0.99586,0.00198,0.00062,0.00154
217.47000,0.62193,0.99628,0.00183,0.00055,0.00135
217.80000,0.62193,0.99653,0.00172,0.00051,0.00124
218.13000,0.62193,0.99648,0.00177,0.00050,0.00124
218.46001,0.62193,0.99612,0.00192,0.00056,0.00140
218.78999,0.62195,0.99634,0.00184,0.00053,0.00130
219.12000,0.62195,0.99581,0.00202,0.00061,0.00156
219.45000,0.62193,0.99653,0.00173,0.00051,0.00123
219.78000,0.62193,0.99680,0.00165,0.00046,0.00110
220.11000,0.62193,0.99697,0.00154,0.00045,0.00104
220.44000,0.62193,0.99668,0.00169,0.00048,0.00115
220.77000,0.62193,0.99676,0.00165,0.00047,0.00112
221.10001,0.62193,0.99583,0.00202,0.00061,0.00154
221.42999,0.62195,0.99725,0.00143,0.00040,0.00091
221.75999,0.62195,0.99611,0.00191,0.00057,0.00141
222.09000,0.62195,0.99661,0.00170,0.00049,0.00119
222.42000,0.62193,0.99689,0.00159,0.00045,0.00107
222.75000,0.62193,0.99626,0.00186,0.00055,0.00133
223.08000,0.62193,0.99648,0.00175,0.00052,0.00125
223.41000,0.62193,0.99649,0.00172,0.00053,0.00126
223.74001,0.62193,0.99628,0.00183,0.00054,0.00135
224.07001,0.62193,0.99631,0.00183,0.00054,0.00132
224.39999,0.62195,0.99653,0.00173,0.00051,0.00123
224.73000,0.62195,0.99654,0.00175,0.00050,0.00121
225.06000,0.62193,0.99632,0.00183,0.00053,0.00131
225.39000,0.62193,0.99635,0.00181,0.00053,0.00131
225.72000,0.62193,0.99596,0.00195,0.00060,0.00149
226.05000,0.62193,0.99606,0.00194,0.00058,0.00143
226.38000,0.62193,0.99590,0.00198,0.00060,0.00151
226.71001,0.62193,0.99696,0.00156,0.00044,0.00104
227.03999,0.62195,0.99629,0.00186,0.00053,0.00132
227.37000,0.62195,0.99718,0.00144,0.00042,0.00096
227.70000,0.62193,0.99587,0.00203,0.00059,0.00151
228.03000,0.62193,0.99670,0.00165,0.00050,0.00115
228.36000,0.62193,0.99666,0.00166,0.00050,0.00118
228.69000,0.62193,0.99685,0.00161,0.00046,0.00108
229.02000,0.62193,0.99635,0.00178,0.00054,0.00132
229.35001,0.62193,0.99618,0.00189,0.00055,0.00138
229.67999,0.62195,0.99664,0.00170,0.00049,0.00117
230.00999,0.62195,0.99621,0.00188,0.00055,0.00136
230.34000,0.62195,0.99614,0.00190,0.00056,0.00140
230.67000,0.62193,0.99668,0.00164,0.00050,0.00118
231.00000,0.62193,0.99618,0.00189,0.00055,0.00137
231.33000,0.62193,0.99643,0.00178,0.00053,0.00127
231.66000,0.62193,0.99634,0.00178,0.00054,0.00134
231.99001,0.62193,0.99658,0.00173,0.00049,0.00121
232.32001,0.62193,0.99638,0.00181,0.00053,0.00129
232.64999,0.62195,0.99626,0.00188,0.00054,0.00133
232.98000,0.62195,0.99576,0.00208,0.00061,0.00155
233.31000,0.62193,0.99671,0.00167,0.00048,0.00114
233.64000,0.62193,0.99583,0.00203,0.00061,0.00153
233.97000,0.62193,0.99661,0.00169,0.00050,0.00120
234.30000,0.62193,0.99571,0.00208,0.00062,0.00159
234.63000,0.62193,0.99702,0.00152,0.00044,0.00101
234.96001,0.62193,0.99604,0.00194,0.00058,0.00144
235.28999,0.62195,0.99665,0.00166,0.00049,0.00119
235.62000,0.62195,0.99724,0.00143,0.00040,0.00093
235.95000,0.62193,0.99684,0.00158,0.00047,0.00111
236.28000,0.62193,0.99638,0.00184,0.00052,0.00126
236.61000,0.62193,0.99602,0.00197,0.00057,0.00143
236.94000,0.62193,0.99696,0.00155,0.00045,0.00104
237.27000,0.62193,0.99622,0.00184,0.00057,0.00138
237.60001,0.62193,0.99624,0.00183,0.00056,0.00136
237.92999,0.62195,0.99678,0.00164,0.00047,0.00111
238.25999,0.62195,0.99611,0.00190,0.00057,0.00142
238.59000,0.62195,0.99646,0.00176,0.00052,0.00126
238.92000,0.62193,0.99575,0.00205,0.00063,0.00157
239.25000,0.62193,0.99623,0.00189,0.00055,0.00134
239.58000,0.62193,0.99574,0.00202,0.00063,0.00161
239.91000,0.62193,0.99683,0.00161,0.00046,0.00110
240.24001,0.62193,0.99644,0.00177,0.00052,0.00127
240.57001,0.62193,0.99639,0.00181,0.00052,0.00128
240.89999,0.62195,0.99660,0.00171,0.00049,0.00119
241.23000,0.62195,0.99659,0.00172,0.00049,0.00119
241.56000,0.62193,0.99566,0.00209,0.00063,0.00161
241.89000,0.62193,0.99587,0.00201,0.00060,0.00152
242.22000,0.62193,0.99656,0.00173,0.00050,0.00121
242.55000,0.62193,0.99589,0.00200,0.00059,0.00151
242.88000,0.62193,0.99694,0.00156,0.00045,0.00106
243.21001,0.62193,0.99590,0.00198,0.00061,0.00151
243.53999,0.62195,0.99700,0.00155,0.00044,0.00102
243.87000,0.62195,0.99680,0.00162,0.00047,0.00111
244.20000,0.62193,0.99610,0.00194,0.00056,0.00140
244.53000,0.62193,0.99642,0.00174,0.00055,0.00130
244.86000,0.62193,0.99702,0.00152,0.00044,0.00101
245.19000,0.62193,0.99735,0.00139,0.00038,0.00087
245.52000,0.62193,0.99642,0.00176,0.00054,0.00128
245.85001,0.62193,0.99635,0.00181,0.00054,0.00130
246.17999,0.62195,0.99637,0.00177,0.00055,0.00131
246.50999,0.62195,0.99661,0.00169,0.00050,0.00120
246.84000,0.62195,0.99634,0.00182,0.00054,0.00130
247.17000,0.62193,0.99632,0.00184,0.00054,0.00130
247.50000,0.62193,0.99543,0.00215,0.00068,0.00173
247.83000,0.62193,0.99644,0.00180,0.00051,0.00125
248.16000,0.62193,0.99575,0.00205,0.00062,0.00158
248.49001,0.62193,0.99639,0.00180,0.00052,0.00129
248.82001,0.62193,0.99659,0.00174,0.00049,0.00118
249.14999,0.62195,0.99651,0.00177,0.00050,0.00122
249.48000,0.62195,0.99627,0.00185,0.00054,0.00134
249.81000,0.62193,0.99725,0.00144,0.00040,0.00090
250.14000,0.62193,0.99638,0.00179,0.00053,0.00129
250.47000,0.62193,0.99627,0.00179,0.00057,0.00137
250.80000,0.62193,0.99586,0.00198,0.00062,0.00155
251.13000,0.62193,0.99621,0.00188,0.00054,0.00136
251.46001,0.62193,0.99627,0.00188,0.00053,0.00132
251.78999,0.62195,0.99648,0.00176,0.00052,0.00124
252.12000,0.62195,0.99703,0.00152,0.00044,0.00101
252.45000,0.62193,0.99686,0.00160,0.00045,0.00108
252.78000,0.62193,0.99674,0.00166,0.00047,0.00113
253.11000,0.62193,0.99593,0.00201,0.00059,0.00148
253.44000,0.62193,0.99614,0.00189,0.00057,0.00140
253.77000,0.62193,0.99633,0.00184,0.00053,0.00130
254.10001,0.62193,0.99612,0.00188,0.00058,0.00142
254.42999,0.62195,0.99615,0.00191,0.00056,0.00138
254.75999,0.62195,0.99628,0.00185,0.00054,0.00132
255.09000,0.62195,0.99710,0.00148,0.00043,0.00098
255.42000,0.62193,0.99600,0.00198,0.00058,0.00144
255.75000,0.62195,0.99607,0.00192,0.00058,0.00144
256.07999,0.62195,0.99660,0.00170,0.00050,0.00119
256.41000,0.62195,0.99695,0.00157,0.00044,0.00104
256.73999,0.62195,0.99679,0.00163,0.00047,0.00112
257.07001,0.62192,0.99628,0.00185,0.00054,0.00133
257.39999,0.62195,0.99655,0.00175,0.00050,0.00120
257.73001,0.62192,0.99613,0.00194,0.00055,0.00138
258.06000,0.62195,0.99658,0.00170,0.00051,0.00121
258.39001,0.62192,0.99648,0.00174,0.00052,0.00125
258.72000,0.62195,0.99622,0.00186,0.00055,0.00136
259.04999,0.62195,0.99661,0.00171,0.00049,0.00119
259.38000,0.62192,0.99596,0.00196,0.00060,0.00148
259.70999,0.62195,0.99644,0.00175,0.00053,0.00128
260.04001,0.62192,0.99578,0.00201,0.00063,0.00158
260.37000,0.62195,0.99593,0.00200,0.00059,0.00149
260.70001,0.62192,0.99681,0.00163,0.00046,0.00110
261.03000,0.62195,0.99639,0.00176,0.00054,0.00132
261.35999,0.62195,0.99653,0.00171,0.00052,0.00125
261.69000,0.62195,0.99652,0.00174,0.00051,0.00123
262.01999,0.62195,0.99598,0.00199,0.00058,0.00145
262.35001,0.62192,0.99641,0.00182,0.00051,0.00125
262.67999,0.62195,0.99667,0.00168,0.00048,0.00117
263.01001,0.62192,0.99739,0.00136,0.00039,0.00087
263.34000,0.62195,0.99635,0.00184,0.00052,0.00129
263.67001,0.62192,0.99553,0.00212,0.00066,0.00168
264.00000,0.62195,0.99684,0.00163,0.00045,0.00108
264.32999,0.62195,0.99699,0.00154,0.00044,0.00103
264.66000,0.62195,0.99660,0.00169,0.00051,0.00121
264.98999,0.62195,0.99617,0.00187,0.00057,0.00139
265.32001,0.62192,0.99658,0.00172,0.00050,0.00119
265.64999,0.62195,0.99607,0.00194,0.00057,0.00143
265.98001,0.62192,0.99629,0.00186,0.00053,0.00132
266.31000,0.62195,0.99641,0.00178,0.00053,0.00128
266.64001,0.62192,0.99685,0.00159,0.00046,0.00109
266.97000,0.62195,0.99584,0.00199,0.00062,0.00155
267.29999,0.62195,0.99652,0.00174,0.00051,0.00122
267.63000,0.62192,0.99577,0.00204,0.00061,0.00158
267.95999,0.62195,0.99587,0.00201,0.00060,0.00152
268.29001,0.62192,0.99621,0.00187,0.00055,0.00137
268.62000,0.62195,0.99612,0.00190,0.00057,0.00141
268.95001,0.62192,0.99681,0.00160,0.00047,0.00113
269.28000,0.62195,0.99588,0.00199,0.00061,0.00153
269.60999,0.62195,0.99661,0.00171,0.00049,0.00119
269.94000,0.62195,0.99660,0.00172,0.00049,0.00119
270.26999,0.62195,0.99715,0.00147,0.00042,0.00096
270.60001,0.62192,0.99645,0.00179,0.00051,0.00125
270.92999,0.62195,0.99662,0.00169,0.00050,0.00120
271.26001,0.62192,0.99614,0.00190,0.00057,0.00140
271.59000,0.62195,0.99665,0.00170,0.00048,0.00116
271.92001,0.62192,0.99603,0.00190,0.00059,0.00148
272.25000,0.62195,0.99671,0.00168,0.00047,0.00114
272.57999,0.62195,0.99673,0.00165,0.00048,0.00114
272.91000,0.62195,0.99671,0.00168,0.00047,0.00114
273.23999,0.62195,0.99644,0.00178,0.00052,0.00126
273.57001,0.62192,0.99604,0.00195,0.00058,0.00144
273.89999,0.62195,0.99691,0.00157,0.00045,0.00106
274.23001,0.62192,0.99597,0.00196,0.00059,0.00148
274.56000,0.62195,0.99686,0.00160,0.00046,0.00108
274.89001,0.62192,0.99594,0.00199,0.00059,0.00148
275.22000,0.62195,0.99593,0.00200,0.00059,0.00148
275.54999,0.62195,0.99657,0.00173,0.00050,0.00120
275.88000,0.62192,0.99665,0.00168,0.00049,0.00118
276.20999,0.62195,0.99634,0.00180,0.00054,0.00132
276.54001,0.62192,0.99696,0.00158,0.00043,0.00103
276.87000,0.62195,0.99685,0.00162,0.00046,0.00107
277.20001,0.62192,0.99690,0.00158,0.00045,0.00107
277.53000,0.62195,0.99697,0.00156,0.00044,0.00103
277.85999,0.62195,0.99617,0.00190,0.00055,0.00138
278.19000,0.62195,0.99618,0.00188,0.00055,0.00139
278.51999,0.62195,0.99678,0.00162,0.00047,0.00113
278.85001,0.62192,0.99609,0.00192,0.00057,0.00142
279.17999,0.62195,0.99624,0.00186,0.00055,0.00135
279.51001,0.62192,0.99642,0.00176,0.00053,0.00129
279.84000,0.62195,0.99635,0.00180,0.00054,0.00132
280.17001,0.62192,0.99700,0.00156,0.00043,0.00101
280.50000,0.62195,0.99676,0.00167,0.00046,0.00111
280.82999,0.62195,0.99602,0.00192,0.00059,0.00147
281.16000,0.62195,0.99630,0.00185,0.00054,0.00131
281.48999,0.62195,0.99629,0.00183,0.00055,0.00133
281.82001,0.62192,0.99568,0.00210,0.00062,0.00161
282.14999,0.62195,0.99677,0.00165,0.00047,0.00111
282.48001,0.62192,0.99639,0.00180,0.00053,0.00128
282.81000,0.62195,0.99595,0.00201,0.00058,0.00146
283.14001,0.62192,0.99724,0.00144,0.00040,0.00092
283.47000,0.62195,0.99657,0.00172,0.00050,0.00121
283.79999,0.62195,0.99650,0.00175,0.00050,0.00124
284.13000,0.62192,0.99649,0.00173,0.00052,0.00126
284.45999,0.62195,0.99653,0.00176,0.00050,0.00122
284.79001,0.62192,0.99684,0.00163,0.00045,0.00108
285.12000,0.62195,0.99628,0.00184,0.00054,0.00134
285.45001,0.62192,0.99600,0.00195,0.00058,0.00146
285.78000,0.62195,0.99636,0.00178,0.00054,0.00131
286.10999,0.62195,0.99637,0.00181,0.00053,0.00129
286.44000,0.62195,0.99645,0.00181,0.00050,0.00124
286.76999,0.62195,0.99700,0.00155,0.00044,0.00101
287.10001,0.62192,0.99612,0.00191,0.00056,0.00140
287.42999,0.62195,0.99633,0.00185,0.00052,0.00129
287.76001,0.62192,0.99605,0.00197,0.00057,0.00142
288.09000,0.62195,0.99666,0.00167,0.00050,0.00118
288.42001,0.62192,0.99657,0.00171,0.00050,0.00122
288.75000,0.62195,0.99618,0.00189,0.00056,0.00138
289.07999,0.62195,0.99668,0.00168,0.00048,0.00116
289.41000,0.62195,0.99635,0.00182,0.00054,0.00130
289.73999,0.62195,0.99587,0.00202,0.00060,0.00151
290.07001,0.62192,0.99652,0.00173,0.00052,0.00123
290.39999,0.62195,0.99586,0.00199,0.00062,0.00154
290.73001,0.62192,0.99508,0.00226,0.00073,0.00193
291.06000,0.62195,0.99616,0.00190,0.00055,0.00140
291.39001,0.62192,0.99686,0.00159,0.00046,0.00109
291.72000,0.62195,0.99643,0.00177,0.00052,0.00127
292.04999,0.62195,0.99594,0.00196,0.00060,0.00150
292.38000,0.62192,0.99561,0.00211,0.00063,0.00166
292.70999,0.62195,0.99673,0.00165,0.00048,0.00114
293.04001,0.62192,0.99670,0.00166,0.00049,0.00116
293.37000,0.62195,0.99641,0.00176,0.00054,0.00129
293.70001,0.62192,0.99664,0.00169,0.00050,0.00118
294.03000,0.62195,0.99646,0.00178,0.00052,0.00124
294.35999,0.62195,0.99639,0.00176,0.00054,0.00131
294.69000,0.62195,0.99722,0.00137,0.00043,0.00098
295.01999,0.62195,0.99708,0.00143,0.00046,0.00103
295.35001,0.62192,0.99709,0.00151,0.00042,0.00098
295.67999,0.62195,0.99695,0.00154,0.00046,0.00105
296.01001,0.62192,0.99636,0.00181,0.00053,0.00130
296.34000,0.62195,0.99670,0.00168,0.00048,0.00114
296.67001,0.62192,0.99602,0.00195,0.00059,0.00145
297.00000,0.62195,0.99646,0.00177,0.00052,0.00125
297.32999,0.62195,0.99632,0.00186,0.00053,0.00129
297.66000,0.62195,0.99658,0.00173,0.00050,0.00120
297.98999,0.62195,0.99626,0.00187,0.00055,0.00133
298.32001,0.62192,0.99651,0.00173,0.00052,0.00124
298.64999,0.62195,0.99747,0.00133,0.00037,0.00083
298.98001,0.62192,0.99614,0.00190,0.00056,0.00139
299.31000,0.62195,0.99625,0.00185,0.00055,0.00136
