Time (seconds), Duration (seconds),pred_(unlabeled),pred_brushing_teeth,pred_hair_drying,pred_showering
0.00000,0.62194,1.00000,0.00000,0.00000,0.00000
0.33000,0.62194,1.00000,0.00000,0.00000,0.00000
0.66000,0.62194,1.00000,0.00000,0.00000,0.00000
0.99000,0.62194,1.00000,0.00000,0.00000,0.00000
1.32000,0.62194,1.00000,0.00000,0.00000,0.00000
1.65000,0.62194,1.00000,0.00000,0.00000,0.00000
1.98000,0.62194,1.00000,0.00000,0.00000,0.00000
2.31000,0.62194,1.00000,0.00000,0.00000,0.00000
2.64000,0.62194,1.00000,0.00000,0.00000,0.00000
2.97000,0.62194,1.00000,0.00000,0.00000,0.00000
3.30000,0.62194,1.00000,0.00000,0.00000,0.00000
3.63000,0.62194,1.00000,0.00000,0.00000,0.00000
3.96000,0.62194,0.99994,0.00001,0.00005,0.00001
4.29000,0.62194,0.99983,0.00004,0.00010,0.00003
4.62000,0.62194,0.99997,0.00000,0.00001,0.00001
4.95000,0.62194,0.99987,0.00000,0.00001,0.00012
5.28000,0.62194,0.99997,0.00000,0.00000,0.00002
5.61000,0.62194,0.99999,0.00000,0.00000,0.00001
5.94000,0.62194,1.00000,0.00000,0.00000,0.00000
6.27000,0.62194,1.00000,0.00000,0.00000,0.00000
6.60000,0.62194,1.00000,0.00000,0.00000,0.00000
6.93000,0.62194,0.99999,0.00000,0.00000,0.00001
7.26000,0.62194,0.99999,0.00000,0.00000,0.00001
7.59000,0.62194,1.00000,0.00000,0.00000,0.00000
7.92000,0.62194,1.00000,0.00000,0.00000,0.00000
8.25000,0.62194,1.00000,0.00000,0.00000,0.00000
8.58000,0.62194,1.00000,0.00000,0.00000,0.00000
8.91000,0.62194,1.00000,0.00000,0.00000,0.00000
9.24000,0.62194,1.00000,0.00000,0.00000,0.00000
9.57000,0.62194,0.99995,0.00001,0.00004,0.00001
9.90000,0.62194,1.00000,0.00000,0.00000,0.00000
10.23000,0.62194,1.00000,0.00000,0.00000,0.00000
10.56000,0.62194,1.00000,0.00000,0.00000,0.00000
10.89000,0.62194,1.00000,0.00000,0.00000,0.00000
11.22000,0.62194,1.00000,0.00000,0.00000,0.00000
11.55000,0.62194,1.00000,0.00000,0.00000,0.00000
11.88000,0.62194,1.00000,0.00000,0.00000,0.00000
12.21000,0.62194,1.00000,0.00000,0.00000,0.00000
12.54000,0.62194,1.00000,0.00000,0.00000,0.00000
12.87000,0.62194,1.00000,0.00000,0.00000,0.00000
13.20000,0.62194,1.00000,0.00000,0.00000,0.00000
13.53000,0.62194,1.00000,0.00000,0.00000,0.00000
13.86000,0.62194,0.99998,0.00000,0.00000,0.00001
14.19000,0.62194,0.99997,0.00000,0.00000,0.00002
14.52000,0.62194,0.99936,0.00007,0.00019,0.00038
14.85000,0.62194,0.99940,0.00001,0.00010,0.00050
15.18000,0.62194,0.99882,0.00003,0.00003,0.00111
15.51000,0.62194,0.99936,0.00002,0.00001,0.00061
15.84000,0.62194,0.99958,0.00002,0.00001,0.00039
16.17000,0.62194,0.99837,0.00001,0.00009,0.00153
16.50000,0.62194,0.99999,0.00000,0.00000,0.00001
16.83000,0.62194,1.00000,0.00000,0.00000,0.00000
17.16000,0.62194,0.99996,0.00000,0.00004,0.00000
17.49000,0.62194,0.99993,0.00000,0.00007,0.00000
17.82000,0.62194,1.00000,0.00000,0.00000,0.00000
18.15000,0.62194,1.00000,0.00000,0.00000,0.00000
18.48000,0.62194,1.00000,0.00000,0.00000,0.00000
18.81000,0.62194,1.00000,0.00000,0.00000,0.00000
19.14000,0.62194,0.97145,0.00223,0.00356,0.02277
19.47000,0.62194,0.09268,0.01466,0.00253,0.89013
19.80000,0.62194,0.32790,0.00190,0.00083,0.66936
20.13000,0.62194,0.67571,0.00142,0.00075,0.32212
20.46000,0.62194,0.71305,0.00185,0.00086,0.28424
20.79000,0.62194,0.62430,0.00297,0.00084,0.37189
21.12000,0.62194,0.65505,0.00106,0.00048,0.34340
21.45000,0.62194,0.75444,0.00063,0.00033,0.24461
21.78000,0.62194,0.22885,0.00149,0.00114,0.76851
22.11000,0.62194,0.13131,0.00038,0.00050,0.86780
22.44000,0.62194,0.10779,0.00046,0.00051,0.89125
22.77000,0.62194,0.31518,0.00092,0.00037,0.68353
23.10000,0.62194,0.42287,0.00280,0.00085,0.57348
23.43000,0.62194,0.58586,0.00199,0.00068,0.41147
23.76000,0.62194,0.45428,0.00160,0.00086,0.54326
24.09000,0.62194,0.46146,0.00202,0.00096,0.53555
24.42000,0.62194,0.61377,0.00084,0.00039,0.38501
24.75000,0.62194,0.47419,0.00125,0.00051,0.52404
25.08000,0.62194,0.65704,0.00164,0.00053,0.34079
25.41000,0.62194,0.64403,0.00130,0.00046,0.35421
25.74000,0.62194,0.62964,0.00122,0.00047,0.36867
26.07000,0.62194,0.64976,0.00117,0.00054,0.34853
26.40000,0.62194,0.65432,0.00105,0.00065,0.34399
26.73000,0.62194,0.76681,0.00073,0.00031,0.23215
27.06000,0.62194,0.74941,0.00104,0.00041,0.24914
27.39000,0.62194,0.69317,0.00126,0.00056,0.30501
27.72000,0.62194,0.55823,0.00190,0.00066,0.43921
28.05000,0.62194,0.43845,0.00200,0.00061,0.55895
28.38000,0.62194,0.43010,0.00214,0.00057,0.56719
28.71000,0.62194,0.26293,0.00378,0.00077,0.73253
29.04000,0.62194,0.32577,0.00282,0.00064,0.67078
29.37000,0.62194,0.38111,0.00166,0.00062,0.61660
29.70000,0.62194,0.38271,0.00189,0.00052,0.61488
30.03000,0.62194,0.39858,0.00188,0.00041,0.59912
30.36000,0.62194,0.34793,0.00293,0.00050,0.64864
30.69000,0.62194,0.35495,0.00218,0.00043,0.64244
31.02000,0.62194,0.42341,0.00143,0.00033,0.57483
31.35000,0.62194,0.36690,0.00196,0.00041,0.63073
31.68000,0.62194,0.54314,0.00131,0.00038,0.45517
32.01000,0.62194,0.57756,0.00073,0.00026,0.42146
32.34000,0.62194,0.45785,0.00210,0.00049,0.53956
32.67000,0.62194,0.51208,0.00352,0.00073,0.48367
33.00000,0.62194,0.47599,0.00279,0.00059,0.52063
33.33000,0.62194,0.39973,0.00166,0.00037,0.59823
33.66000,0.62194,0.45374,0.00138,0.00031,0.54456
33.99000,0.62194,0.44001,0.00134,0.00040,0.55825
34.32000,0.62194,0.47112,0.00155,0.00050,0.52684
34.65000,0.62194,0.56020,0.00133,0.00037,0.43809
34.98000,0.62194,0.39986,0.00214,0.00045,0.59755
35.31000,0.62194,0.53862,0.00106,0.00029,0.46004
35.64000,0.62194,0.50084,0.00193,0.00059,0.49663
35.97000,0.62194,0.56321,0.00281,0.00056,0.43341
36.30000,0.62194,0.56691,0.00165,0.00045,0.43100
36.63000,0.62194,0.39052,0.00157,0.00057,0.60734
36.96000,0.62194,0.35236,0.00231,0.00066,0.64466
37.29000,0.62194,0.45868,0.00200,0.00056,0.53877
37.62000,0.62194,0.56163,0.00208,0.00051,0.43578
37.95000,0.62194,0.50820,0.00218,0.00054,0.48909
38.28000,0.62194,0.52521,0.00258,0.00067,0.47154
38.61000,0.62194,0.71461,0.00144,0.00034,0.28360
38.94000,0.62194,0.55625,0.00119,0.00038,0.44218
39.27000,0.62194,0.46185,0.00172,0.00060,0.53584
39.60000,0.62194,0.42715,0.00259,0.00077,0.56949
39.93000,0.62194,0.41802,0.00206,0.00050,0.57942
40.26000,0.62194,0.54356,0.00150,0.00038,0.45456
40.59000,0.62194,0.51274,0.00155,0.00047,0.48523
40.92000,0.62194,0.15877,0.00142,0.00066,0.83914
41.25000,0.62194,0.06711,0.00102,0.00053,0.93135
41.58000,0.62194,0.07255,0.00074,0.00044,0.92627
41.91000,0.62194,0.08686,0.00074,0.00062,0.91178
42.24000,0.62194,0.06426,0.00069,0.00058,0.93447
42.57000,0.62194,0.06650,0.00097,0.00059,0.93194
42.90000,0.62194,0.05183,0.00154,0.00085,0.94578
43.23000,0.62194,0.05491,0.00116,0.00059,0.94334
43.56000,0.62194,0.05004,0.00156,0.00053,0.94787
43.89000,0.62194,0.07528,0.00188,0.00132,0.92152
44.22000,0.62194,0.08332,0.00248,0.00207,0.91213
44.55000,0.62194,0.04472,0.00321,0.00126,0.95081
44.88000,0.62194,0.04596,0.00309,0.00108,0.94987
45.21000,0.62194,0.06581,0.00141,0.00055,0.93223
45.54000,0.62194,0.05372,0.00092,0.00071,0.94465
45.87000,0.62194,0.07242,0.00093,0.00049,0.92617
46.20000,0.62194,0.05139,0.00098,0.00058,0.94705
46.53000,0.62194,0.06489,0.00134,0.00074,0.93303
46.86000,0.62194,0.06705,0.00128,0.00053,0.93114
47.19000,0.62194,0.06599,0.00120,0.00043,0.93239
47.52000,0.62194,0.05880,0.00122,0.00056,0.93941
47.85000,0.62194,0.06171,0.00092,0.00070,0.93666
48.18000,0.62194,0.07178,0.00121,0.00105,0.92596
48.51000,0.62194,0.05580,0.00168,0.00138,0.94115
48.84000,0.62194,0.06476,0.00176,0.00102,0.93246
49.17000,0.62194,0.07742,0.00204,0.00107,0.91947
49.50000,0.62194,0.07614,0.00209,0.00099,0.92078
49.83000,0.62194,0.10154,0.00165,0.00094,0.89588
50.16000,0.62194,0.08259,0.00103,0.00074,0.91564
50.49000,0.62194,0.08199,0.00138,0.00083,0.91581
50.82000,0.62194,0.05627,0.00132,0.00056,0.94185
51.15000,0.62194,0.08236,0.00134,0.00031,0.91599
51.48000,0.62194,0.28803,0.00107,0.00022,0.71068
51.81000,0.62194,0.50604,0.00081,0.00019,0.49297
52.14000,0.62194,0.54387,0.00093,0.00022,0.45498
52.47000,0.62194,0.45067,0.00125,0.00028,0.54779
52.80000,0.62194,0.60730,0.00073,0.00018,0.39179
53.13000,0.62194,0.63431,0.00054,0.00019,0.36495
53.46000,0.62194,0.55369,0.00068,0.00019,0.44544
53.79000,0.62194,0.27272,0.00115,0.00027,0.72587
54.12000,0.62194,0.54855,0.00096,0.00025,0.45025
54.45000,0.62194,0.24544,0.00193,0.00040,0.75223
54.78000,0.62194,0.36887,0.00113,0.00022,0.62978
55.11000,0.62194,0.49540,0.00121,0.00025,0.50314
55.44000,0.62194,0.42349,0.00155,0.00030,0.57466
55.77000,0.62194,0.54591,0.00097,0.00022,0.45290
56.10000,0.62194,0.40987,0.00173,0.00031,0.58809
56.43000,0.62194,0.25068,0.00186,0.00030,0.74716
56.76000,0.62194,0.38165,0.00118,0.00024,0.61693
57.09000,0.62194,0.25897,0.00198,0.00041,0.73864
57.42000,0.62194,0.42847,0.00141,0.00033,0.56979
57.75000,0.62194,0.65351,0.00087,0.00024,0.34538
58.08000,0.62194,0.44343,0.00148,0.00052,0.55456
58.41000,0.62194,0.25601,0.00325,0.00050,0.74024
58.74000,0.62194,0.45470,0.01741,0.00073,0.52716
59.07000,0.62194,0.26585,0.01449,0.00066,0.71901
59.40000,0.62194,0.28407,0.00870,0.00058,0.70665
59.73000,0.62194,0.21778,0.00373,0.00046,0.77803
60.06000,0.62194,0.15887,0.00297,0.00042,0.83775
60.39000,0.62194,0.12836,0.00287,0.00068,0.86810
60.72000,0.62194,0.36235,0.00160,0.00035,0.63570
61.05000,0.62194,0.23965,0.00201,0.00035,0.75798
61.38000,0.62194,0.23217,0.00395,0.00041,0.76348
61.71000,0.62194,0.24875,0.00391,0.00035,0.74699
62.04000,0.62194,0.45986,0.00137,0.00024,0.53853
62.37000,0.62194,0.37672,0.00140,0.00032,0.62156
62.70000,0.62194,0.28656,0.00194,0.00037,0.71113
63.03000,0.62194,0.59815,0.00171,0.00027,0.39988
63.36000,0.62194,0.51146,0.00111,0.00034,0.48709
63.69000,0.62194,0.61582,0.00069,0.00025,0.38324
64.02000,0.62194,0.56681,0.00067,0.00065,0.43187
64.35000,0.62194,0.36518,0.00085,0.00693,0.62704
64.68000,0.62194,0.21026,0.00096,0.00129,0.78749
65.01000,0.62193,0.10344,0.00085,0.00019,0.89553
65.34000,0.62194,0.26421,0.00152,0.00024,0.73403
65.67000,0.62194,0.21574,0.00110,0.00024,0.78292
66.00000,0.62194,0.09078,0.00219,0.00031,0.90672
66.33000,0.62193,0.13048,0.00067,0.00018,0.86867
66.66000,0.62193,0.08267,0.00152,0.00024,0.91556
66.99000,0.62194,0.06484,0.00192,0.00024,0.93300
67.32000,0.62194,0.06052,0.00162,0.00024,0.93762
67.65000,0.62193,0.09247,0.00237,0.00025,0.90491
67.98000,0.62193,0.12017,0.00174,0.00026,0.87783
68.31000,0.62194,0.10050,0.00104,0.00020,0.89826
68.64000,0.62194,0.07415,0.00170,0.00023,0.92391
68.97000,0.62193,0.10238,0.00136,0.00022,0.89604
69.30000,0.62193,0.09680,0.00227,0.00025,0.90068
69.63000,0.62194,0.05026,0.00200,0.00025,0.94749
69.96000,0.62194,0.05217,0.00173,0.00022,0.94588
70.29000,0.62193,0.09478,0.00458,0.00034,0.90029
70.62000,0.62193,0.17513,0.00351,0.00037,0.82099
70.95000,0.62194,0.10837,0.00158,0.00038,0.88967
71.28000,0.62194,0.08924,0.00062,0.00027,0.90987
71.61000,0.62194,0.07882,0.00049,0.00030,0.92039
71.94000,0.62193,0.08116,0.00125,0.00045,0.91713
72.27000,0.62194,0.21392,0.00060,0.00031,0.78517
72.60000,0.62194,0.25985,0.00049,0.00034,0.73932
72.93000,0.62194,0.23973,0.00058,0.00038,0.75931
73.26000,0.62193,0.11844,0.00099,0.00042,0.88015
73.59000,0.62194,0.21848,0.00168,0.00029,0.77955
73.92000,0.62194,0.22477,0.00257,0.00043,0.77224
74.25000,0.62194,0.11118,0.00239,0.00039,0.88603
74.58000,0.62193,0.16476,0.00262,0.00031,0.83231
74.91000,0.62193,0.06797,0.00152,0.00026,0.93026
75.24000,0.62194,0.17370,0.00141,0.00027,0.82462
75.57000,0.62194,0.14957,0.00313,0.00046,0.84685
75.90000,0.62193,0.06360,0.00428,0.00040,0.93173
76.23000,0.62193,0.10370,0.00444,0.00038,0.89148
76.56000,0.62194,0.05523,0.00583,0.00046,0.93848
76.89000,0.62194,0.06834,0.00246,0.00028,0.92892
77.22000,0.62193,0.06399,0.00430,0.00043,0.93128
77.55000,0.62193,0.05357,0.00686,0.00056,0.93901
77.88000,0.62194,0.05516,0.00566,0.00051,0.93867
78.21000,0.62194,0.06531,0.00068,0.00031,0.93371
78.54000,0.62193,0.04754,0.00112,0.00027,0.95107
78.87000,0.62193,0.09775,0.00079,0.00020,0.90127
79.20000,0.62194,0.15946,0.00053,0.00021,0.83980
79.53000,0.62194,0.20173,0.00056,0.00023,0.79748
79.86000,0.62194,0.08072,0.00102,0.00036,0.91789
80.19000,0.62193,0.16436,0.00038,0.00019,0.83507
80.52000,0.62194,0.12739,0.00028,0.00018,0.87215
80.85000,0.62194,0.07320,0.00092,0.00029,0.92559
81.18000,0.62194,0.09553,0.00094,0.00024,0.90329
81.51000,0.62193,0.06890,0.00133,0.00025,0.92952
81.84000,0.62194,0.07543,0.00284,0.00032,0.92142
82.17000,0.62194,0.05135,0.00380,0.00037,0.94448
82.50000,0.62194,0.04800,0.00416,0.00034,0.94750
82.83000,0.62193,0.04163,0.00111,0.00026,0.95699
83.16000,0.62193,0.05420,0.00106,0.00023,0.94452
83.49000,0.62194,0.04150,0.00124,0.00022,0.95704
83.82000,0.62194,0.05278,0.00163,0.00019,0.94540
84.15000,0.62193,0.09762,0.00321,0.00026,0.89891
84.48000,0.62193,0.05367,0.00735,0.00044,0.93854
84.81000,0.62194,0.03477,0.00540,0.00041,0.95942
85.14000,0.62194,0.04299,0.00256,0.00024,0.95422
85.47000,0.62193,0.07550,0.00707,0.00031,0.91713
85.80000,0.62193,0.08507,0.00498,0.00030,0.90966
86.13000,0.62194,0.04751,0.00635,0.00037,0.94577
86.46000,0.62194,0.10364,0.00138,0.00020,0.89478
86.79000,0.62193,0.06522,0.00173,0.00026,0.93280
87.12000,0.62193,0.07384,0.00100,0.00028,0.92488
87.45000,0.62194,0.07747,0.00110,0.00036,0.92107
87.78000,0.62194,0.12424,0.00094,0.00028,0.87453
88.11000,0.62194,0.14803,0.00202,0.00031,0.84964
88.44000,0.62193,0.08960,0.00150,0.00032,0.90858
88.77000,0.62194,0.08032,0.00081,0.00027,0.91860
89.10000,0.62194,0.05629,0.00105,0.00023,0.94242
89.43000,0.62194,0.05051,0.00120,0.00021,0.94808
89.76000,0.62193,0.04577,0.00122,0.00022,0.95280
90.09000,0.62194,0.06868,0.00041,0.00016,0.93075
90.42000,0.62194,0.15656,0.00036,0.00016,0.84292
90.75000,0.62194,0.07617,0.00057,0.00038,0.92288
91.08000,0.62193,0.05756,0.00261,0.00029,0.93954
91.41000,0.62193,0.06714,0.00271,0.00027,0.92988
91.74000,0.62194,0.06921,0.00121,0.00020,0.92938
92.07000,0.62194,0.09964,0.00072,0.00019,0.89945
92.40000,0.62193,0.06660,0.00124,0.00026,0.93189
92.73000,0.62193,0.06220,0.00172,0.00024,0.93583
93.06000,0.62194,0.16707,0.00172,0.00023,0.83098
93.39000,0.62194,0.09939,0.00078,0.00021,0.89962
93.72000,0.62193,0.10402,0.00071,0.00020,0.89508
94.05000,0.62193,0.07875,0.00096,0.00027,0.92001
94.38000,0.62194,0.10990,0.00154,0.00037,0.88819
94.71000,0.62194,0.07103,0.00216,0.00055,0.92625
95.04000,0.62193,0.05637,0.00377,0.00052,0.93934
95.37000,0.62193,0.07670,0.00111,0.00028,0.92191
95.70000,0.62194,0.13240,0.00080,0.00023,0.86657
96.03000,0.62194,0.17420,0.00137,0.00027,0.82416
96.36000,0.62194,0.14210,0.00222,0.00033,0.85535
96.69000,0.62193,0.08695,0.00148,0.00030,0.91127
97.02000,0.62194,0.08772,0.00178,0.00032,0.91018
97.35000,0.62194,0.15587,0.00151,0.00028,0.84234
97.68000,0.62194,0.09535,0.00136,0.00030,0.90299
98.01000,0.62193,0.09253,0.00110,0.00030,0.90606
98.34000,0.62194,0.07462,0.00067,0.00028,0.92442
98.67000,0.62194,0.11088,0.00086,0.00023,0.88804
99.00000,0.62194,0.10939,0.00184,0.00026,0.88850
99.33000,0.62193,0.05512,0.00313,0.00039,0.94135
99.66000,0.62193,0.08858,0.00101,0.00027,0.91014
99.99000,0.62194,0.11075,0.00050,0.00020,0.88854
100.32000,0.62194,0.07854,0.00068,0.00022,0.92056
100.65000,0.62193,0.09869,0.00097,0.00022,0.90011
100.98000,0.62193,0.10472,0.00119,0.00021,0.89388
101.31000,0.62194,0.11172,0.00169,0.00025,0.88634
101.64000,0.62194,0.11004,0.00172,0.00034,0.88790
101.97000,0.62193,0.08091,0.00112,0.00033,0.91764
102.30000,0.62193,0.11426,0.00060,0.00018,0.88496
102.63000,0.62194,0.10139,0.00100,0.00022,0.89740
102.96000,0.62194,0.12444,0.00056,0.00025,0.87475
103.29000,0.62193,0.08122,0.00138,0.00039,0.91701
103.62000,0.62193,0.15811,0.00174,0.00029,0.83986
103.95000,0.62194,0.14181,0.00071,0.00027,0.85721
104.28000,0.62194,0.19731,0.00095,0.00027,0.80146
104.61000,0.62194,0.19386,0.00081,0.00036,0.80497
104.94000,0.62193,0.28702,0.00113,0.00032,0.71153
105.27000,0.62194,0.14825,0.00129,0.00034,0.85012
105.60000,0.62194,0.12576,0.00120,0.00029,0.87274
105.93000,0.62194,0.13809,0.00065,0.00023,0.86103
106.26000,0.62193,0.08839,0.00099,0.00028,0.91034
106.59000,0.62194,0.13759,0.00061,0.00020,0.86159
106.92000,0.62194,0.11821,0.00094,0.00037,0.88048
107.25000,0.62194,0.39081,0.00062,0.00036,0.60821
107.58000,0.62193,0.38953,0.00070,0.00027,0.60950
107.91000,0.62193,0.28704,0.00079,0.00028,0.71189
108.24000,0.62194,0.10386,0.00122,0.00036,0.89455
108.57000,0.62194,0.09786,0.00107,0.00030,0.90078
108.90000,0.62193,0.11289,0.00099,0.00025,0.88588
109.23000,0.62193,0.11809,0.00077,0.00024,0.88090
109.56000,0.62194,0.13185,0.00056,0.00025,0.86733
109.89000,0.62194,0.14740,0.00061,0.00027,0.85172
110.22000,0.62193,0.09878,0.00088,0.00033,0.90000
110.55000,0.62193,0.05356,0.00038,0.00025,0.94581
110.88000,0.62194,0.07458,0.00064,0.00018,0.92460
111.21000,0.62194,0.17656,0.00074,0.00018,0.82252
111.54000,0.62193,0.20016,0.00058,0.00019,0.79907
111.87000,0.62193,0.21989,0.00107,0.00021,0.77884
112.20000,0.62194,0.11706,0.00140,0.00037,0.88117
112.53000,0.62194,0.25055,0.00049,0.00035,0.74861
112.86000,0.62194,0.13670,0.00087,0.00061,0.86182
113.19000,0.62193,0.10549,0.00033,0.00041,0.89378
113.52000,0.62194,0.11619,0.00028,0.00205,0.88148
113.85000,0.62194,0.16279,0.00013,0.00190,0.83518
114.18000,0.62194,0.08384,0.00047,0.00025,0.91544
114.51000,0.62193,0.13195,0.00053,0.00021,0.86731
114.84000,0.62194,0.26488,0.00032,0.00020,0.73459
115.17000,0.62194,0.31271,0.00080,0.00532,0.68117
115.50000,0.62194,0.78507,0.00008,0.05900,0.15585
115.83000,0.62193,0.22475,0.00074,0.00127,0.77324
116.16000,0.62193,0.10238,0.00095,0.00025,0.89643
116.49000,0.62194,0.09888,0.00090,0.00020,0.90002
116.82000,0.62194,0.12976,0.00137,0.00024,0.86863
117.15000,0.62193,0.26968,0.00088,0.00276,0.72668
117.48000,0.62193,0.66928,0.00007,0.08042,0.25023
117.81000,0.62194,0.29675,0.00057,0.00918,0.69350
118.14000,0.62194,0.46554,0.00011,0.01640,0.51795
118.47000,0.62193,0.41618,0.00003,0.00866,0.57513
118.80000,0.62193,0.18853,0.00048,0.00077,0.81022
119.13000,0.62194,0.13266,0.00150,0.00024,0.86561
119.46000,0.62194,0.12937,0.00122,0.00026,0.86915
119.79000,0.62193,0.15652,0.00079,0.00024,0.84246
120.12000,0.62193,0.20045,0.00058,0.00020,0.79878
120.45000,0.62194,0.24616,0.00072,0.00025,0.75287
120.78000,0.62194,0.09583,0.00086,0.00040,0.90291
121.11000,0.62194,0.14108,0.00067,0.00026,0.85799
121.44000,0.62193,0.08981,0.00116,0.00023,0.90880
121.77000,0.62194,0.09522,0.00160,0.00026,0.90292
122.10000,0.62194,0.07690,0.00221,0.00030,0.92059
122.43000,0.62194,0.07901,0.00224,0.00025,0.91850
122.76000,0.62193,0.10761,0.00204,0.00024,0.89010
123.09000,0.62194,0.07705,0.00189,0.00032,0.92074
123.42000,0.62194,0.05845,0.00281,0.00033,0.93841
123.75000,0.62194,0.10189,0.00256,0.00026,0.89529
124.08000,0.62193,0.06461,0.00080,0.00023,0.93436
124.41000,0.62193,0.09949,0.00163,0.00024,0.89864
124.74000,0.62194,0.05336,0.00141,0.00026,0.94497
125.07000,0.62194,0.07084,0.00123,0.00022,0.92770
125.40000,0.62193,0.11344,0.00060,0.00018,0.88578
125.73000,0.62193,0.10019,0.00066,0.00019,0.89896
126.06000,0.62194,0.10471,0.00061,0.00018,0.89450
126.39000,0.62194,0.06278,0.00132,0.00024,0.93566
126.72000,0.62193,0.05094,0.00319,0.00046,0.94541
127.05000,0.62193,0.04829,0.00182,0.00036,0.94953
127.38000,0.62194,0.15949,0.00076,0.00023,0.83952
127.71000,0.62194,0.10060,0.00127,0.00023,0.89790
128.03999,0.62195,0.08709,0.00112,0.00023,0.91156
128.37000,0.62195,0.15077,0.00115,0.00023,0.84785
128.70000,0.62193,0.17202,0.00106,0.00025,0.82667
129.03000,0.62193,0.09303,0.00076,0.00024,0.90597
129.36000,0.62193,0.15165,0.00076,0.00020,0.84740
129.69000,0.62193,0.16874,0.00083,0.00020,0.83022
130.02000,0.62193,0.17215,0.00072,0.00019,0.82694
130.35001,0.62193,0.10074,0.00066,0.00021,0.89839
130.67999,0.62195,0.15110,0.00080,0.00020,0.84791
131.00999,0.62195,0.08257,0.00080,0.00020,0.91643
131.34000,0.62195,0.10695,0.00087,0.00020,0.89198
131.67000,0.62193,0.18083,0.00059,0.00019,0.81839
132.00000,0.62193,0.15874,0.00048,0.00018,0.84059
132.33000,0.62193,0.15702,0.00077,0.00028,0.84194
132.66000,0.62193,0.17342,0.00101,0.00033,0.82525
132.99001,0.62193,0.19351,0.00105,0.00024,0.80520
133.32001,0.62193,0.25967,0.00042,0.00017,0.73974
133.64999,0.62195,0.10840,0.00079,0.00025,0.89056
133.98000,0.62195,0.06151,0.00307,0.00151,0.93391
134.31000,0.62193,0.15869,0.00205,0.00100,0.83826
134.64000,0.62193,0.07755,0.00123,0.00027,0.92095
134.97000,0.62193,0.06587,0.00177,0.00025,0.93211
135.30000,0.62193,0.04817,0.00139,0.00032,0.95012
135.63000,0.62193,0.04950,0.00123,0.00043,0.94884
135.96001,0.62193,0.04521,0.00136,0.00025,0.95318
136.28999,0.62195,0.04544,0.00158,0.00057,0.95240
136.62000,0.62195,0.03952,0.00157,0.00081,0.95810
136.95000,0.62193,0.05481,0.00089,0.00019,0.94411
137.28000,0.62193,0.11723,0.00073,0.00017,0.88187
137.61000,0.62193,0.06436,0.00058,0.00027,0.93479
137.94000,0.62193,0.06491,0.00049,0.00021,0.93439
138.27000,0.62193,0.08351,0.00177,0.00026,0.91445
138.60001,0.62193,0.18240,0.00186,0.00027,0.81547
138.92999,0.62195,0.18508,0.00113,0.00026,0.81353
139.25999,0.62195,0.17952,0.00067,0.00023,0.81958
139.59000,0.62195,0.21345,0.00060,0.00029,0.78565
139.92000,0.62193,0.08466,0.00069,0.00032,0.91432
140.25000,0.62193,0.28250,0.00064,0.00028,0.71658
140.58000,0.62193,0.12667,0.00087,0.00035,0.87211
140.91000,0.62193,0.12016,0.00080,0.00023,0.87881
141.24001,0.62193,0.09681,0.00086,0.00021,0.90213
141.57001,0.62193,0.14572,0.00067,0.00019,0.85341
141.89999,0.62195,0.52273,0.00041,0.00014,0.47672
142.23000,0.62195,0.20981,0.00032,0.00021,0.78966
142.56000,0.62193,0.09381,0.00031,0.00020,0.90568
142.89000,0.62193,0.16173,0.00043,0.00019,0.83765
143.22000,0.62193,0.17802,0.00047,0.00020,0.82131
143.55000,0.62193,0.15606,0.00087,0.00053,0.84254
143.88000,0.62193,0.11519,0.00132,0.00033,0.88316
144.21001,0.62193,0.18078,0.00066,0.00019,0.81836
144.53999,0.62195,0.13972,0.00077,0.00023,0.85927
144.87000,0.62195,0.14343,0.00039,0.00017,0.85601
145.20000,0.62193,0.14458,0.00048,0.00018,0.85475
145.53000,0.62193,0.10355,0.00180,0.00040,0.89425
145.86000,0.62193,0.22800,0.00101,0.00112,0.76987
146.19000,0.62193,0.11925,0.00067,0.00022,0.87986
146.52000,0.62193,0.14208,0.00053,0.00020,0.85719
146.85001,0.62193,0.26882,0.00044,0.00024,0.73050
147.17999,0.62195,0.47326,0.00016,0.00294,0.52364
147.50999,0.62195,0.64751,0.00003,0.00137,0.35110
147.84000,0.62195,0.12944,0.00039,0.00019,0.86998
148.17000,0.62193,0.08447,0.00041,0.00018,0.91494
148.50000,0.62193,0.13753,0.00037,0.00019,0.86191
148.83000,0.62193,0.06701,0.00068,0.00031,0.93200
149.16000,0.62193,0.05628,0.00065,0.00028,0.94279
149.49001,0.62193,0.08672,0.00032,0.00019,0.91277
149.82001,0.62193,0.08815,0.00027,0.00027,0.91132
150.14999,0.62195,0.09335,0.00032,0.00021,0.90612
150.48000,0.62195,0.13140,0.00040,0.00022,0.86798
150.81000,0.62193,0.08942,0.00068,0.00027,0.90963
151.14000,0.62193,0.13168,0.00072,0.00024,0.86736
151.47000,0.62193,0.18907,0.00071,0.00020,0.81002
151.80000,0.62193,0.17004,0.00107,0.00025,0.82864
152.13000,0.62193,0.07105,0.00113,0.00029,0.92753
152.46001,0.62193,0.06250,0.00138,0.00025,0.93586
152.78999,0.62195,0.06988,0.00085,0.00019,0.92908
153.12000,0.62195,0.06930,0.00076,0.00022,0.92972
153.45000,0.62193,0.06321,0.00099,0.00064,0.93515
153.78000,0.62193,0.10669,0.00086,0.00057,0.89188
154.11000,0.62193,0.16195,0.00065,0.00021,0.83720
154.44000,0.62193,0.13016,0.00063,0.00020,0.86900
154.77000,0.62193,0.15138,0.00049,0.00024,0.84790
155.10001,0.62193,0.16304,0.00037,0.00033,0.83626
155.42999,0.62195,0.21058,0.00055,0.00025,0.78862
155.75999,0.62195,0.25523,0.00067,0.00031,0.74379
156.09000,0.62195,0.24943,0.00072,0.00055,0.74930
156.42000,0.62193,0.18372,0.00065,0.00069,0.81494
156.75000,0.62193,0.18321,0.00066,0.00032,0.81581
157.08000,0.62193,0.15406,0.00111,0.00026,0.84458
157.41000,0.62193,0.16121,0.00072,0.00024,0.83782
157.74001,0.62193,0.12317,0.00075,0.00026,0.87582
158.07001,0.62193,0.11436,0.00093,0.00025,0.88445
158.39999,0.62195,0.16266,0.00128,0.00033,0.83573
158.73000,0.62195,0.07059,0.00167,0.00083,0.92690
159.06000,0.62193,0.09444,0.00067,0.00071,0.90418
159.39000,0.62193,0.12260,0.00074,0.00055,0.87611
159.72000,0.62193,0.12333,0.00057,0.00028,0.87582
160.05000,0.62193,0.14596,0.00055,0.00037,0.85311
160.38000,0.62193,0.25724,0.00076,0.00028,0.74172
160.71001,0.62193,0.68946,0.00009,0.00507,0.30539
161.03999,0.62195,0.12331,0.00028,0.00132,0.87509
161.37000,0.62195,0.10937,0.00096,0.00029,0.88938
161.70000,0.62193,0.06554,0.00622,0.00043,0.92780
162.03000,0.62193,0.11191,0.00468,0.00037,0.88304
162.36000,0.62193,0.07791,0.00278,0.00030,0.91901
162.69000,0.62193,0.06682,0.00189,0.00026,0.93103
163.02000,0.62193,0.06357,0.00218,0.00029,0.93395
163.35001,0.62193,0.05995,0.00141,0.00023,0.93841
163.67999,0.62195,0.05253,0.00133,0.00022,0.94592
164.00999,0.62195,0.10507,0.00104,0.00022,0.89366
164.34000,0.62195,0.09060,0.00097,0.00023,0.90820
164.67000,0.62193,0.17012,0.00139,0.00031,0.82817
165.00000,0.62193,0.29947,0.00075,0.00025,0.69953
165.33000,0.62193,0.14953,0.00076,0.00027,0.84944
165.66000,0.62193,0.22242,0.00072,0.00024,0.77662
165.99001,0.62193,0.10086,0.00092,0.00025,0.89797
166.32001,0.62193,0.07354,0.00055,0.00023,0.92568
166.64999,0.62195,0.08755,0.00090,0.00021,0.91135
166.98000,0.62195,0.09043,0.00082,0.00021,0.90854
167.31000,0.62193,0.07792,0.00066,0.00019,0.92123
167.64000,0.62193,0.07469,0.00107,0.00023,0.92401
167.97000,0.62193,0.09606,0.00106,0.00025,0.90263
168.30000,0.62193,0.25298,0.00091,0.00125,0.74486
168.63000,0.62193,0.21189,0.00156,0.00029,0.78626
168.96001,0.62193,0.24484,0.00115,0.00023,0.75379
169.28999,0.62195,0.09411,0.00172,0.00027,0.90390
169.62000,0.62195,0.07899,0.00114,0.00024,0.91963
169.95000,0.62193,0.09653,0.00081,0.00025,0.90241
170.28000,0.62193,0.10263,0.00059,0.00028,0.89650
170.61000,0.62193,0.10346,0.00042,0.00021,0.89590
170.94000,0.62193,0.14253,0.00034,0.00016,0.85696
171.27000,0.62193,0.13758,0.00033,0.00017,0.86192
171.60001,0.62193,0.12795,0.00040,0.00019,0.87145
171.92999,0.62195,0.25056,0.00046,0.00017,0.74881
172.25999,0.62195,0.27708,0.00084,0.00021,0.72187
172.59000,0.62195,0.21645,0.00064,0.00019,0.78272
172.92000,0.62193,0.23343,0.00042,0.00019,0.76596
173.25000,0.62193,0.22152,0.00055,0.00027,0.77766
173.58000,0.62193,0.14210,0.00072,0.00040,0.85678
173.91000,0.62193,0.18391,0.00038,0.00028,0.81543
174.24001,0.62193,0.37932,0.00054,0.00021,0.61993
174.57001,0.62193,0.17802,0.00110,0.00037,0.82051
174.89999,0.62195,0.13620,0.00117,0.00029,0.86234
175.23000,0.62195,0.13639,0.00099,0.00027,0.86235
175.56000,0.62193,0.08793,0.00061,0.00021,0.91125
175.89000,0.62193,0.28392,0.00056,0.00017,0.71535
176.22000,0.62193,0.11952,0.00086,0.00026,0.87936
176.55000,0.62193,0.19363,0.00079,0.00029,0.80529
176.88000,0.62193,0.35570,0.00086,0.00032,0.64312
177.21001,0.62193,0.29807,0.00063,0.00033,0.70097
177.53999,0.62195,0.12734,0.00093,0.00060,0.87113
177.87000,0.62195,0.31396,0.00038,0.00029,0.68537
178.20000,0.62193,0.15162,0.00065,0.00040,0.84732
178.53000,0.62193,0.28897,0.00038,0.00026,0.71040
178.86000,0.62193,0.10385,0.00115,0.00037,0.89463
179.19000,0.62193,0.12448,0.00250,0.00033,0.87269
179.52000,0.62193,0.12458,0.00102,0.00021,0.87420
179.85001,0.62193,0.37745,0.00044,0.00018,0.62193
180.17999,0.62195,0.41743,0.00054,0.00025,0.58178
180.50999,0.62195,0.46556,0.00051,0.00018,0.53375
180.84000,0.62195,0.32354,0.00056,0.00021,0.67569
181.17000,0.62193,0.40046,0.00069,0.00023,0.59862
181.50000,0.62193,0.47408,0.00059,0.00020,0.52513
181.83000,0.62193,0.26312,0.00116,0.00028,0.73545
182.16000,0.62193,0.08867,0.00119,0.00027,0.90987
182.49001,0.62193,0.12926,0.00075,0.00020,0.86979
182.82001,0.62193,0.12087,0.00064,0.00021,0.87828
183.14999,0.62195,0.14712,0.00076,0.00020,0.85192
183.48000,0.62195,0.23560,0.00056,0.00017,0.76367
183.81000,0.62193,0.18169,0.00041,0.00020,0.81770
184.14000,0.62193,0.27987,0.00058,0.00025,0.71929
184.47000,0.62193,0.18514,0.00051,0.00022,0.81414
184.80000,0.62193,0.18307,0.00039,0.00019,0.81635
185.13000,0.62193,0.19277,0.00040,0.00016,0.80666
185.46001,0.62193,0.12364,0.00049,0.00019,0.87568
185.78999,0.62195,0.10951,0.00048,0.00021,0.88980
186.12000,0.62195,0.20244,0.00054,0.00018,0.79684
186.45000,0.62193,0.28430,0.00070,0.00026,0.71475
186.78000,0.62193,0.19726,0.00055,0.00026,0.80193
187.11000,0.62193,0.31732,0.00043,0.00022,0.68202
187.44000,0.62193,0.28263,0.00042,0.00028,0.71667
187.77000,0.62193,0.17640,0.00097,0.00033,0.82230
188.10001,0.62193,0.21055,0.00060,0.00030,0.78856
188.42999,0.62195,0.32699,0.00103,0.00055,0.67142
188.75999,0.62195,0.30476,0.00092,0.00053,0.69379
189.09000,0.62195,0.50681,0.00044,0.00026,0.49249
189.42000,0.62193,0.30366,0.00062,0.00041,0.69531
189.75000,0.62193,0.23276,0.00039,0.00030,0.76656
190.08000,0.62193,0.19495,0.00038,0.00023,0.80444
190.41000,0.62193,0.24859,0.00034,0.00020,0.75086
190.74001,0.62193,0.20674,0.00038,0.00022,0.79267
191.07001,0.62193,0.11788,0.00047,0.00040,0.88125
191.39999,0.62195,0.17078,0.00035,0.00035,0.82851
191.73000,0.62195,0.43233,0.00030,0.00021,0.56716
192.06000,0.62193,0.60813,0.00049,0.00030,0.39108
192.39000,0.62193,0.47079,0.00109,0.00053,0.52759
192.72000,0.62193,0.49863,0.00097,0.00042,0.49999
193.05000,0.62193,0.16602,0.00091,0.00049,0.83258
193.38000,0.62193,0.08454,0.00032,0.00032,0.91482
193.71001,0.62193,0.13196,0.00039,0.00020,0.86745
194.03999,0.62195,0.09943,0.00136,0.00031,0.89890
194.37000,0.62195,0.15591,0.00073,0.00033,0.84303
194.70000,0.62193,0.15379,0.00034,0.00029,0.84558
195.03000,0.62193,0.39535,0.00017,0.00196,0.60252
195.36000,0.62193,0.46482,0.00023,0.00163,0.53332
195.69000,0.62193,0.19970,0.00089,0.00021,0.79920
196.02000,0.62193,0.26116,0.00083,0.00023,0.73778
196.35001,0.62193,0.22979,0.00047,0.00022,0.76951
196.67999,0.62195,0.14522,0.00066,0.00027,0.85385
197.00999,0.62195,0.17921,0.00102,0.00030,0.81947
197.34000,0.62195,0.07573,0.00102,0.00036,0.92289
197.67000,0.62193,0.06441,0.00189,0.00033,0.93337
198.00000,0.62193,0.36746,0.00119,0.00024,0.63110
198.33000,0.62193,0.16204,0.00089,0.00022,0.83685
198.66000,0.62193,0.25926,0.00080,0.00023,0.73971
198.99001,0.62193,0.26191,0.00053,0.00025,0.73732
199.32001,0.62193,0.29326,0.00034,0.00024,0.70616
199.64999,0.62195,0.40837,0.00016,0.00051,0.59096
199.98000,0.62195,0.47823,0.00042,0.00033,0.52102
200.31000,0.62193,0.26381,0.00068,0.00035,0.73516
200.64000,0.62193,0.17363,0.00052,0.00022,0.82563
200.97000,0.62193,0.06159,0.00089,0.00034,0.93718
201.30000,0.62193,0.07697,0.00095,0.00023,0.92186
201.63000,0.62193,0.08189,0.00075,0.00022,0.91714
201.96001,0.62193,0.10203,0.00041,0.00030,0.89726
202.28999,0.62195,0.08921,0.00055,0.00026,0.90999
202.62000,0.62195,0.07029,0.00093,0.00021,0.92856
202.95000,0.62193,0.05043,0.00083,0.00020,0.94854
203.28000,0.62193,0.04121,0.00125,0.00027,0.95727
203.61000,0.62193,0.04837,0.00118,0.00024,0.95021
203.94000,0.62193,0.05163,0.00050,0.00016,0.94771
204.27000,0.62193,0.04489,0.00035,0.00014,0.95463
204.60001,0.62193,0.04216,0.00032,0.00016,0.95737
204.92999,0.62195,0.06952,0.00046,0.00014,0.92988
205.25999,0.62195,0.05256,0.00053,0.00018,0.94673
205.59000,0.62195,0.04986,0.00100,0.00018,0.94895
205.92000,0.62193,0.12800,0.00063,0.00017,0.87120
206.25000,0.62193,0.24168,0.00059,0.00021,0.75752
206.58000,0.62193,0.22974,0.00067,0.00024,0.76934
206.91000,0.62193,0.12316,0.00076,0.00024,0.87584
207.24001,0.62193,0.06385,0.00076,0.00023,0.93516
207.57001,0.62193,0.04477,0.00082,0.00020,0.95421
207.89999,0.62195,0.04915,0.00098,0.00018,0.94969
208.23000,0.62195,0.05725,0.00066,0.00019,0.94190
208.56000,0.62193,0.05616,0.00105,0.00019,0.94259
208.89000,0.62193,0.09655,0.00105,0.00019,0.90221
209.22000,0.62193,0.09464,0.00108,0.00019,0.90409
209.55000,0.62193,0.08154,0.00198,0.00023,0.91625
209.88000,0.62193,0.06783,0.00135,0.00022,0.93060
210.21001,0.62193,0.06455,0.00101,0.00019,0.93425
210.53999,0.62195,0.05747,0.00122,0.00021,0.94110
210.87000,0.62195,0.07309,0.00102,0.00019,0.92569
211.20000,0.62193,0.07304,0.00069,0.00018,0.92610
211.53000,0.62193,0.08365,0.00062,0.00016,0.91556
211.86000,0.62193,0.07632,0.00065,0.00016,0.92287
212.19000,0.62193,0.08689,0.00057,0.00016,0.91239
212.52000,0.62193,0.08729,0.00075,0.00018,0.91178
212.85001,0.62193,0.08511,0.00087,0.00019,0.91384
213.17999,0.62195,0.06826,0.00164,0.00026,0.92984
213.50999,0.62195,0.06171,0.00130,0.00023,0.93676
213.84000,0.62195,0.05919,0.00063,0.00018,0.94001
214.17000,0.62193,0.08718,0.00046,0.00014,0.91222
214.50000,0.62193,0.11089,0.00064,0.00017,0.88830
214.83000,0.62193,0.06814,0.00093,0.00021,0.93072
215.16000,0.62193,0.14946,0.00079,0.00018,0.84957
215.49001,0.62193,0.07997,0.00053,0.00020,0.91930
215.82001,0.62193,0.04763,0.00067,0.00021,0.95148
216.14999,0.62195,0.04072,0.00097,0.00018,0.95813
216.48000,0.62195,0.06228,0.00058,0.00016,0.93698
216.81000,0.62193,0.13567,0.00047,0.00017,0.86368
217.14000,0.62193,0.08761,0.00051,0.00023,0.91166
217.47000,0.62193,0.05698,0.00042,0.00023,0.94237
217.80000,0.62193,0.08134,0.00086,0.00021,0.91758
218.13000,0.62193,0.09193,0.00082,0.00024,0.90701
218.46001,0.62193,0.15883,0.00052,0.00019,0.84047
218.78999,0.62195,0.09666,0.00061,0.00024,0.90249
219.12000,0.62195,0.08178,0.00053,0.00028,0.91740
219.45000,0.62193,0.06700,0.00047,0.00025,0.93229
219.78000,0.62193,0.09389,0.00058,0.00022,0.90531
220.11000,0.62193,0.04877,0.00097,0.00028,0.94998
220.44000,0.62193,0.03666,0.00120,0.00022,0.96192
220.77000,0.62193,0.05814,0.00060,0.00014,0.94111
221.10001,0.62193,0.06477,0.00050,0.00015,0.93458
221.42999,0.62195,0.05314,0.00114,0.00024,0.94548
221.75999,0.62195,0.06796,0.00079,0.00020,0.93105
222.09000,0.62195,0.12091,0.00036,0.00017,0.87856
222.42000,0.62193,0.05477,0.00067,0.00027,0.94429
222.75000,0.62193,0.05422,0.00055,0.00021,0.94502
223.08000,0.62193,0.08772,0.00079,0.00022,0.91127
223.41000,0.62193,0.13030,0.00130,0.00032,0.86808
223.74001,0.62193,0.13337,0.00079,0.00030,0.86554
224.07001,0.62193,0.24207,0.00091,0.00032,0.75670
224.39999,0.62195,0.08700,0.00098,0.00032,0.91170
224.73000,0.62195,0.04579,0.00154,0.00026,0.95241
225.06000,0.62193,0.05887,0.00087,0.00021,0.94006
225.39000,0.62193,0.05698,0.00082,0.00026,0.94194
225.72000,0.62193,0.09459,0.00070,0.00021,0.90450
226.05000,0.62193,0.09382,0.00110,0.00034,0.90474
226.38000,0.62193,0.08422,0.00083,0.00024,0.91471
226.71001,0.62193,0.08146,0.00183,0.00034,0.91638
227.03999,0.62195,0.09602,0.00063,0.00028,0.90307
227.37000,0.62195,0.07577,0.00068,0.00021,0.92333
227.70000,0.62193,0.10352,0.00034,0.00017,0.89597
228.03000,0.62193,0.09439,0.00040,0.00027,0.90494
228.36000,0.62193,0.07597,0.00212,0.00036,0.92156
228.69000,0.62193,0.33399,0.00178,0.00026,0.66397
229.02000,0.62193,0.28842,0.00050,0.00024,0.71083
229.35001,0.62193,0.29007,0.00040,0.00025,0.70929
229.67999,0.62195,0.35579,0.00053,0.00024,0.64343
230.00999,0.62195,0.18098,0.00063,0.00025,0.81814
230.34000,0.62195,0.26643,0.00046,0.00023,0.73288
230.67000,0.62193,0.21017,0.00051,0.00024,0.78907
231.00000,0.62193,0.08270,0.00093,0.00030,0.91607
231.33000,0.62193,0.07571,0.00064,0.00023,0.92341
231.66000,0.62193,0.21307,0.00048,0.00016,0.78629
231.99001,0.62193,0.07532,0.00124,0.00027,0.92317
232.32001,0.62193,0.07887,0.00117,0.00021,0.91974
232.64999,0.62195,0.06129,0.00068,0.00025,0.93778
232.98000,0.62195,0.13293,0.00043,0.00019,0.86645
233.31000,0.62193,0.16578,0.00040,0.00020,0.83362
233.64000,0.62193,0.23040,0.00045,0.00020,0.76896
233.97000,0.62193,0.48785,0.00041,0.00016,0.51158
234.30000,0.62193,0.32560,0.00059,0.00030,0.67351
234.63000,0.62193,0.32261,0.00052,0.00030,0.67656
234.96001,0.62193,0.33295,0.00057,0.00034,0.66613
235.28999,0.62195,0.25554,0.00063,0.00039,0.74344
235.62000,0.62195,0.30101,0.00056,0.00028,0.69815
235.95000,0.62193,0.12364,0.00065,0.00027,0.87544
236.28000,0.62193,0.10793,0.00056,0.00025,0.89126
236.61000,0.62193,0.14549,0.00035,0.00022,0.85394
236.94000,0.62193,0.35815,0.00070,0.00022,0.64093
237.27000,0.62193,0.21456,0.00123,0.00036,0.78386
237.60001,0.62193,0.13976,0.00093,0.00031,0.85900
237.92999,0.62195,0.18310,0.00103,0.00033,0.81554
238.25999,0.62195,0.09946,0.00258,0.00050,0.89746
238.59000,0.62195,0.12244,0.00160,0.00065,0.87531
238.92000,0.62193,0.09064,0.00170,0.00058,0.90708
239.25000,0.62193,0.09879,0.00137,0.00049,0.89935
239.58000,0.62193,0.08019,0.00060,0.00033,0.91887
239.91000,0.62193,0.09059,0.00065,0.00026,0.90849
240.24001,0.62193,0.09235,0.00128,0.00036,0.90601
240.57001,0.62193,0.12267,0.00039,0.00039,0.87655
240.89999,0.62195,0.06775,0.00072,0.00072,0.93081
241.23000,0.62195,0.09713,0.00060,0.00091,0.90137
241.56000,0.62193,0.07264,0.00091,0.00070,0.92575
241.89000,0.62193,0.11138,0.00101,0.00042,0.88719
242.22000,0.62193,0.09046,0.00037,0.00048,0.90869
242.55000,0.62193,0.07023,0.00032,0.00029,0.92917
242.88000,0.62193,0.07833,0.00054,0.00033,0.92080
243.21001,0.62193,0.07888,0.00058,0.00087,0.91966
243.53999,0.62195,0.07350,0.00041,0.00053,0.92556
243.87000,0.62195,0.06483,0.00043,0.00031,0.93443
244.20000,0.62193,0.07805,0.00049,0.00036,0.92109
244.53000,0.62193,0.16708,0.00047,0.00018,0.83227
244.86000,0.62193,0.21108,0.00067,0.00020,0.78805
245.19000,0.62193,0.22100,0.00103,0.00026,0.77771
245.52000,0.62193,0.35526,0.00099,0.00023,0.64352
245.85001,0.62193,0.16139,0.00056,0.00023,0.83782
246.17999,0.62195,0.19892,0.00081,0.00022,0.80005
246.50999,0.62195,0.39584,0.00058,0.00019,0.60339
246.84000,0.62195,0.33455,0.00059,0.00024,0.66462
247.17000,0.62193,0.17028,0.00070,0.00026,0.82876
247.50000,0.62193,0.09148,0.00135,0.00026,0.90691
247.83000,0.62193,0.23274,0.00109,0.00021,0.76595
248.16000,0.62193,0.24589,0.00046,0.00021,0.75343
248.49001,0.62193,0.18064,0.00062,0.00022,0.81852
248.82001,0.62193,0.14110,0.00079,0.00024,0.85787
249.14999,0.62195,0.17312,0.00057,0.00022,0.82609
249.48000,0.62195,0.13238,0.00111,0.00025,0.86626
249.81000,0.62193,0.16385,0.00113,0.00026,0.83476
250.14000,0.62193,0.19309,0.00067,0.00026,0.80598
250.47000,0.62193,0.26704,0.00042,0.00021,0.73233
250.80000,0.62193,0.26247,0.00074,0.00025,0.73654
251.13000,0.62193,0.26872,0.00106,0.00027,0.72995
251.46001,0.62193,0.17728,0.00103,0.00033,0.82135
251.78999,0.62195,0.12558,0.00056,0.00038,0.87348
252.12000,0.62195,0.19632,0.00044,0.00040,0.80283
252.45000,0.62193,0.13125,0.00039,0.00043,0.86793
252.78000,0.62193,0.21524,0.00048,0.00031,0.78398
253.11000,0.62193,0.12205,0.00104,0.00030,0.87660
253.44000,0.62193,0.13190,0.00093,0.00023,0.86695
253.77000,0.62193,0.25853,0.00062,0.00025,0.74060
254.10001,0.62193,0.56713,0.00052,0.00041,0.43194
254.42999,0.62195,0.27997,0.00090,0.00096,0.71817
254.75999,0.62195,0.15571,0.00103,0.00047,0.84279
255.09000,0.62195,0.19731,0.00099,0.00028,0.80142
255.42000,0.62193,0.21503,0.00046,0.00026,0.78425
255.75000,0.62195,0.46571,0.00043,0.00025,0.53362
256.07999,0.62195,0.22638,0.00050,0.00026,0.77286
256.41000,0.62195,0.17678,0.00051,0.00024,0.82247
256.73999,0.62195,0.18914,0.00064,0.00021,0.81000
257.07001,0.62192,0.10120,0.00059,0.00021,0.89800
257.39999,0.62195,0.07734,0.00079,0.00026,0.92160
257.73001,0.62192,0.08359,0.00078,0.00025,0.91539
258.06000,0.62195,0.11238,0.00060,0.00027,0.88675
258.39001,0.62192,0.08756,0.00088,0.00047,0.91109
258.72000,0.62195,0.09414,0.00159,0.00057,0.90370
259.04999,0.62195,0.30768,0.00175,0.00038,0.69019
259.38000,0.62192,0.24284,0.00136,0.00028,0.75551
259.70999,0.62195,0.15482,0.00110,0.00026,0.84383
260.04001,0.62192,0.18075,0.00091,0.00020,0.81814
260.37000,0.62195,0.22436,0.00163,0.00025,0.77376
260.70001,0.62192,0.12302,0.00237,0.00029,0.87432
261.03000,0.62195,0.34245,0.00089,0.00019,0.65647
261.35999,0.62195,0.25503,0.00089,0.00023,0.74385
261.69000,0.62195,0.36485,0.00140,0.00030,0.63346
262.01999,0.62195,0.17152,0.00123,0.00027,0.82698
262.35001,0.62192,0.11366,0.00102,0.00020,0.88512
262.67999,0.62195,0.15665,0.00092,0.00021,0.84222
263.01001,0.62192,0.25860,0.00105,0.00023,0.74013
263.34000,0.62195,0.25650,0.00099,0.00024,0.74227
263.67001,0.62192,0.30537,0.00055,0.00022,0.69386
264.00000,0.62195,0.24031,0.00024,0.00026,0.75919
264.32999,0.62195,0.09435,0.00051,0.00026,0.90488
264.66000,0.62195,0.14508,0.00102,0.00025,0.85365
264.98999,0.62195,0.15305,0.00091,0.00021,0.84583
265.32001,0.62192,0.27095,0.00063,0.00023,0.72820
265.64999,0.62195,0.20434,0.00084,0.00038,0.79444
265.98001,0.62192,0.32760,0.00126,0.00035,0.67079
266.31000,0.62195,0.23363,0.00076,0.00070,0.76491
266.64001,0.62192,0.07396,0.00350,0.00081,0.92172
266.97000,0.62195,0.26615,0.00207,0.00040,0.73138
267.29999,0.62195,0.20497,0.00124,0.00030,0.79349
267.63000,0.62192,0.37311,0.00073,0.00022,0.62594
267.95999,0.62195,0.20415,0.00077,0.00026,0.79481
268.29001,0.62192,0.26903,0.00076,0.00037,0.72984
268.62000,0.62195,0.28115,0.00058,0.00031,0.71796
268.95001,0.62192,0.38364,0.00035,0.00020,0.61582
269.28000,0.62195,0.22453,0.00108,0.00031,0.77408
269.60999,0.62195,0.34286,0.00136,0.00034,0.65544
269.94000,0.62195,0.19264,0.00064,0.00035,0.80636
270.26999,0.62195,0.28022,0.00042,0.00027,0.71909
270.60001,0.62192,0.14878,0.00083,0.00028,0.85011
270.92999,0.62195,0.13089,0.00081,0.00026,0.86804
271.26001,0.62192,0.35970,0.00028,0.00023,0.63979
271.59000,0.62195,0.32315,0.00045,0.00040,0.67600
271.92001,0.62192,0.39434,0.00061,0.00051,0.60454
272.25000,0.62195,0.16530,0.00057,0.00039,0.83374
272.57999,0.62195,0.47351,0.00023,0.00017,0.52608
272.91000,0.62195,0.99742,0.00001,0.00001,0.00256
273.23999,0.62195,0.99988,0.00001,0.00001,0.00011
273.57001,0.62192,0.99987,0.00000,0.00000,0.00012
273.89999,0.62195,0.99998,0.00000,0.00000,0.00001
274.23001,0.62192,0.99999,0.00000,0.00000,0.00001
274.56000,0.62195,0.99898,0.00002,0.00003,0.00097
274.89001,0.62192,0.99974,0.00001,0.00001,0.00024
275.22000,0.62195,0.99998,0.00000,0.00000,0.00002
275.54999,0.62195,0.99999,0.00000,0.00000,0.00000
275.88000,0.62192,0.99998,0.00000,0.00000,0.00001
276.20999,0.62195,0.99913,0.00002,0.00002,0.00084
276.54001,0.62192,0.99953,0.00001,0.00001,0.00045
276.87000,0.62195,0.98489,0.00019,0.00075,0.01417
277.20001,0.62192,0.96121,0.00007,0.00081,0.03791
277.53000,0.62195,0.98689,0.00008,0.00010,0.01293
277.85999,0.62195,0.99956,0.00002,0.00001,0.00041
278.19000,0.62195,0.99996,0.00001,0.00001,0.00003
278.51999,0.62195,1.00000,0.00000,0.00000,0.00000
278.85001,0.62192,1.00000,0.00000,0.00000,0.00000
279.17999,0.62195,1.00000,0.00000,0.00000,0.00000
279.51001,0.62192,1.00000,0.00000,0.00000,0.00000
279.84000,0.62195,1.00000,0.00000,0.00000,0.00000
280.17001,0.62192,0.99999,0.00000,0.00001,0.00000
280.50000,0.62195,0.99987,0.00002,0.00005,0.00007
280.82999,0.62195,0.99997,0.00000,0.00003,0.00000
281.16000,0.62195,1.00000,0.00000,0.00000,0.00000
281.48999,0.62195,1.00000,0.00000,0.00000,0.00000
281.82001,0.62192,1.00000,0.00000,0.00000,0.00000
282.14999,0.62195,1.00000,0.00000,0.00000,0.00000
282.48001,0.62192,0.99999,0.00000,0.00001,0.00000
282.81000,0.62195,1.00000,0.00000,0.00000,0.00000
283.14001,0.62192,1.00000,0.00000,0.00000,0.00000
283.47000,0.62195,0.99999,0.00000,0.00001,0.00000
283.79999,0.62195,0.99999,0.00000,0.00001,0.00000
284.13000,0.62192,1.00000,0.00000,0.00000,0.00000
284.45999,0.62195,1.00000,0.00000,0.00000,0.00000
284.79001,0.62192,1.00000,0.00000,0.00000,0.00000
285.12000,0.62195,1.00000,0.00000,0.00000,0.00000
285.45001,0.62192,1.00000,0.00000,0.00000,0.00000
285.78000,0.62195,1.00000,0.00000,0.00000,0.00000
286.10999,0.62195,1.00000,0.00000,0.00000,0.00000
286.44000,0.62195,1.00000,0.00000,0.00000,0.00000
286.76999,0.62195,0.99999,0.00000,0.00000,0.00000
287.10001,0.62192,1.00000,0.00000,0.00000,0.00000
287.42999,0.62195,1.00000,0.00000,0.00000,0.00000
287.76001,0.62192,1.00000,0.00000,0.00000,0.00000
288.09000,0.62195,1.00000,0.00000,0.00000,0.00000
288.42001,0.62192,1.00000,0.00000,0.00000,0.00000
288.75000,0.62195,1.00000,0.00000,0.00000,0.00000
289.07999,0.62195,1.00000,0.00000,0.00000,0.00000
289.41000,0.62195,1.00000,0.00000,0.00000,0.00000
289.73999,0.62195,1.00000,0.00000,0.00000,0.00000
290.07001,0.62192,1.00000,0.00000,0.00000,0.00000
290.39999,0.62195,1.00000,0.00000,0.00000,0.00000
290.73001,0.62192,1.00000,0.00000,0.00000,0.00000
291.06000,0.62195,1.00000,0.00000,0.00000,0.00000
291.39001,0.62192,1.00000,0.00000,0.00000,0.00000
291.72000,0.62195,1.00000,0.00000,0.00000,0.00000
292.04999,0.62195,1.00000,0.00000,0.00000,0.00000
292.38000,0.62192,0.99998,0.00000,0.00001,0.00000
292.70999,0.62195,0.99992,0.00001,0.00002,0.00005
293.04001,0.62192,1.00000,0.00000,0.00000,0.00000
293.37000,0.62195,1.00000,0.00000,0.00000,0.00000
293.70001,0.62192,1.00000,0.00000,0.00000,0.00000
294.03000,0.62195,1.00000,0.00000,0.00000,0.00000
294.35999,0.62195,1.00000,0.00000,0.00000,0.00000
294.69000,0.62195,0.99999,0.00000,0.00000,0.00000
295.01999,0.62195,0.99991,0.00002,0.00005,0.00003
295.35001,0.62192,0.99990,0.00002,0.00005,0.00002
295.67999,0.62195,0.99993,0.00002,0.00003,0.00002
296.01001,0.62192,0.99998,0.00001,0.00001,0.00001
296.34000,0.62195,1.00000,0.00000,0.00000,0.00000
296.67001,0.62192,1.00000,0.00000,0.00000,0.00000
297.00000,0.62195,1.00000,0.00000,0.00000,0.00000
297.32999,0.62195,1.00000,0.00000,0.00000,0.00000
297.66000,0.62195,1.00000,0.00000,0.00000,0.00000
297.98999,0.62195,1.00000,0.00000,0.00000,0.00000
298.32001,0.62192,1.00000,0.00000,0.00000,0.00000
298.64999,0.62195,1.00000,0.00000,0.00000,0.00000
298.98001,0.62192,1.00000,0.00000,0.00000,0.00000
299.31000,0.62195,1.00000,0.00000,0.00000,0.00000
