Time (seconds), Duration (seconds),pred_(unlabeled),pred_brushing_teeth,pred_hair_drying,pred_showering
0.00000,0.62194,1.00000,0.00000,0.00000,0.00000
0.33000,0.62194,0.99995,0.00000,0.00000,0.00005
0.66000,0.62194,0.99999,0.00000,0.00000,0.00001
0.99000,0.62194,0.99910,0.00000,0.00040,0.00051
1.32000,0.62194,0.74533,0.00001,0.00148,0.25317
1.65000,0.62194,0.44912,0.00000,0.00000,0.55087
1.98000,0.62194,0.46512,0.00000,0.00001,0.53487
2.31000,0.62194,0.59999,0.00000,0.00000,0.40001
2.64000,0.62194,0.50336,0.00000,0.00000,0.49664
2.97000,0.62194,0.53909,0.00000,0.00001,0.46090
3.30000,0.62194,0.99653,0.00000,0.00001,0.00346
3.63000,0.62194,0.99981,0.00000,0.00001,0.00018
3.96000,0.62194,0.99878,0.00000,0.00001,0.00121
4.29000,0.62194,0.99898,0.00000,0.00006,0.00096
4.62000,0.62194,0.99439,0.00000,0.00011,0.00550
4.95000,0.62194,0.99973,0.00000,0.00001,0.00026
5.28000,0.62194,0.99999,0.00000,0.00000,0.00001
5.61000,0.62194,0.99994,0.00000,0.00004,0.00002
5.94000,0.62194,0.99999,0.00000,0.00001,0.00000
6.27000,0.62194,1.00000,0.00000,0.00000,0.00000
6.60000,0.62194,0.99997,0.00000,0.00000,0.00003
6.93000,0.62194,0.99955,0.00000,0.00000,0.00045
7.26000,0.62194,0.99977,0.00000,0.00002,0.00022
7.59000,0.62194,0.99902,0.00000,0.00002,0.00096
7.92000,0.62194,0.99989,0.00001,0.00002,0.00008
8.25000,0.62194,0.99952,0.00000,0.00035,0.00013
8.58000,0.62194,0.51831,0.00006,0.09352,0.38811
8.91000,0.62194,0.65560,0.00003,0.06119,0.28318
9.24000,0.62194,0.84113,0.00000,0.00296,0.15590
9.57000,0.62194,0.98788,0.00000,0.00124,0.01089
9.90000,0.62194,0.98743,0.00001,0.00149,0.01108
10.23000,0.62194,0.52810,0.00001,0.09759,0.37431
10.56000,0.62194,0.42007,0.00001,0.00237,0.57755
10.89000,0.62194,0.73433,0.00210,0.00010,0.26347
11.22000,0.62194,0.90285,0.02040,0.00002,0.07673
11.55000,0.62194,0.90047,0.03861,0.00006,0.06086
11.88000,0.62194,0.93646,0.01205,0.00001,0.05147
12.21000,0.62194,0.95384,0.00409,0.00001,0.04206
12.54000,0.62194,0.93940,0.03291,0.00003,0.02766
12.87000,0.62194,0.71844,0.22044,0.00004,0.06108
13.20000,0.62194,0.88438,0.00091,0.00008,0.11463
13.53000,0.62194,0.99862,0.00000,0.00004,0.00134
13.86000,0.62194,0.99975,0.00000,0.00002,0.00023
14.19000,0.62194,0.99098,0.00000,0.00038,0.00864
14.52000,0.62194,0.92586,0.00000,0.00100,0.07314
14.85000,0.62194,0.83828,0.00000,0.00450,0.15722
15.18000,0.62194,0.99812,0.00000,0.00010,0.00178
15.51000,0.62194,0.98804,0.00000,0.00102,0.01094
15.84000,0.62194,0.64083,0.00000,0.15302,0.20615
16.17000,0.62194,0.99883,0.00000,0.00052,0.00064
16.50000,0.62194,0.99998,0.00000,0.00001,0.00001
16.83000,0.62194,0.99998,0.00000,0.00000,0.00001
17.16000,0.62194,0.99996,0.00000,0.00001,0.00003
17.49000,0.62194,0.99993,0.00000,0.00001,0.00006
17.82000,0.62194,0.99995,0.00000,0.00000,0.00005
18.15000,0.62194,0.99389,0.00000,0.00008,0.00603
18.48000,0.62194,0.69709,0.00000,0.00370,0.29920
18.81000,0.62194,0.43922,0.00003,0.01107,0.54967
19.14000,0.62194,0.19726,0.00003,0.01722,0.78549
19.47000,0.62194,0.79101,0.00000,0.01143,0.19755
19.80000,0.62194,0.74110,0.00014,0.00977,0.24898
20.13000,0.62194,0.94205,0.00000,0.02185,0.03610
20.46000,0.62194,0.99997,0.00000,0.00002,0.00001
20.79000,0.62194,0.99909,0.00000,0.00010,0.00081
21.12000,0.62194,0.94557,0.00000,0.01032,0.04411
21.45000,0.62194,0.99928,0.00000,0.00008,0.00064
21.78000,0.62194,0.99973,0.00000,0.00001,0.00025
22.11000,0.62194,0.99849,0.00000,0.00022,0.00129
22.44000,0.62194,0.98230,0.00000,0.00198,0.01572
22.77000,0.62194,0.99998,0.00000,0.00001,0.00002
23.10000,0.62194,0.99954,0.00000,0.00003,0.00043
23.43000,0.62194,0.69854,0.00274,0.00002,0.29870
23.76000,0.62194,0.44609,0.00001,0.00008,0.55383
24.09000,0.62194,0.99324,0.00000,0.00064,0.00612
24.42000,0.62194,0.97988,0.00000,0.00010,0.02002
24.75000,0.62194,0.25003,0.00006,0.00020,0.74972
25.08000,0.62194,0.16629,0.00215,0.00028,0.83128
25.41000,0.62194,0.92027,0.00270,0.00021,0.07681
25.74000,0.62194,0.96373,0.00007,0.00044,0.03576
26.07000,0.62194,0.72988,0.00005,0.00001,0.27005
26.40000,0.62194,0.87362,0.00000,0.00005,0.12633
26.73000,0.62194,0.67796,0.00013,0.00147,0.32043
27.06000,0.62194,0.91767,0.00165,0.00122,0.07946
27.39000,0.62194,0.96744,0.00000,0.00049,0.03207
27.72000,0.62194,0.98383,0.00000,0.00008,0.01609
28.05000,0.62194,0.99969,0.00000,0.00008,0.00023
28.38000,0.62194,0.99708,0.00000,0.00119,0.00173
28.71000,0.62194,0.99212,0.00000,0.00044,0.00744
29.04000,0.62194,0.93255,0.00002,0.00177,0.06567
29.37000,0.62194,0.83704,0.00001,0.00011,0.16284
29.70000,0.62194,0.98676,0.00000,0.00031,0.01293
30.03000,0.62194,0.99530,0.00003,0.00348,0.00119
30.36000,0.62194,0.99820,0.00000,0.00046,0.00134
30.69000,0.62194,0.99802,0.00000,0.00010,0.00188
31.02000,0.62194,0.99773,0.00000,0.00012,0.00215
31.35000,0.62194,0.99887,0.00000,0.00073,0.00040
31.68000,0.62194,0.98670,0.00069,0.00706,0.00555
32.01000,0.62194,0.96850,0.00001,0.00399,0.02750
32.34000,0.62194,0.99357,0.00000,0.00017,0.00626
32.67000,0.62194,0.99820,0.00000,0.00004,0.00177
33.00000,0.62194,0.98740,0.00000,0.00004,0.01256
33.33000,0.62194,0.99271,0.00000,0.00005,0.00724
33.66000,0.62194,0.99168,0.00001,0.00091,0.00740
33.99000,0.62194,0.88093,0.00061,0.00846,0.11000
34.32000,0.62194,0.90134,0.00000,0.01123,0.08742
34.65000,0.62194,0.99977,0.00000,0.00005,0.00018
34.98000,0.62194,0.99973,0.00000,0.00009,0.00018
35.31000,0.62194,0.99708,0.00000,0.00040,0.00253
35.64000,0.62194,0.99739,0.00000,0.00075,0.00185
35.97000,0.62194,0.99418,0.00000,0.00017,0.00564
36.30000,0.62194,0.99260,0.00001,0.00272,0.00467
36.63000,0.62194,0.99883,0.00000,0.00038,0.00078
36.96000,0.62194,0.99939,0.00000,0.00009,0.00052
37.29000,0.62194,0.99608,0.00000,0.00059,0.00332
37.62000,0.62194,0.99855,0.00000,0.00003,0.00142
37.95000,0.62194,0.99842,0.00000,0.00001,0.00157
38.28000,0.62194,0.99996,0.00000,0.00001,0.00002
38.61000,0.62194,0.99979,0.00000,0.00011,0.00010
38.94000,0.62194,0.99949,0.00000,0.00017,0.00035
39.27000,0.62194,0.99994,0.00000,0.00003,0.00003
39.60000,0.62194,0.97504,0.00131,0.00513,0.01852
39.93000,0.62194,0.99973,0.00000,0.00001,0.00026
40.26000,0.62194,0.99991,0.00000,0.00003,0.00007
40.59000,0.62194,0.99945,0.00000,0.00012,0.00044
40.92000,0.62194,0.99122,0.00000,0.00016,0.00863
41.25000,0.62194,0.99183,0.00000,0.00004,0.00813
41.58000,0.62194,0.91144,0.00000,0.00075,0.08781
41.91000,0.62194,0.92455,0.00000,0.00246,0.07299
42.24000,0.62194,0.99475,0.00000,0.00046,0.00480
42.57000,0.62194,0.76458,0.00001,0.01371,0.22170
42.90000,0.62194,0.52437,0.00028,0.00021,0.47515
43.23000,0.62194,0.99160,0.00000,0.00000,0.00840
43.56000,0.62194,0.99893,0.00000,0.00013,0.00094
43.89000,0.62194,0.62453,0.00000,0.00269,0.37278
44.22000,0.62194,0.77751,0.00000,0.00176,0.22072
44.55000,0.62194,0.51369,0.00155,0.16240,0.32237
44.88000,0.62194,0.96756,0.00001,0.01268,0.01975
45.21000,0.62194,0.98321,0.00004,0.00566,0.01109
45.54000,0.62194,0.71741,0.00001,0.13564,0.14695
45.87000,0.62194,0.92292,0.00000,0.00812,0.06895
46.20000,0.62194,0.95849,0.00002,0.00145,0.04005
46.53000,0.62194,0.86299,0.00000,0.00490,0.13210
46.86000,0.62194,0.99803,0.00000,0.00008,0.00189
47.19000,0.62194,0.99984,0.00000,0.00004,0.00012
47.52000,0.62194,0.99929,0.00000,0.00003,0.00068
47.85000,0.62194,0.88870,0.00000,0.00063,0.11067
48.18000,0.62194,0.78001,0.00054,0.00032,0.21914
48.51000,0.62194,0.58301,0.00001,0.00027,0.41671
48.84000,0.62194,0.56020,0.00000,0.00604,0.43375
49.17000,0.62194,0.84911,0.00000,0.00049,0.15040
49.50000,0.62194,0.24960,0.00000,0.00001,0.75039
49.83000,0.62194,0.30140,0.00000,0.00001,0.69859
50.16000,0.62194,0.95604,0.00115,0.00004,0.04277
50.49000,0.62194,0.99807,0.00000,0.00003,0.00189
50.82000,0.62194,0.99735,0.00000,0.00005,0.00259
51.15000,0.62194,0.99511,0.00000,0.00022,0.00467
51.48000,0.62194,0.99949,0.00000,0.00034,0.00017
51.81000,0.62194,0.99769,0.00000,0.00024,0.00207
52.14000,0.62194,0.88491,0.00004,0.00283,0.11223
52.47000,0.62194,0.99540,0.00000,0.00032,0.00429
52.80000,0.62194,0.99996,0.00000,0.00002,0.00003
53.13000,0.62194,0.99954,0.00000,0.00008,0.00038
53.46000,0.62194,0.98964,0.00000,0.00001,0.01034
53.79000,0.62194,0.96179,0.00000,0.00013,0.03808
54.12000,0.62194,0.85620,0.00001,0.04034,0.10345
54.45000,0.62194,0.85656,0.00001,0.01100,0.13243
54.78000,0.62194,0.25037,0.00001,0.01592,0.73370
55.11000,0.62194,0.84996,0.00000,0.02633,0.12371
55.44000,0.62194,0.99129,0.00000,0.00019,0.00851
55.77000,0.62194,0.99820,0.00000,0.00027,0.00154
56.10000,0.62194,0.99284,0.00001,0.00019,0.00696
56.43000,0.62194,0.58020,0.00062,0.00913,0.41005
56.76000,0.62194,0.99112,0.00000,0.00174,0.00715
57.09000,0.62194,0.99903,0.00000,0.00002,0.00095
57.42000,0.62194,0.98990,0.00000,0.00002,0.01008
57.75000,0.62194,0.99379,0.00000,0.00001,0.00620
58.08000,0.62194,0.95182,0.00000,0.00045,0.04773
58.41000,0.62194,0.99339,0.00000,0.00051,0.00610
58.74000,0.62194,0.99982,0.00000,0.00002,0.00016
59.07000,0.62194,0.99733,0.00000,0.00000,0.00267
59.40000,0.62194,0.98216,0.00000,0.00000,0.01783
59.73000,0.62194,0.98745,0.00000,0.00010,0.01245
60.06000,0.62194,0.98201,0.00000,0.00014,0.01784
60.39000,0.62194,0.91423,0.00000,0.00132,0.08445
60.72000,0.62194,0.98548,0.00000,0.00068,0.01384
61.05000,0.62194,0.98899,0.00000,0.00022,0.01079
61.38000,0.62194,0.99715,0.00000,0.00006,0.00279
61.71000,0.62194,0.99970,0.00000,0.00001,0.00030
62.04000,0.62194,0.99978,0.00000,0.00002,0.00021
62.37000,0.62194,0.99978,0.00000,0.00001,0.00021
62.70000,0.62194,0.99823,0.00000,0.00002,0.00176
63.03000,0.62194,0.99824,0.00000,0.00003,0.00173
63.36000,0.62194,0.88879,0.00000,0.00311,0.10809
63.69000,0.62194,0.40985,0.00000,0.00080,0.58935
64.02000,0.62194,0.43639,0.00000,0.00113,0.56247
64.35000,0.62194,0.81863,0.00000,0.00071,0.18066
64.68000,0.62194,0.85305,0.00001,0.00385,0.14309
65.01000,0.62193,0.89863,0.00003,0.00464,0.09670
65.34000,0.62194,0.85088,0.00001,0.00657,0.14254
65.67000,0.62194,0.94648,0.00000,0.00294,0.05058
66.00000,0.62194,0.98305,0.00002,0.00240,0.01453
66.33000,0.62193,0.79946,0.00000,0.00681,0.19372
66.66000,0.62193,0.94405,0.00000,0.00034,0.05560
66.99000,0.62194,0.99525,0.00000,0.00020,0.00454
67.32000,0.62194,0.94322,0.00000,0.00217,0.05461
67.65000,0.62193,0.97266,0.00000,0.00043,0.02692
67.98000,0.62193,0.99705,0.00000,0.00025,0.00270
68.31000,0.62194,0.98553,0.00000,0.00085,0.01362
68.64000,0.62194,0.99827,0.00000,0.00008,0.00165
68.97000,0.62193,0.99934,0.00000,0.00004,0.00062
69.30000,0.62193,0.96116,0.00000,0.00043,0.03841
69.63000,0.62194,0.11900,0.00004,0.02326,0.85770
69.96000,0.62194,0.67161,0.00003,0.02288,0.30548
70.29000,0.62193,0.95721,0.00000,0.00090,0.04189
70.62000,0.62193,0.59871,0.00002,0.00585,0.39542
70.95000,0.62194,0.80888,0.00130,0.01358,0.17625
71.28000,0.62194,0.99302,0.00000,0.00185,0.00513
71.61000,0.62194,0.99792,0.00000,0.00007,0.00202
71.94000,0.62193,0.85812,0.00000,0.00034,0.14154
72.27000,0.62194,0.87164,0.00000,0.00443,0.12393
72.60000,0.62194,0.98776,0.00000,0.00026,0.01198
72.93000,0.62194,0.97292,0.00000,0.00026,0.02683
73.26000,0.62193,0.90654,0.00000,0.00424,0.08922
73.59000,0.62194,0.88222,0.00000,0.00181,0.11597
73.92000,0.62194,0.98874,0.00000,0.00035,0.01091
74.25000,0.62194,0.93543,0.00001,0.00211,0.06245
74.58000,0.62193,0.92939,0.00001,0.00320,0.06739
74.91000,0.62193,0.81798,0.00003,0.00420,0.17779
75.24000,0.62194,0.99768,0.00000,0.00043,0.00189
75.57000,0.62194,0.99929,0.00000,0.00005,0.00066
75.90000,0.62193,0.99663,0.00000,0.00008,0.00329
76.23000,0.62193,0.99964,0.00000,0.00011,0.00025
76.56000,0.62194,0.99886,0.00000,0.00055,0.00058
76.89000,0.62194,0.99924,0.00000,0.00015,0.00062
77.22000,0.62193,0.99991,0.00000,0.00003,0.00006
77.55000,0.62193,1.00000,0.00000,0.00000,0.00000
77.88000,0.62194,0.99998,0.00000,0.00002,0.00001
78.21000,0.62194,0.94653,0.00004,0.01071,0.04272
78.54000,0.62193,0.94349,0.00000,0.00240,0.05412
78.87000,0.62193,0.99694,0.00000,0.00006,0.00301
79.20000,0.62194,0.18501,0.00000,0.00041,0.81458
79.53000,0.62194,0.61769,0.00000,0.00031,0.38200
79.86000,0.62194,0.99315,0.00000,0.00009,0.00676
80.19000,0.62193,0.99996,0.00000,0.00001,0.00003
80.52000,0.62194,0.99942,0.00000,0.00008,0.00051
80.85000,0.62194,0.99983,0.00000,0.00005,0.00012
81.18000,0.62194,0.99963,0.00000,0.00003,0.00034
81.51000,0.62193,0.99872,0.00000,0.00002,0.00126
81.84000,0.62194,0.99966,0.00000,0.00001,0.00032
82.17000,0.62194,0.99991,0.00000,0.00000,0.00008
82.50000,0.62194,0.99992,0.00000,0.00001,0.00008
82.83000,0.62193,0.99998,0.00000,0.00000,0.00001
83.16000,0.62193,1.00000,0.00000,0.00000,0.00000
83.49000,0.62194,0.99995,0.00000,0.00001,0.00004
83.82000,0.62194,0.97576,0.00000,0.00072,0.02353
84.15000,0.62193,0.85679,0.00000,0.00125,0.14196
84.48000,0.62193,0.99777,0.00000,0.00002,0.00221
84.81000,0.62194,0.99869,0.00000,0.00000,0.00130
85.14000,0.62194,0.99454,0.00000,0.00001,0.00545
85.47000,0.62193,0.77980,0.00015,0.00016,0.21989
85.80000,0.62193,0.45639,0.00103,0.00003,0.54255
86.13000,0.62194,0.45160,0.00119,0.00003,0.54718
86.46000,0.62194,0.74420,0.00310,0.00002,0.25268
86.79000,0.62193,0.76710,0.01504,0.00004,0.21782
87.12000,0.62193,0.70618,0.02638,0.00003,0.26741
87.45000,0.62194,0.71930,0.01863,0.00002,0.26205
87.78000,0.62194,0.46350,0.01905,0.00002,0.51744
88.11000,0.62194,0.52508,0.01907,0.00004,0.45581
88.44000,0.62193,0.86149,0.01819,0.00001,0.12031
88.77000,0.62194,0.91247,0.01868,0.00001,0.06884
89.10000,0.62194,0.76735,0.07218,0.00004,0.16042
89.43000,0.62194,0.65598,0.06836,0.00005,0.27561
89.76000,0.62193,0.86580,0.02194,0.00002,0.11223
90.09000,0.62194,0.84076,0.04580,0.00002,0.11342
90.42000,0.62194,0.74438,0.18995,0.00001,0.06566
90.75000,0.62194,0.87411,0.02471,0.00000,0.10118
91.08000,0.62193,0.69200,0.00390,0.00001,0.30409
91.41000,0.62193,0.07812,0.00054,0.00000,0.92134
91.74000,0.62194,0.60255,0.00354,0.00000,0.39391
92.07000,0.62194,0.91730,0.00469,0.00000,0.07801
92.40000,0.62193,0.82565,0.03121,0.00000,0.14314
92.73000,0.62193,0.74212,0.07757,0.00000,0.18031
93.06000,0.62194,0.66849,0.28751,0.00001,0.04399
93.39000,0.62194,0.71746,0.19472,0.00002,0.08780
93.72000,0.62193,0.80189,0.12481,0.00001,0.07328
94.05000,0.62193,0.64158,0.28929,0.00001,0.06912
94.38000,0.62194,0.71847,0.12643,0.00002,0.15508
94.71000,0.62194,0.76112,0.13908,0.00002,0.09978
95.04000,0.62193,0.81631,0.14694,0.00000,0.03675
95.37000,0.62193,0.86703,0.11980,0.00000,0.01317
95.70000,0.62194,0.75826,0.23193,0.00000,0.00982
96.03000,0.62194,0.81652,0.11308,0.00000,0.07040
96.36000,0.62194,0.84324,0.05560,0.00000,0.10116
96.69000,0.62193,0.51713,0.01743,0.00003,0.46541
97.02000,0.62194,0.79994,0.12266,0.00014,0.07727
97.35000,0.62194,0.50173,0.48598,0.00000,0.01229
97.68000,0.62194,0.58532,0.38784,0.00000,0.02683
98.01000,0.62193,0.79702,0.17470,0.00000,0.02827
98.34000,0.62194,0.68284,0.29113,0.00000,0.02603
98.67000,0.62194,0.70640,0.22384,0.00001,0.06976
99.00000,0.62194,0.82337,0.14817,0.00001,0.02844
99.33000,0.62193,0.53945,0.45448,0.00000,0.00607
99.66000,0.62193,0.50949,0.48528,0.00000,0.00524
99.99000,0.62194,0.62971,0.32727,0.00001,0.04301
100.32000,0.62194,0.75395,0.21967,0.00000,0.02637
100.65000,0.62193,0.73412,0.24400,0.00000,0.02187
100.98000,0.62193,0.77073,0.21490,0.00000,0.01437
101.31000,0.62194,0.75703,0.22009,0.00001,0.02288
101.64000,0.62194,0.76985,0.19112,0.00001,0.03902
101.97000,0.62193,0.79131,0.18891,0.00000,0.01978
102.30000,0.62193,0.79654,0.17624,0.00000,0.02721
102.63000,0.62194,0.85458,0.12689,0.00000,0.01852
102.96000,0.62194,0.90294,0.05254,0.00000,0.04452
103.29000,0.62193,0.84181,0.12397,0.00000,0.03421
103.62000,0.62193,0.76177,0.17828,0.00001,0.05994
103.95000,0.62194,0.59866,0.30920,0.00002,0.09213
104.28000,0.62194,0.68332,0.20502,0.00002,0.11164
104.61000,0.62194,0.71625,0.23253,0.00001,0.05122
104.94000,0.62193,0.84554,0.13369,0.00000,0.02078
105.27000,0.62194,0.62993,0.32932,0.00001,0.04074
105.60000,0.62194,0.73542,0.10595,0.00003,0.15861
105.93000,0.62194,0.78813,0.11819,0.00004,0.09363
106.26000,0.62193,0.69134,0.20205,0.00006,0.10654
106.59000,0.62194,0.58313,0.29445,0.00002,0.12240
106.92000,0.62194,0.75335,0.04877,0.00001,0.19787
107.25000,0.62194,0.79189,0.07475,0.00000,0.13336
107.58000,0.62193,0.85617,0.06575,0.00001,0.07807
107.91000,0.62193,0.69521,0.09035,0.00005,0.21438
108.24000,0.62194,0.70287,0.08636,0.00007,0.21070
108.57000,0.62194,0.71143,0.06271,0.00012,0.22573
108.90000,0.62193,0.81714,0.13376,0.00004,0.04907
109.23000,0.62193,0.72116,0.25306,0.00002,0.02576
109.56000,0.62194,0.79794,0.10865,0.00001,0.09341
109.89000,0.62194,0.94771,0.02144,0.00000,0.03085
110.22000,0.62193,0.95015,0.03347,0.00000,0.01637
110.55000,0.62193,0.77195,0.19577,0.00000,0.03228
110.88000,0.62194,0.99540,0.00005,0.00001,0.00454
111.21000,0.62194,0.99105,0.00000,0.00008,0.00886
111.54000,0.62193,0.99152,0.00000,0.00018,0.00830
111.87000,0.62193,0.99831,0.00000,0.00023,0.00146
112.20000,0.62194,0.96251,0.00007,0.01740,0.02002
112.53000,0.62194,0.53939,0.00009,0.03670,0.42383
112.86000,0.62194,0.46540,0.00109,0.01492,0.51858
113.19000,0.62193,0.08462,0.00019,0.01038,0.90482
113.52000,0.62194,0.74764,0.00006,0.01403,0.23827
113.85000,0.62194,0.49047,0.00000,0.00124,0.50829
114.18000,0.62194,0.53027,0.00002,0.00206,0.46764
114.51000,0.62193,0.62515,0.00011,0.00177,0.37298
114.84000,0.62194,0.23041,0.00000,0.00260,0.76699
115.17000,0.62194,0.68616,0.00000,0.00264,0.31119
115.50000,0.62194,0.94035,0.00002,0.00215,0.05748
115.83000,0.62193,0.99120,0.00000,0.00056,0.00824
116.16000,0.62193,0.99519,0.00000,0.00020,0.00460
116.49000,0.62194,0.93337,0.00001,0.00004,0.06659
116.82000,0.62194,0.96200,0.00004,0.00216,0.03581
117.15000,0.62193,0.81541,0.00037,0.07671,0.10751
117.48000,0.62193,0.99610,0.00000,0.00141,0.00249
117.81000,0.62194,0.99118,0.00003,0.00023,0.00856
118.14000,0.62194,0.66937,0.00885,0.00006,0.32173
118.47000,0.62193,0.52812,0.00343,0.00002,0.46843
118.80000,0.62193,0.66278,0.01362,0.00005,0.32355
119.13000,0.62194,0.68950,0.01167,0.00003,0.29880
119.46000,0.62194,0.78058,0.00276,0.00001,0.21665
119.79000,0.62193,0.92251,0.00794,0.00001,0.06954
120.12000,0.62193,0.91321,0.01268,0.00001,0.07410
120.45000,0.62194,0.92375,0.01539,0.00002,0.06083
120.78000,0.62194,0.74519,0.09593,0.00020,0.15868
121.11000,0.62194,0.63034,0.01507,0.00012,0.35447
121.44000,0.62193,0.92748,0.05145,0.00002,0.02105
121.77000,0.62194,0.72749,0.19407,0.00016,0.07828
122.10000,0.62194,0.66136,0.18294,0.00003,0.15567
122.43000,0.62194,0.85345,0.07491,0.00003,0.07161
122.76000,0.62193,0.89732,0.02682,0.00011,0.07575
123.09000,0.62194,0.89652,0.03607,0.00011,0.06730
123.42000,0.62194,0.89187,0.05314,0.00001,0.05497
123.75000,0.62194,0.94432,0.02308,0.00001,0.03258
124.08000,0.62193,0.90390,0.01724,0.00001,0.07885
124.41000,0.62193,0.95295,0.02422,0.00001,0.02282
124.74000,0.62194,0.82817,0.05611,0.00001,0.11571
125.07000,0.62194,0.82390,0.05998,0.00008,0.11603
125.40000,0.62193,0.85345,0.11668,0.00085,0.02901
125.73000,0.62193,0.93112,0.00280,0.00677,0.05930
126.06000,0.62194,0.96287,0.00728,0.00095,0.02891
126.39000,0.62194,0.97657,0.01936,0.00071,0.00336
126.72000,0.62193,0.99750,0.00125,0.00033,0.00092
127.05000,0.62193,0.99293,0.00349,0.00029,0.00329
127.38000,0.62194,0.93515,0.00455,0.00002,0.06029
127.71000,0.62194,0.88270,0.07657,0.00002,0.04072
128.03999,0.62195,0.78067,0.16319,0.00004,0.05610
128.37000,0.62195,0.86507,0.11366,0.00021,0.02106
128.70000,0.62193,0.84075,0.10437,0.00069,0.05419
129.03000,0.62193,0.74486,0.17821,0.00009,0.07684
129.36000,0.62193,0.83431,0.04644,0.00003,0.11923
129.69000,0.62193,0.89917,0.05245,0.00001,0.04837
130.02000,0.62193,0.90630,0.05796,0.00001,0.03574
130.35001,0.62193,0.53936,0.44773,0.00002,0.01288
130.67999,0.62195,0.60072,0.39780,0.00002,0.00146
131.00999,0.62195,0.96370,0.03391,0.00008,0.00230
131.34000,0.62195,0.99024,0.00689,0.00120,0.00167
131.67000,0.62193,0.97319,0.01965,0.00315,0.00401
132.00000,0.62193,0.95849,0.01077,0.00025,0.03049
132.33000,0.62193,0.88033,0.01365,0.00001,0.10601
132.66000,0.62193,0.91488,0.03438,0.00003,0.05071
132.99001,0.62193,0.85793,0.03082,0.00011,0.11114
133.32001,0.62193,0.84926,0.12622,0.00000,0.02451
133.64999,0.62195,0.66548,0.29724,0.00002,0.03726
133.98000,0.62195,0.84738,0.04317,0.00004,0.10941
134.31000,0.62193,0.90329,0.05404,0.00000,0.04266
134.64000,0.62193,0.95999,0.00849,0.00002,0.03149
134.97000,0.62193,0.71140,0.00001,0.00103,0.28756
135.30000,0.62193,0.54704,0.00001,0.00545,0.44749
135.63000,0.62193,0.73171,0.00000,0.00509,0.26320
135.96001,0.62193,0.96951,0.00000,0.00126,0.02923
136.28999,0.62195,0.99920,0.00000,0.00005,0.00074
136.62000,0.62195,0.99200,0.00000,0.00024,0.00775
136.95000,0.62193,0.99651,0.00000,0.00225,0.00124
137.28000,0.62193,0.98950,0.00000,0.00063,0.00988
137.61000,0.62193,0.99980,0.00000,0.00001,0.00020
137.94000,0.62193,0.98433,0.00000,0.00011,0.01556
138.27000,0.62193,0.99689,0.00000,0.00008,0.00303
138.60001,0.62193,0.99944,0.00000,0.00024,0.00033
138.92999,0.62195,0.99129,0.00000,0.00213,0.00657
139.25999,0.62195,0.60064,0.00001,0.00231,0.39704
139.59000,0.62195,0.70586,0.00000,0.00404,0.29010
139.92000,0.62193,0.91833,0.00000,0.00005,0.08162
140.25000,0.62193,0.86586,0.00000,0.00023,0.13391
140.58000,0.62193,0.48968,0.00039,0.05931,0.45062
140.91000,0.62193,0.40367,0.00016,0.13528,0.46089
141.24001,0.62193,0.94475,0.00000,0.00239,0.05286
141.57001,0.62193,0.96977,0.00004,0.00115,0.02904
141.89999,0.62195,0.99672,0.00000,0.00007,0.00320
142.23000,0.62195,0.99890,0.00000,0.00017,0.00092
142.56000,0.62193,0.89835,0.00001,0.00605,0.09559
142.89000,0.62193,0.99112,0.00000,0.00074,0.00814
143.22000,0.62193,0.99015,0.00000,0.00035,0.00950
143.55000,0.62193,0.99032,0.00000,0.00035,0.00933
143.88000,0.62193,0.99932,0.00000,0.00017,0.00051
144.21001,0.62193,0.99793,0.00000,0.00029,0.00177
144.53999,0.62195,0.99967,0.00000,0.00007,0.00026
144.87000,0.62195,0.99858,0.00000,0.00007,0.00135
145.20000,0.62193,0.99944,0.00000,0.00004,0.00052
145.53000,0.62193,0.99288,0.00000,0.00052,0.00661
145.86000,0.62193,0.99919,0.00000,0.00015,0.00066
146.19000,0.62193,0.99999,0.00000,0.00001,0.00000
146.52000,0.62193,0.99656,0.00000,0.00005,0.00339
146.85001,0.62193,0.99774,0.00000,0.00038,0.00187
147.17999,0.62195,0.94682,0.00119,0.04236,0.00963
147.50999,0.62195,0.67581,0.00004,0.15242,0.17173
147.84000,0.62195,0.98615,0.00000,0.00134,0.01252
148.17000,0.62193,0.50199,0.00001,0.00787,0.49013
148.50000,0.62193,0.12738,0.00007,0.05148,0.82107
148.83000,0.62193,0.13956,0.00015,0.09782,0.76247
149.16000,0.62193,0.29411,0.00003,0.19809,0.50777
149.49001,0.62193,0.30648,0.00000,0.00064,0.69288
149.82001,0.62193,0.95864,0.00001,0.00314,0.03822
150.14999,0.62195,0.89924,0.00000,0.00035,0.10041
150.48000,0.62195,0.27773,0.00000,0.00144,0.72083
150.81000,0.62193,0.74886,0.00000,0.00228,0.24886
151.14000,0.62193,0.98848,0.00000,0.00137,0.01015
151.47000,0.62193,0.95669,0.00231,0.00189,0.03911
151.80000,0.62193,0.24025,0.69941,0.00002,0.06033
152.13000,0.62193,0.13257,0.80579,0.00001,0.06164
152.46001,0.62193,0.12085,0.86030,0.00001,0.01885
152.78999,0.62195,0.22244,0.75817,0.00003,0.01936
153.12000,0.62195,0.46947,0.36354,0.00235,0.16463
153.45000,0.62193,0.26084,0.70843,0.00002,0.03071
153.78000,0.62193,0.15709,0.81198,0.00000,0.03093
154.11000,0.62193,0.17978,0.80298,0.00000,0.01723
154.44000,0.62193,0.14558,0.85248,0.00000,0.00194
154.77000,0.62193,0.05238,0.94748,0.00000,0.00014
155.10001,0.62193,0.11324,0.88517,0.00000,0.00160
155.42999,0.62195,0.24634,0.75033,0.00000,0.00333
155.75999,0.62195,0.21829,0.78091,0.00000,0.00080
156.09000,0.62195,0.07589,0.92388,0.00000,0.00023
156.42000,0.62193,0.04012,0.95985,0.00000,0.00003
156.75000,0.62193,0.02813,0.97186,0.00000,0.00001
157.08000,0.62193,0.02803,0.97197,0.00000,0.00000
157.41000,0.62193,0.03995,0.96002,0.00000,0.00003
157.74001,0.62193,0.10245,0.89669,0.00000,0.00085
158.07001,0.62193,0.08645,0.91318,0.00000,0.00037
158.39999,0.62195,0.02510,0.97489,0.00000,0.00001
158.73000,0.62195,0.03013,0.96987,0.00000,0.00001
159.06000,0.62193,0.03057,0.96942,0.00000,0.00001
159.39000,0.62193,0.01928,0.98071,0.00000,0.00001
159.72000,0.62193,0.05278,0.94716,0.00000,0.00006
160.05000,0.62193,0.06786,0.93199,0.00000,0.00016
160.38000,0.62193,0.09974,0.89979,0.00000,0.00048
160.71001,0.62193,0.09857,0.90113,0.00000,0.00030
161.03999,0.62195,0.05628,0.94352,0.00000,0.00020
161.37000,0.62195,0.03157,0.96829,0.00000,0.00014
161.70000,0.62193,0.05163,0.94714,0.00000,0.00123
162.03000,0.62193,0.04702,0.95228,0.00000,0.00070
162.36000,0.62193,0.05502,0.94420,0.00000,0.00078
162.69000,0.62193,0.02643,0.97317,0.00000,0.00039
163.02000,0.62193,0.03835,0.96137,0.00000,0.00029
163.35001,0.62193,0.07881,0.92105,0.00000,0.00014
163.67999,0.62195,0.05080,0.94911,0.00000,0.00009
164.00999,0.62195,0.05634,0.94281,0.00000,0.00085
164.34000,0.62195,0.05741,0.93355,0.00000,0.00904
164.67000,0.62193,0.02994,0.96852,0.00000,0.00153
165.00000,0.62193,0.02529,0.97433,0.00001,0.00038
165.33000,0.62193,0.01685,0.98307,0.00000,0.00008
165.66000,0.62193,0.01950,0.98043,0.00000,0.00007
165.99001,0.62193,0.02609,0.97388,0.00000,0.00003
166.32001,0.62193,0.02827,0.97171,0.00000,0.00003
166.64999,0.62195,0.03947,0.96044,0.00000,0.00009
166.98000,0.62195,0.03881,0.96112,0.00000,0.00007
167.31000,0.62193,0.01408,0.98591,0.00000,0.00001
167.64000,0.62193,0.00810,0.99189,0.00000,0.00001
167.97000,0.62193,0.01047,0.98952,0.00000,0.00001
168.30000,0.62193,0.02394,0.97594,0.00000,0.00012
168.63000,0.62193,0.02404,0.97593,0.00000,0.00003
168.96001,0.62193,0.04589,0.95407,0.00000,0.00004
169.28999,0.62195,0.03724,0.96266,0.00000,0.00011
169.62000,0.62195,0.03062,0.96933,0.00000,0.00004
169.95000,0.62193,0.01389,0.98611,0.00000,0.00000
170.28000,0.62193,0.00652,0.99348,0.00000,0.00000
170.61000,0.62193,0.02399,0.97598,0.00000,0.00002
170.94000,0.62193,0.05892,0.94080,0.00000,0.00028
171.27000,0.62193,0.19416,0.80564,0.00000,0.00020
171.60001,0.62193,0.24582,0.75341,0.00000,0.00077
171.92999,0.62195,0.14543,0.85021,0.00001,0.00435
172.25999,0.62195,0.09722,0.90239,0.00000,0.00038
172.59000,0.62195,0.08692,0.91297,0.00000,0.00011
172.92000,0.62193,0.03484,0.96513,0.00000,0.00004
173.25000,0.62193,0.02935,0.97060,0.00000,0.00005
173.58000,0.62193,0.02050,0.97944,0.00000,0.00005
173.91000,0.62193,0.02758,0.97229,0.00000,0.00013
174.24001,0.62193,0.01936,0.98056,0.00000,0.00008
174.57001,0.62193,0.04082,0.95759,0.00000,0.00158
174.89999,0.62195,0.07920,0.90413,0.00000,0.01667
175.23000,0.62195,0.06977,0.91546,0.00000,0.01477
175.56000,0.62193,0.07383,0.89683,0.00000,0.02934
175.89000,0.62193,0.14311,0.82162,0.00000,0.03526
176.22000,0.62193,0.08655,0.90483,0.00000,0.00861
176.55000,0.62193,0.08375,0.90533,0.00000,0.01092
176.88000,0.62193,0.15826,0.81981,0.00000,0.02192
177.21001,0.62193,0.13296,0.86426,0.00000,0.00278
177.53999,0.62195,0.05375,0.94614,0.00000,0.00011
177.87000,0.62195,0.01887,0.98112,0.00000,0.00001
178.20000,0.62193,0.03335,0.96655,0.00000,0.00010
178.53000,0.62193,0.10325,0.89219,0.00000,0.00456
178.86000,0.62193,0.10104,0.88487,0.00000,0.01409
179.19000,0.62193,0.16384,0.80376,0.00000,0.03239
179.52000,0.62193,0.12597,0.84848,0.00000,0.02555
179.85001,0.62193,0.09160,0.89481,0.00000,0.01359
180.17999,0.62195,0.08395,0.91463,0.00000,0.00142
180.50999,0.62195,0.09123,0.90843,0.00000,0.00033
180.84000,0.62195,0.06592,0.93395,0.00000,0.00013
181.17000,0.62193,0.08531,0.91429,0.00000,0.00040
181.50000,0.62193,0.10800,0.89147,0.00000,0.00052
181.83000,0.62193,0.11069,0.88901,0.00000,0.00030
182.16000,0.62193,0.06224,0.93764,0.00000,0.00011
182.49001,0.62193,0.14469,0.85335,0.00000,0.00196
182.82001,0.62193,0.18425,0.81202,0.00000,0.00373
183.14999,0.62195,0.08019,0.91857,0.00000,0.00124
183.48000,0.62195,0.08069,0.91752,0.00000,0.00179
183.81000,0.62193,0.09452,0.88309,0.00000,0.02238
184.14000,0.62193,0.07494,0.90669,0.00000,0.01838
184.47000,0.62193,0.04400,0.94387,0.00000,0.01213
184.80000,0.62193,0.01281,0.89801,0.00000,0.08918
185.13000,0.62193,0.00410,0.97361,0.00000,0.02228
185.46001,0.62193,0.00497,0.97196,0.00000,0.02307
185.78999,0.62195,0.00669,0.89521,0.00000,0.09810
186.12000,0.62195,0.00619,0.88706,0.00000,0.10674
186.45000,0.62193,0.00567,0.88724,0.00000,0.10709
186.78000,0.62193,0.00865,0.77986,0.00000,0.21149
187.11000,0.62193,0.00883,0.92319,0.00000,0.06798
187.44000,0.62193,0.01112,0.96031,0.00000,0.02856
187.77000,0.62193,0.02791,0.96285,0.00000,0.00924
188.10001,0.62193,0.05600,0.94332,0.00000,0.00067
188.42999,0.62195,0.06689,0.93297,0.00000,0.00014
188.75999,0.62195,0.05707,0.94217,0.00000,0.00076
189.09000,0.62195,0.03121,0.96173,0.00000,0.00705
189.42000,0.62193,0.01051,0.98626,0.00000,0.00322
189.75000,0.62193,0.00298,0.99701,0.00000,0.00001
190.08000,0.62193,0.00113,0.99887,0.00000,0.00000
190.41000,0.62193,0.00586,0.99413,0.00000,0.00000
190.74001,0.62193,0.01962,0.98026,0.00000,0.00011
191.07001,0.62193,0.01079,0.98856,0.00000,0.00066
191.39999,0.62195,0.01069,0.98910,0.00000,0.00021
191.73000,0.62195,0.03261,0.96675,0.00000,0.00064
192.06000,0.62193,0.02814,0.97162,0.00000,0.00024
192.39000,0.62193,0.02079,0.97902,0.00000,0.00019
192.72000,0.62193,0.01239,0.98756,0.00000,0.00005
193.05000,0.62193,0.01088,0.98908,0.00000,0.00004
193.38000,0.62193,0.00860,0.99134,0.00000,0.00006
193.71001,0.62193,0.00653,0.99322,0.00000,0.00025
194.03999,0.62195,0.00444,0.99554,0.00000,0.00002
194.37000,0.62195,0.00363,0.99636,0.00000,0.00001
194.70000,0.62193,0.01680,0.98312,0.00001,0.00007
195.03000,0.62193,0.05879,0.94049,0.00008,0.00063
195.36000,0.62193,0.02704,0.97270,0.00000,0.00026
195.69000,0.62193,0.06340,0.93492,0.00000,0.00168
196.02000,0.62193,0.06927,0.92878,0.00000,0.00195
196.35001,0.62193,0.07212,0.92737,0.00000,0.00051
196.67999,0.62195,0.13006,0.86970,0.00000,0.00024
197.00999,0.62195,0.20510,0.79359,0.00000,0.00131
197.34000,0.62195,0.11039,0.88925,0.00000,0.00036
197.67000,0.62193,0.14700,0.85235,0.00000,0.00065
198.00000,0.62193,0.17882,0.82047,0.00000,0.00071
198.33000,0.62193,0.11339,0.88623,0.00000,0.00038
198.66000,0.62193,0.08065,0.91925,0.00000,0.00010
198.99001,0.62193,0.03533,0.96466,0.00000,0.00001
199.32001,0.62193,0.03075,0.96911,0.00001,0.00013
199.64999,0.62195,0.01742,0.98238,0.00000,0.00020
199.98000,0.62195,0.00188,0.99812,0.00000,0.00000
200.31000,0.62193,0.00037,0.99963,0.00000,0.00000
200.64000,0.62193,0.00027,0.99973,0.00000,0.00000
200.97000,0.62193,0.00064,0.99932,0.00004,0.00000
201.30000,0.62193,0.00280,0.99439,0.00280,0.00000
201.63000,0.62193,0.00040,0.99959,0.00000,0.00000
201.96001,0.62193,0.00040,0.99960,0.00000,0.00000
202.28999,0.62195,0.00037,0.99963,0.00000,0.00000
202.62000,0.62195,0.00044,0.99956,0.00000,0.00000
202.95000,0.62193,0.00079,0.99921,0.00000,0.00000
203.28000,0.62193,0.00083,0.99917,0.00000,0.00000
203.61000,0.62193,0.00131,0.99869,0.00000,0.00000
203.94000,0.62193,0.00095,0.99905,0.00000,0.00000
204.27000,0.62193,0.00059,0.99941,0.00000,0.00000
204.60001,0.62193,0.00043,0.99957,0.00000,0.00000
204.92999,0.62195,0.00024,0.99976,0.00000,0.00000
205.25999,0.62195,0.00022,0.99978,0.00000,0.00000
205.59000,0.62195,0.00030,0.99970,0.00000,0.00000
205.92000,0.62193,0.00093,0.99903,0.00000,0.00003
206.25000,0.62193,0.00107,0.99881,0.00000,0.00011
206.58000,0.62193,0.00081,0.99918,0.00000,0.00001
206.91000,0.62193,0.00132,0.99864,0.00000,0.00004
207.24001,0.62193,0.00067,0.99933,0.00000,0.00000
207.57001,0.62193,0.00049,0.99950,0.00000,0.00000
207.89999,0.62195,0.00044,0.99956,0.00000,0.00000
208.23000,0.62195,0.00040,0.99960,0.00000,0.00000
208.56000,0.62193,0.00051,0.99949,0.00000,0.00000
208.89000,0.62193,0.00200,0.99800,0.00000,0.00000
209.22000,0.62193,0.01976,0.98023,0.00000,0.00001
209.55000,0.62193,0.03005,0.96954,0.00000,0.00041
209.88000,0.62193,0.02206,0.97743,0.00000,0.00051
210.21001,0.62193,0.02929,0.97043,0.00000,0.00029
210.53999,0.62195,0.02409,0.97479,0.00000,0.00112
210.87000,0.62195,0.03412,0.95609,0.00000,0.00979
211.20000,0.62193,0.08484,0.90529,0.00000,0.00986
211.53000,0.62193,0.60767,0.37591,0.00000,0.01642
211.86000,0.62193,0.99487,0.00001,0.00001,0.00511
212.19000,0.62193,0.98714,0.00000,0.00015,0.01271
212.52000,0.62193,0.99685,0.00000,0.00002,0.00313
212.85001,0.62193,0.99974,0.00000,0.00000,0.00025
213.17999,0.62195,0.99500,0.00000,0.00004,0.00496
213.50999,0.62195,0.99923,0.00000,0.00001,0.00076
213.84000,0.62195,0.99994,0.00000,0.00000,0.00006
214.17000,0.62193,0.99961,0.00000,0.00000,0.00038
214.50000,0.62193,0.99999,0.00000,0.00000,0.00001
214.83000,0.62193,0.99997,0.00000,0.00000,0.00003
215.16000,0.62193,0.99997,0.00000,0.00000,0.00003
215.49001,0.62193,0.99964,0.00000,0.00001,0.00035
215.82001,0.62193,0.99928,0.00000,0.00001,0.00071
216.14999,0.62195,0.99992,0.00000,0.00000,0.00008
216.48000,0.62195,0.99997,0.00000,0.00000,0.00003
216.81000,0.62193,0.99996,0.00000,0.00000,0.00004
217.14000,0.62193,0.99996,0.00000,0.00000,0.00003
217.47000,0.62193,0.99993,0.00000,0.00000,0.00007
217.80000,0.62193,0.99942,0.00000,0.00001,0.00057
218.13000,0.62193,0.99997,0.00000,0.00000,0.00003
218.46001,0.62193,1.00000,0.00000,0.00000,0.00000
218.78999,0.62195,0.99948,0.00000,0.00001,0.00050
219.12000,0.62195,0.99985,0.00000,0.00001,0.00014
219.45000,0.62193,0.99997,0.00000,0.00001,0.00002
219.78000,0.62193,1.00000,0.00000,0.00000,0.00000
220.11000,0.62193,0.99998,0.00000,0.00000,0.00001
220.44000,0.62193,0.99983,0.00000,0.00001,0.00016
220.77000,0.62193,0.99999,0.00000,0.00000,0.00001
221.10001,0.62193,1.00000,0.00000,0.00000,0.00000
221.42999,0.62195,0.99998,0.00000,0.00000,0.00002
221.75999,0.62195,0.99998,0.00000,0.00000,0.00002
222.09000,0.62195,0.99999,0.00000,0.00000,0.00001
222.42000,0.62193,0.99997,0.00000,0.00000,0.00003
222.75000,0.62193,0.99950,0.00000,0.00002,0.00048
223.08000,0.62193,0.99994,0.00000,0.00000,0.00005
223.41000,0.62193,0.99995,0.00000,0.00000,0.00004
223.74001,0.62193,0.99997,0.00000,0.00000,0.00003
224.07001,0.62193,0.99980,0.00000,0.00000,0.00020
224.39999,0.62195,0.99996,0.00000,0.00000,0.00004
224.73000,0.62195,0.99999,0.00000,0.00000,0.00001
225.06000,0.62193,0.99975,0.00000,0.00000,0.00025
225.39000,0.62193,0.99963,0.00000,0.00000,0.00037
225.72000,0.62193,0.99999,0.00000,0.00000,0.00001
226.05000,0.62193,1.00000,0.00000,0.00000,0.00000
226.38000,0.62193,0.99997,0.00000,0.00000,0.00003
226.71001,0.62193,0.99997,0.00000,0.00000,0.00003
227.03999,0.62195,1.00000,0.00000,0.00000,0.00000
227.37000,0.62195,1.00000,0.00000,0.00000,0.00000
227.70000,0.62193,0.99993,0.00000,0.00000,0.00006
228.03000,0.62193,0.99874,0.00000,0.00001,0.00125
228.36000,0.62193,0.99991,0.00000,0.00000,0.00009
228.69000,0.62193,0.99951,0.00000,0.00000,0.00048
229.02000,0.62193,0.99982,0.00000,0.00001,0.00017
