Time (seconds), Duration (seconds),pred_(unlabeled),pred_brushing_teeth,pred_hair_drying,pred_showering
0.00000,0.62194,1.00000,0.00000,0.00000,0.00000
0.33000,0.62194,0.99998,0.00000,0.00000,0.00001
0.66000,0.62194,0.99998,0.00000,0.00000,0.00001
0.99000,0.62194,0.99998,0.00000,0.00000,0.00001
1.32000,0.62194,0.99998,0.00000,0.00000,0.00002
1.65000,0.62194,0.99998,0.00000,0.00000,0.00001
1.98000,0.62194,0.99997,0.00001,0.00001,0.00002
2.31000,0.62194,0.99996,0.00001,0.00001,0.00003
2.64000,0.62194,0.99995,0.00000,0.00000,0.00004
2.97000,0.62194,0.99994,0.00001,0.00001,0.00005
3.30000,0.62194,0.99996,0.00000,0.00000,0.00004
3.63000,0.62194,0.99995,0.00000,0.00000,0.00004
3.96000,0.62194,0.99994,0.00001,0.00001,0.00005
4.29000,0.62194,0.99994,0.00001,0.00001,0.00005
4.62000,0.62194,0.99991,0.00001,0.00001,0.00007
4.95000,0.62194,0.99996,0.00000,0.00000,0.00004
5.28000,0.62194,0.99994,0.00000,0.00001,0.00005
5.61000,0.62194,0.99990,0.00001,0.00001,0.00009
5.94000,0.62194,0.99991,0.00001,0.00001,0.00007
6.27000,0.62194,0.99987,0.00002,0.00001,0.00010
6.60000,0.62194,0.99980,0.00001,0.00001,0.00018
6.93000,0.62194,0.99990,0.00001,0.00001,0.00009
7.26000,0.62194,0.99988,0.00001,0.00001,0.00010
7.59000,0.62194,0.99978,0.00003,0.00001,0.00018
7.92000,0.62194,0.99979,0.00002,0.00001,0.00017
8.25000,0.62194,0.99986,0.00002,0.00001,0.00011
8.58000,0.62194,0.99981,0.00002,0.00001,0.00015
8.91000,0.62194,0.99981,0.00002,0.00001,0.00016
9.24000,0.62194,0.99985,0.00002,0.00001,0.00012
9.57000,0.62194,0.99988,0.00001,0.00001,0.00010
9.90000,0.62194,0.99986,0.00002,0.00001,0.00011
10.23000,0.62194,0.99983,0.00003,0.00001,0.00013
10.56000,0.62194,0.99983,0.00002,0.00001,0.00014
10.89000,0.62194,0.99987,0.00001,0.00001,0.00011
11.22000,0.62194,0.99986,0.00001,0.00001,0.00012
11.55000,0.62194,0.99981,0.00002,0.00001,0.00015
11.88000,0.62194,0.99983,0.00002,0.00001,0.00014
12.21000,0.62194,0.99986,0.00002,0.00001,0.00011
12.54000,0.62194,0.99986,0.00002,0.00001,0.00011
12.87000,0.62194,0.99988,0.00001,0.00001,0.00010
13.20000,0.62194,0.99987,0.00001,0.00001,0.00011
13.53000,0.62194,0.99982,0.00002,0.00001,0.00014
13.86000,0.62194,0.99978,0.00004,0.00002,0.00016
14.19000,0.62194,0.99986,0.00002,0.00001,0.00011
14.52000,0.62194,0.99981,0.00002,0.00001,0.00016
14.85000,0.62194,0.99983,0.00002,0.00001,0.00014
15.18000,0.62194,0.99983,0.00003,0.00002,0.00012
15.51000,0.62194,0.99986,0.00003,0.00002,0.00010
15.84000,0.62194,0.99982,0.00003,0.00002,0.00013
16.17000,0.62194,0.99984,0.00003,0.00002,0.00011
16.50000,0.62194,0.99979,0.00004,0.00002,0.00015
16.83000,0.62194,0.99984,0.00003,0.00002,0.00012
17.16000,0.62194,0.99981,0.00004,0.00002,0.00014
17.49000,0.62194,0.99985,0.00003,0.00002,0.00010
17.82000,0.62194,0.99984,0.00002,0.00001,0.00012
18.15000,0.62194,0.99982,0.00004,0.00002,0.00012
18.48000,0.62194,0.99989,0.00001,0.00001,0.00009
18.81000,0.62194,0.99989,0.00001,0.00001,0.00009
19.14000,0.62194,0.99990,0.00001,0.00001,0.00009
19.47000,0.62194,0.99991,0.00001,0.00001,0.00007
19.80000,0.62194,0.99984,0.00002,0.00002,0.00012
20.13000,0.62194,0.99976,0.00004,0.00002,0.00017
20.46000,0.62194,0.99985,0.00003,0.00001,0.00010
20.79000,0.62194,0.99990,0.00002,0.00001,0.00006
21.12000,0.62194,0.99986,0.00002,0.00001,0.00010
21.45000,0.62194,0.99983,0.00002,0.00001,0.00013
21.78000,0.62194,0.99981,0.00004,0.00002,0.00013
22.11000,0.62194,0.99989,0.00003,0.00002,0.00007
22.44000,0.62194,0.99986,0.00003,0.00001,0.00010
22.77000,0.62194,0.99983,0.00004,0.00002,0.00012
23.10000,0.62194,0.99985,0.00003,0.00002,0.00010
23.43000,0.62194,0.99985,0.00003,0.00001,0.00011
23.76000,0.62194,0.99981,0.00003,0.00002,0.00014
24.09000,0.62194,0.99977,0.00005,0.00002,0.00016
24.42000,0.62194,0.99985,0.00003,0.00001,0.00011
24.75000,0.62194,0.99988,0.00002,0.00001,0.00009
25.08000,0.62194,0.99988,0.00002,0.00001,0.00010
25.41000,0.62194,0.99984,0.00003,0.00002,0.00011
25.74000,0.62194,0.99984,0.00003,0.00002,0.00011
26.07000,0.62194,0.99984,0.00002,0.00001,0.00013
26.40000,0.62194,0.99980,0.00003,0.00002,0.00015
26.73000,0.62194,0.99986,0.00002,0.00001,0.00010
27.06000,0.62194,0.99988,0.00002,0.00001,0.00008
27.39000,0.62194,0.99988,0.00002,0.00001,0.00009
27.72000,0.62194,0.99982,0.00002,0.00001,0.00014
28.05000,0.62194,0.99982,0.00002,0.00001,0.00014
28.38000,0.62194,0.99980,0.00004,0.00002,0.00013
28.71000,0.62194,0.99983,0.00003,0.00002,0.00011
29.04000,0.62194,0.99985,0.00002,0.00001,0.00011
29.37000,0.62194,0.99978,0.00004,0.00002,0.00016
29.70000,0.62194,0.99986,0.00003,0.00001,0.00010
30.03000,0.62194,0.99985,0.00003,0.00002,0.00010
30.36000,0.62194,0.99981,0.00003,0.00002,0.00015
30.69000,0.62194,0.99973,0.00002,0.00001,0.00024
31.02000,0.62194,0.99970,0.00002,0.00001,0.00028
31.35000,0.62194,0.99975,0.00002,0.00001,0.00021
31.68000,0.62194,0.99975,0.00004,0.00002,0.00019
32.01000,0.62194,0.99988,0.00002,0.00001,0.00009
32.34000,0.62194,0.99986,0.00002,0.00002,0.00009
32.67000,0.62194,0.99987,0.00003,0.00002,0.00009
33.00000,0.62194,0.99980,0.00003,0.00002,0.00015
33.33000,0.62194,0.99988,0.00002,0.00001,0.00009
33.66000,0.62194,0.99981,0.00003,0.00002,0.00015
33.99000,0.62194,0.99981,0.00003,0.00002,0.00015
34.32000,0.62194,0.99984,0.00003,0.00002,0.00012
34.65000,0.62194,0.99986,0.00003,0.00002,0.00009
34.98000,0.62194,0.99979,0.00004,0.00002,0.00015
35.31000,0.62194,0.99976,0.00004,0.00002,0.00018
35.64000,0.62194,0.99987,0.00002,0.00001,0.00010
35.97000,0.62194,0.99974,0.00005,0.00002,0.00019
36.30000,0.62194,0.99975,0.00003,0.00001,0.00020
36.63000,0.62194,0.99982,0.00003,0.00002,0.00014
36.96000,0.62194,0.99992,0.00001,0.00001,0.00006
37.29000,0.62194,0.99997,0.00001,0.00001,0.00001
37.62000,0.62194,0.99998,0.00000,0.00001,0.00001
37.95000,0.62194,0.99998,0.00000,0.00000,0.00001
38.28000,0.62194,0.99999,0.00000,0.00000,0.00001
38.61000,0.62194,0.99996,0.00001,0.00001,0.00002
38.94000,0.62194,0.99997,0.00001,0.00001,0.00002
39.27000,0.62194,0.99978,0.00002,0.00002,0.00018
39.60000,0.62194,0.99977,0.00001,0.00001,0.00022
39.93000,0.62194,0.99956,0.00002,0.00001,0.00041
40.26000,0.62194,0.99967,0.00004,0.00002,0.00027
40.59000,0.62194,0.99979,0.00003,0.00002,0.00015
40.92000,0.62194,0.99965,0.00000,0.00034,0.00001
41.25000,0.62194,0.99991,0.00000,0.00008,0.00000
41.58000,0.62194,0.99996,0.00001,0.00002,0.00002
41.91000,0.62194,0.99995,0.00001,0.00001,0.00004
42.24000,0.62194,0.99996,0.00001,0.00001,0.00003
42.57000,0.62194,0.99992,0.00001,0.00001,0.00007
42.90000,0.62194,0.99990,0.00001,0.00001,0.00008
43.23000,0.62194,0.99978,0.00002,0.00001,0.00019
43.56000,0.62194,0.99991,0.00001,0.00001,0.00008
43.89000,0.62194,0.99937,0.00003,0.00002,0.00059
44.22000,0.62194,0.99922,0.00005,0.00003,0.00070
44.55000,0.62194,0.99987,0.00002,0.00002,0.00009
44.88000,0.62194,0.99990,0.00001,0.00001,0.00008
45.21000,0.62194,0.99965,0.00003,0.00002,0.00030
45.54000,0.62194,0.99979,0.00001,0.00001,0.00018
45.87000,0.62194,0.99993,0.00000,0.00000,0.00006
46.20000,0.62194,0.99987,0.00001,0.00001,0.00011
46.53000,0.62194,0.99984,0.00001,0.00001,0.00014
46.86000,0.62194,0.99976,0.00002,0.00002,0.00020
47.19000,0.62194,0.99990,0.00001,0.00001,0.00008
47.52000,0.62194,0.99978,0.00002,0.00004,0.00015
47.85000,0.62194,0.99987,0.00001,0.00004,0.00009
48.18000,0.62194,0.99994,0.00001,0.00002,0.00004
48.51000,0.62194,0.99992,0.00001,0.00002,0.00006
48.84000,0.62194,0.99991,0.00001,0.00001,0.00007
49.17000,0.62194,0.99986,0.00001,0.00002,0.00011
49.50000,0.62194,0.99993,0.00001,0.00001,0.00005
49.83000,0.62194,0.99999,0.00000,0.00000,0.00001
50.16000,0.62194,0.99995,0.00001,0.00001,0.00003
50.49000,0.62194,0.99988,0.00001,0.00001,0.00010
50.82000,0.62194,1.00000,0.00000,0.00000,0.00000
51.15000,0.62194,1.00000,0.00000,0.00000,0.00000
51.48000,0.62194,1.00000,0.00000,0.00000,0.00000
51.81000,0.62194,1.00000,0.00000,0.00000,0.00000
52.14000,0.62194,1.00000,0.00000,0.00000,0.00000
52.47000,0.62194,1.00000,0.00000,0.00000,0.00000
52.80000,0.62194,0.99999,0.00000,0.00000,0.00001
53.13000,0.62194,0.99988,0.00001,0.00001,0.00010
53.46000,0.62194,0.99982,0.00003,0.00002,0.00013
53.79000,0.62194,0.99991,0.00001,0.00001,0.00007
54.12000,0.62194,0.99994,0.00001,0.00001,0.00005
54.45000,0.62194,0.99983,0.00002,0.00002,0.00013
54.78000,0.62194,0.99987,0.00002,0.00001,0.00009
55.11000,0.62194,1.00000,0.00000,0.00000,0.00000
55.44000,0.62194,0.99999,0.00000,0.00000,0.00001
55.77000,0.62194,0.99996,0.00001,0.00001,0.00002
56.10000,0.62194,0.99999,0.00000,0.00000,0.00001
56.43000,0.62194,1.00000,0.00000,0.00000,0.00000
56.76000,0.62194,0.99992,0.00001,0.00001,0.00006
57.09000,0.62194,0.99988,0.00001,0.00001,0.00010
57.42000,0.62194,0.99988,0.00001,0.00001,0.00010
57.75000,0.62194,0.99985,0.00002,0.00001,0.00011
58.08000,0.62194,0.99989,0.00002,0.00001,0.00008
58.41000,0.62194,0.99986,0.00002,0.00001,0.00011
58.74000,0.62194,0.99987,0.00002,0.00001,0.00010
59.07000,0.62194,0.99986,0.00002,0.00001,0.00011
59.40000,0.62194,0.99989,0.00001,0.00001,0.00009
59.73000,0.62194,0.99989,0.00001,0.00001,0.00008
60.06000,0.62194,0.99990,0.00001,0.00001,0.00008
60.39000,0.62194,0.99987,0.00002,0.00001,0.00009
60.72000,0.62194,0.99984,0.00002,0.00001,0.00013
61.05000,0.62194,0.99994,0.00001,0.00001,0.00004
61.38000,0.62194,0.99989,0.00001,0.00002,0.00007
61.71000,0.62194,1.00000,0.00000,0.00000,0.00000
62.04000,0.62194,1.00000,0.00000,0.00000,0.00000
62.37000,0.62194,1.00000,0.00000,0.00000,0.00000
62.70000,0.62194,0.99998,0.00000,0.00000,0.00001
63.03000,0.62194,0.99983,0.00002,0.00001,0.00014
63.36000,0.62194,0.99988,0.00002,0.00001,0.00009
63.69000,0.62194,0.99987,0.00002,0.00001,0.00011
64.02000,0.62194,0.99998,0.00000,0.00000,0.00002
64.35000,0.62194,1.00000,0.00000,0.00000,0.00000
64.68000,0.62194,0.99999,0.00000,0.00000,0.00000
65.01000,0.62193,0.99997,0.00001,0.00001,0.00002
65.34000,0.62194,0.99978,0.00002,0.00002,0.00018
65.67000,0.62194,0.99984,0.00002,0.00001,0.00013
66.00000,0.62194,0.99993,0.00001,0.00001,0.00006
66.33000,0.62193,1.00000,0.00000,0.00000,0.00000
66.66000,0.62193,1.00000,0.00000,0.00000,0.00000
66.99000,0.62194,1.00000,0.00000,0.00000,0.00000
67.32000,0.62194,0.99998,0.00000,0.00001,0.00000
67.65000,0.62193,0.99979,0.00003,0.00003,0.00016
67.98000,0.62193,0.99989,0.00002,0.00002,0.00007
68.31000,0.62194,0.99995,0.00001,0.00001,0.00003
68.64000,0.62194,1.00000,0.00000,0.00000,0.00000
68.97000,0.62193,1.00000,0.00000,0.00000,0.00000
69.30000,0.62193,1.00000,0.00000,0.00000,0.00000
69.63000,0.62194,0.99993,0.00001,0.00002,0.00004
69.96000,0.62194,0.99990,0.00001,0.00001,0.00007
70.29000,0.62193,0.99999,0.00000,0.00000,0.00000
70.62000,0.62193,1.00000,0.00000,0.00000,0.00000
70.95000,0.62194,0.99998,0.00001,0.00001,0.00001
71.28000,0.62194,0.99987,0.00002,0.00002,0.00010
71.61000,0.62194,0.99986,0.00002,0.00002,0.00010
71.94000,0.62193,0.99985,0.00002,0.00002,0.00011
72.27000,0.62194,1.00000,0.00000,0.00000,0.00000
72.60000,0.62194,1.00000,0.00000,0.00000,0.00000
72.93000,0.62194,0.99994,0.00001,0.00001,0.00004
73.26000,0.62193,0.99988,0.00001,0.00001,0.00009
73.59000,0.62194,1.00000,0.00000,0.00000,0.00000
73.92000,0.62194,0.99999,0.00000,0.00000,0.00000
74.25000,0.62194,0.99984,0.00002,0.00002,0.00012
74.58000,0.62193,0.99998,0.00000,0.00000,0.00001
74.91000,0.62193,1.00000,0.00000,0.00000,0.00000
75.24000,0.62194,0.99998,0.00000,0.00000,0.00001
75.57000,0.62194,0.99987,0.00002,0.00002,0.00008
75.90000,0.62193,0.99989,0.00002,0.00001,0.00008
76.23000,0.62193,0.99985,0.00001,0.00001,0.00013
76.56000,0.62194,0.99999,0.00000,0.00000,0.00000
76.89000,0.62194,1.00000,0.00000,0.00000,0.00000
77.22000,0.62193,1.00000,0.00000,0.00000,0.00000
77.55000,0.62193,0.99998,0.00000,0.00001,0.00000
77.88000,0.62194,0.99999,0.00000,0.00000,0.00001
78.21000,0.62194,0.99999,0.00000,0.00000,0.00001
78.54000,0.62193,0.99996,0.00001,0.00001,0.00002
78.87000,0.62193,0.99995,0.00001,0.00001,0.00004
79.20000,0.62194,0.99977,0.00003,0.00005,0.00015
79.53000,0.62194,0.99977,0.00003,0.00007,0.00013
79.86000,0.62194,0.99747,0.00025,0.00010,0.00218
80.19000,0.62193,0.99949,0.00010,0.00003,0.00038
80.52000,0.62194,0.99956,0.00011,0.00017,0.00016
80.85000,0.62194,0.99990,0.00002,0.00006,0.00002
81.18000,0.62194,0.99975,0.00004,0.00004,0.00017
81.51000,0.62193,0.99990,0.00001,0.00001,0.00009
81.84000,0.62194,0.99989,0.00001,0.00001,0.00008
82.17000,0.62194,0.99983,0.00005,0.00002,0.00010
82.50000,0.62194,0.99915,0.00010,0.00002,0.00072
82.83000,0.62193,0.99822,0.00011,0.00005,0.00162
83.16000,0.62193,0.99956,0.00003,0.00002,0.00039
83.49000,0.62194,0.99968,0.00003,0.00001,0.00028
83.82000,0.62194,0.99888,0.00012,0.00005,0.00095
84.15000,0.62193,0.99852,0.00005,0.00002,0.00141
84.48000,0.62193,0.99933,0.00003,0.00001,0.00063
84.81000,0.62194,0.99963,0.00003,0.00001,0.00032
85.14000,0.62194,0.99948,0.00006,0.00003,0.00043
85.47000,0.62193,0.99694,0.00035,0.00009,0.00262
85.80000,0.62193,0.99954,0.00007,0.00003,0.00036
86.13000,0.62194,0.99996,0.00001,0.00001,0.00003
86.46000,0.62194,0.99998,0.00000,0.00000,0.00001
86.79000,0.62193,0.99990,0.00001,0.00001,0.00007
87.12000,0.62193,0.99946,0.00005,0.00002,0.00048
87.45000,0.62194,0.99978,0.00003,0.00002,0.00017
87.78000,0.62194,0.99992,0.00002,0.00001,0.00005
88.11000,0.62194,0.99991,0.00001,0.00001,0.00006
88.44000,0.62193,0.99998,0.00000,0.00000,0.00002
88.77000,0.62194,0.99998,0.00000,0.00000,0.00001
89.10000,0.62194,1.00000,0.00000,0.00000,0.00000
89.43000,0.62194,1.00000,0.00000,0.00000,0.00000
89.76000,0.62193,0.99999,0.00000,0.00000,0.00001
90.09000,0.62194,0.99985,0.00002,0.00001,0.00012
90.42000,0.62194,0.99980,0.00003,0.00002,0.00015
90.75000,0.62194,0.99985,0.00002,0.00001,0.00012
91.08000,0.62193,0.99981,0.00002,0.00001,0.00015
91.41000,0.62193,0.99993,0.00001,0.00001,0.00006
91.74000,0.62194,0.99999,0.00000,0.00000,0.00001
92.07000,0.62194,0.99998,0.00000,0.00000,0.00002
92.40000,0.62193,0.99985,0.00001,0.00001,0.00012
92.73000,0.62193,0.99991,0.00001,0.00001,0.00008
93.06000,0.62194,0.99991,0.00001,0.00001,0.00007
93.39000,0.62194,0.99993,0.00001,0.00001,0.00006
93.72000,0.62193,0.99994,0.00000,0.00000,0.00005
94.05000,0.62193,0.99992,0.00001,0.00001,0.00006
94.38000,0.62194,0.99988,0.00001,0.00001,0.00010
94.71000,0.62194,0.99998,0.00000,0.00000,0.00002
95.04000,0.62193,0.99999,0.00000,0.00000,0.00001
95.37000,0.62193,0.99997,0.00000,0.00000,0.00003
95.70000,0.62194,0.99985,0.00003,0.00002,0.00010
96.03000,0.62194,0.99992,0.00001,0.00001,0.00006
96.36000,0.62194,0.99995,0.00000,0.00000,0.00004
96.69000,0.62193,0.99994,0.00000,0.00001,0.00005
97.02000,0.62194,0.99990,0.00001,0.00001,0.00009
97.35000,0.62194,0.99986,0.00001,0.00001,0.00012
97.68000,0.62194,0.99985,0.00002,0.00001,0.00012
98.01000,0.62193,0.99988,0.00001,0.00001,0.00010
98.34000,0.62194,0.99992,0.00001,0.00001,0.00006
98.67000,0.62194,0.99999,0.00000,0.00000,0.00001
99.00000,0.62194,0.99995,0.00000,0.00000,0.00004
99.33000,0.62193,0.99989,0.00001,0.00001,0.00010
99.66000,0.62193,0.99992,0.00001,0.00001,0.00006
99.99000,0.62194,0.99999,0.00000,0.00000,0.00001
100.32000,0.62194,0.99998,0.00000,0.00000,0.00001
100.65000,0.62193,0.99995,0.00000,0.00000,0.00005
100.98000,0.62193,0.99996,0.00000,0.00000,0.00004
101.31000,0.62194,0.99988,0.00001,0.00001,0.00011
101.64000,0.62194,0.99993,0.00000,0.00000,0.00006
101.97000,0.62193,0.99992,0.00001,0.00001,0.00007
102.30000,0.62193,0.99989,0.00001,0.00001,0.00009
102.63000,0.62194,0.99992,0.00001,0.00001,0.00007
102.96000,0.62194,0.99987,0.00001,0.00001,0.00011
103.29000,0.62193,0.99986,0.00001,0.00001,0.00013
103.62000,0.62193,0.99985,0.00001,0.00001,0.00012
103.95000,0.62194,0.99988,0.00001,0.00001,0.00009
104.28000,0.62194,0.99991,0.00001,0.00001,0.00007
104.61000,0.62194,0.99988,0.00001,0.00001,0.00010
104.94000,0.62193,0.99997,0.00000,0.00000,0.00002
105.27000,0.62194,0.99997,0.00000,0.00000,0.00003
105.60000,0.62194,0.99997,0.00000,0.00000,0.00003
105.93000,0.62194,0.99988,0.00001,0.00001,0.00010
106.26000,0.62193,0.99987,0.00001,0.00001,0.00010
106.59000,0.62194,0.99987,0.00001,0.00001,0.00011
106.92000,0.62194,0.99984,0.00003,0.00002,0.00012
107.25000,0.62194,0.99978,0.00004,0.00002,0.00017
107.58000,0.62193,0.99987,0.00002,0.00001,0.00010
107.91000,0.62193,0.99991,0.00001,0.00001,0.00008
108.24000,0.62194,0.99993,0.00001,0.00001,0.00005
108.57000,0.62194,0.99997,0.00000,0.00000,0.00002
108.90000,0.62193,0.99991,0.00001,0.00001,0.00008
109.23000,0.62193,0.99987,0.00002,0.00001,0.00010
109.56000,0.62194,0.99987,0.00002,0.00001,0.00010
109.89000,0.62194,0.99989,0.00002,0.00001,0.00008
110.22000,0.62193,0.99986,0.00003,0.00001,0.00010
110.55000,0.62193,0.99987,0.00002,0.00001,0.00010
110.88000,0.62194,0.99983,0.00002,0.00001,0.00014
111.21000,0.62194,0.99987,0.00002,0.00001,0.00010
111.54000,0.62193,0.99983,0.00002,0.00001,0.00013
111.87000,0.62193,0.99989,0.00002,0.00001,0.00008
112.20000,0.62194,0.99999,0.00000,0.00000,0.00001
112.53000,0.62194,0.99998,0.00000,0.00000,0.00001
112.86000,0.62194,0.99990,0.00001,0.00001,0.00009
113.19000,0.62193,0.99993,0.00001,0.00001,0.00006
113.52000,0.62194,0.99989,0.00001,0.00001,0.00009
113.85000,0.62194,0.99991,0.00001,0.00001,0.00008
114.18000,0.62194,0.99993,0.00001,0.00001,0.00006
114.51000,0.62193,0.99996,0.00000,0.00000,0.00003
114.84000,0.62194,0.99989,0.00001,0.00001,0.00009
115.17000,0.62194,0.99988,0.00001,0.00001,0.00010
115.50000,0.62194,0.99987,0.00002,0.00002,0.00010
115.83000,0.62193,0.99978,0.00003,0.00002,0.00017
116.16000,0.62193,0.99983,0.00002,0.00001,0.00014
116.49000,0.62194,0.99988,0.00001,0.00001,0.00010
116.82000,0.62194,0.99989,0.00001,0.00001,0.00010
117.15000,0.62193,0.99991,0.00001,0.00001,0.00008
117.48000,0.62193,0.99994,0.00001,0.00001,0.00005
117.81000,0.62194,0.99981,0.00002,0.00002,0.00015
118.14000,0.62194,0.99984,0.00002,0.00001,0.00013
118.47000,0.62193,0.99980,0.00002,0.00001,0.00016
118.80000,0.62193,0.99979,0.00003,0.00002,0.00016
119.13000,0.62194,0.99986,0.00003,0.00002,0.00009
119.46000,0.62194,0.99995,0.00000,0.00000,0.00004
119.79000,0.62193,0.99990,0.00001,0.00001,0.00008
120.12000,0.62193,0.99987,0.00001,0.00001,0.00011
120.45000,0.62194,0.99985,0.00002,0.00001,0.00012
120.78000,0.62194,0.99993,0.00001,0.00001,0.00006
121.11000,0.62194,0.99993,0.00001,0.00001,0.00006
121.44000,0.62193,0.99989,0.00001,0.00001,0.00009
121.77000,0.62194,0.99985,0.00001,0.00001,0.00013
122.10000,0.62194,0.99985,0.00001,0.00001,0.00013
122.43000,0.62194,0.99989,0.00001,0.00001,0.00009
122.76000,0.62193,0.99992,0.00001,0.00001,0.00007
123.09000,0.62194,0.99991,0.00001,0.00001,0.00007
123.42000,0.62194,0.99980,0.00003,0.00002,0.00016
123.75000,0.62194,0.99988,0.00002,0.00001,0.00009
124.08000,0.62193,0.99985,0.00002,0.00001,0.00012
124.41000,0.62193,0.99987,0.00002,0.00001,0.00010
124.74000,0.62194,0.99995,0.00001,0.00001,0.00004
125.07000,0.62194,0.99999,0.00000,0.00000,0.00000
125.40000,0.62193,1.00000,0.00000,0.00000,0.00000
125.73000,0.62193,0.99989,0.00001,0.00001,0.00009
126.06000,0.62194,0.99986,0.00001,0.00001,0.00011
126.39000,0.62194,0.99993,0.00001,0.00001,0.00005
126.72000,0.62193,0.99987,0.00001,0.00001,0.00010
127.05000,0.62193,0.99996,0.00000,0.00000,0.00003
127.38000,0.62194,0.99997,0.00000,0.00000,0.00003
127.71000,0.62194,0.99997,0.00000,0.00000,0.00002
128.03999,0.62195,0.99994,0.00001,0.00001,0.00005
128.37000,0.62195,0.99985,0.00001,0.00001,0.00012
128.70000,0.62193,0.99989,0.00001,0.00001,0.00009
129.03000,0.62193,0.99984,0.00003,0.00002,0.00012
129.36000,0.62193,0.99995,0.00001,0.00001,0.00004
129.69000,0.62193,1.00000,0.00000,0.00000,0.00000
130.02000,0.62193,0.99998,0.00000,0.00000,0.00001
130.35001,0.62193,0.99990,0.00001,0.00001,0.00007
130.67999,0.62195,0.99998,0.00000,0.00000,0.00002
131.00999,0.62195,0.99998,0.00000,0.00000,0.00001
131.34000,0.62195,0.99993,0.00001,0.00001,0.00006
131.67000,0.62193,0.99992,0.00001,0.00001,0.00006
132.00000,0.62193,0.99993,0.00001,0.00001,0.00006
132.33000,0.62193,0.99983,0.00002,0.00002,0.00013
132.66000,0.62193,0.99985,0.00002,0.00001,0.00012
132.99001,0.62193,0.99988,0.00001,0.00001,0.00010
133.32001,0.62193,0.99989,0.00001,0.00001,0.00008
133.64999,0.62195,0.99988,0.00001,0.00001,0.00010
133.98000,0.62195,0.99990,0.00001,0.00001,0.00008
134.31000,0.62193,0.99982,0.00002,0.00001,0.00014
134.64000,0.62193,0.99987,0.00002,0.00001,0.00010
134.97000,0.62193,0.99985,0.00002,0.00001,0.00012
135.30000,0.62193,0.99981,0.00003,0.00002,0.00015
135.63000,0.62193,0.99982,0.00003,0.00001,0.00014
135.96001,0.62193,0.99995,0.00001,0.00001,0.00004
136.28999,0.62195,0.99996,0.00000,0.00000,0.00003
136.62000,0.62195,0.99993,0.00001,0.00001,0.00006
136.95000,0.62193,0.99998,0.00000,0.00000,0.00002
137.28000,0.62193,0.99995,0.00001,0.00001,0.00004
137.61000,0.62193,0.99983,0.00002,0.00001,0.00014
137.94000,0.62193,0.99987,0.00001,0.00001,0.00011
138.27000,0.62193,0.99990,0.00001,0.00001,0.00008
138.60001,0.62193,0.99985,0.00001,0.00001,0.00013
138.92999,0.62195,0.99993,0.00001,0.00001,0.00006
139.25999,0.62195,0.99998,0.00000,0.00000,0.00002
139.59000,0.62195,0.99997,0.00000,0.00000,0.00002
139.92000,0.62193,0.99983,0.00002,0.00001,0.00014
140.25000,0.62193,0.99988,0.00002,0.00001,0.00009
140.58000,0.62193,0.99999,0.00000,0.00000,0.00001
140.91000,0.62193,0.99999,0.00000,0.00000,0.00001
141.24001,0.62193,0.99999,0.00000,0.00000,0.00000
141.57001,0.62193,1.00000,0.00000,0.00000,0.00000
141.89999,0.62195,1.00000,0.00000,0.00000,0.00000
142.23000,0.62195,0.99999,0.00000,0.00000,0.00001
142.56000,0.62193,1.00000,0.00000,0.00000,0.00000
142.89000,0.62193,0.99993,0.00001,0.00001,0.00005
143.22000,0.62193,0.99991,0.00001,0.00001,0.00007
143.55000,0.62193,0.99994,0.00001,0.00001,0.00005
143.88000,0.62193,0.99986,0.00001,0.00001,0.00011
144.21001,0.62193,0.99980,0.00003,0.00002,0.00016
144.53999,0.62195,0.99986,0.00002,0.00001,0.00011
144.87000,0.62195,0.99982,0.00002,0.00001,0.00014
145.20000,0.62193,0.99989,0.00001,0.00001,0.00008
145.53000,0.62193,0.99989,0.00002,0.00001,0.00008
145.86000,0.62193,0.99993,0.00001,0.00001,0.00005
146.19000,0.62193,0.99999,0.00000,0.00000,0.00000
146.52000,0.62193,0.99986,0.00002,0.00002,0.00010
146.85001,0.62193,0.99984,0.00002,0.00001,0.00013
147.17999,0.62195,0.99981,0.00003,0.00002,0.00014
147.50999,0.62195,0.99989,0.00002,0.00001,0.00008
147.84000,0.62195,0.99984,0.00002,0.00001,0.00012
148.17000,0.62193,0.99975,0.00003,0.00002,0.00020
148.50000,0.62193,0.99980,0.00002,0.00001,0.00017
148.83000,0.62193,0.99985,0.00002,0.00001,0.00012
149.16000,0.62193,0.99986,0.00001,0.00001,0.00011
149.49001,0.62193,0.99983,0.00002,0.00001,0.00014
149.82001,0.62193,0.99988,0.00001,0.00001,0.00010
150.14999,0.62195,0.99992,0.00001,0.00001,0.00007
150.48000,0.62195,0.99986,0.00001,0.00001,0.00012
150.81000,0.62193,0.99983,0.00002,0.00001,0.00014
151.14000,0.62193,0.99986,0.00001,0.00001,0.00012
151.47000,0.62193,0.99987,0.00001,0.00001,0.00011
151.80000,0.62193,0.99989,0.00001,0.00001,0.00009
152.13000,0.62193,0.99988,0.00002,0.00001,0.00010
152.46001,0.62193,0.99988,0.00002,0.00001,0.00009
152.78999,0.62195,0.99976,0.00004,0.00002,0.00018
153.12000,0.62195,0.99986,0.00002,0.00001,0.00011
153.45000,0.62193,0.99985,0.00002,0.00001,0.00013
153.78000,0.62193,0.99985,0.00002,0.00001,0.00012
154.11000,0.62193,0.99978,0.00003,0.00002,0.00017
154.44000,0.62193,0.99999,0.00000,0.00000,0.00001
154.77000,0.62193,1.00000,0.00000,0.00000,0.00000
155.10001,0.62193,1.00000,0.00000,0.00000,0.00000
155.42999,0.62195,1.00000,0.00000,0.00000,0.00000
155.75999,0.62195,1.00000,0.00000,0.00000,0.00000
156.09000,0.62195,0.99995,0.00000,0.00001,0.00004
156.42000,0.62193,0.99981,0.00003,0.00002,0.00014
156.75000,0.62193,0.99986,0.00002,0.00001,0.00012
157.08000,0.62193,0.99988,0.00001,0.00001,0.00010
157.41000,0.62193,0.99986,0.00001,0.00001,0.00011
157.74001,0.62193,0.99982,0.00002,0.00001,0.00015
158.07001,0.62193,0.99991,0.00001,0.00002,0.00005
158.39999,0.62195,1.00000,0.00000,0.00000,0.00000
158.73000,0.62195,1.00000,0.00000,0.00000,0.00000
159.06000,0.62193,1.00000,0.00000,0.00000,0.00000
159.39000,0.62193,0.99997,0.00000,0.00000,0.00002
159.72000,0.62193,1.00000,0.00000,0.00000,0.00000
160.05000,0.62193,1.00000,0.00000,0.00000,0.00000
160.38000,0.62193,1.00000,0.00000,0.00000,0.00000
160.71001,0.62193,1.00000,0.00000,0.00000,0.00000
161.03999,0.62195,1.00000,0.00000,0.00000,0.00000
161.37000,0.62195,1.00000,0.00000,0.00000,0.00000
161.70000,0.62193,1.00000,0.00000,0.00000,0.00000
162.03000,0.62193,1.00000,0.00000,0.00000,0.00000
162.36000,0.62193,1.00000,0.00000,0.00000,0.00000
162.69000,0.62193,1.00000,0.00000,0.00000,0.00000
163.02000,0.62193,0.99997,0.00000,0.00000,0.00002
163.35001,0.62193,0.99984,0.00003,0.00002,0.00011
163.67999,0.62195,0.99981,0.00003,0.00002,0.00015
164.00999,0.62195,0.99985,0.00003,0.00002,0.00011
164.34000,0.62195,0.99987,0.00002,0.00002,0.00009
164.67000,0.62193,0.99986,0.00002,0.00001,0.00012
165.00000,0.62193,0.99996,0.00001,0.00000,0.00003
165.33000,0.62193,1.00000,0.00000,0.00000,0.00000
165.66000,0.62193,1.00000,0.00000,0.00000,0.00000
165.99001,0.62193,1.00000,0.00000,0.00000,0.00000
166.32001,0.62193,0.99983,0.00002,0.00001,0.00014
166.64999,0.62195,0.99978,0.00003,0.00002,0.00018
166.98000,0.62195,0.99989,0.00001,0.00001,0.00009
167.31000,0.62193,0.99997,0.00000,0.00000,0.00003
167.64000,0.62193,0.99997,0.00000,0.00000,0.00002
167.97000,0.62193,0.99999,0.00000,0.00000,0.00001
168.30000,0.62193,0.99992,0.00001,0.00001,0.00007
168.63000,0.62193,0.99993,0.00001,0.00000,0.00006
168.96001,0.62193,0.99988,0.00001,0.00001,0.00010
169.28999,0.62195,0.99985,0.00001,0.00001,0.00013
169.62000,0.62195,0.99999,0.00000,0.00000,0.00001
169.95000,0.62193,1.00000,0.00000,0.00000,0.00000
170.28000,0.62193,0.99999,0.00000,0.00000,0.00000
170.61000,0.62193,0.99993,0.00001,0.00001,0.00005
170.94000,0.62193,0.99979,0.00002,0.00001,0.00018
171.27000,0.62193,0.99980,0.00002,0.00001,0.00016
171.60001,0.62193,0.99973,0.00004,0.00002,0.00021
171.92999,0.62195,0.99991,0.00001,0.00001,0.00007
172.25999,0.62195,0.99989,0.00001,0.00001,0.00010
172.59000,0.62195,0.99995,0.00001,0.00000,0.00004
172.92000,0.62193,1.00000,0.00000,0.00000,0.00000
173.25000,0.62193,1.00000,0.00000,0.00000,0.00000
173.58000,0.62193,1.00000,0.00000,0.00000,0.00000
173.91000,0.62193,0.99999,0.00000,0.00000,0.00001
174.24001,0.62193,0.99984,0.00002,0.00001,0.00014
174.57001,0.62193,0.99985,0.00002,0.00001,0.00012
174.89999,0.62195,0.99988,0.00001,0.00001,0.00009
175.23000,0.62195,0.99994,0.00001,0.00001,0.00005
175.56000,0.62193,0.99995,0.00000,0.00001,0.00004
175.89000,0.62193,0.99987,0.00001,0.00001,0.00010
176.22000,0.62193,0.99984,0.00002,0.00001,0.00013
176.55000,0.62193,0.99983,0.00002,0.00001,0.00014
176.88000,0.62193,0.99980,0.00003,0.00002,0.00015
177.21001,0.62193,0.99990,0.00001,0.00001,0.00008
177.53999,0.62195,0.99988,0.00002,0.00001,0.00009
177.87000,0.62195,0.99986,0.00002,0.00001,0.00010
178.20000,0.62193,0.99988,0.00002,0.00001,0.00009
178.53000,0.62193,0.99988,0.00001,0.00001,0.00010
178.86000,0.62193,0.99989,0.00001,0.00001,0.00009
179.19000,0.62193,0.99987,0.00002,0.00001,0.00010
179.52000,0.62193,0.99994,0.00001,0.00001,0.00005
179.85001,0.62193,0.99993,0.00001,0.00001,0.00006
180.17999,0.62195,0.99987,0.00002,0.00001,0.00011
180.50999,0.62195,0.99990,0.00001,0.00001,0.00008
180.84000,0.62195,0.99986,0.00001,0.00001,0.00011
181.17000,0.62193,0.99986,0.00003,0.00002,0.00010
181.50000,0.62193,0.99985,0.00003,0.00002,0.00010
181.83000,0.62193,0.99985,0.00002,0.00001,0.00012
182.16000,0.62193,0.99987,0.00002,0.00001,0.00010
182.49001,0.62193,0.99990,0.00001,0.00001,0.00008
182.82001,0.62193,0.99990,0.00001,0.00001,0.00009
183.14999,0.62195,0.99989,0.00001,0.00001,0.00009
183.48000,0.62195,0.99984,0.00002,0.00002,0.00012
183.81000,0.62193,0.99982,0.00003,0.00001,0.00014
184.14000,0.62193,0.99989,0.00001,0.00001,0.00008
184.47000,0.62193,0.99988,0.00001,0.00001,0.00010
184.80000,0.62193,0.99986,0.00001,0.00001,0.00011
185.13000,0.62193,0.99990,0.00001,0.00001,0.00008
185.46001,0.62193,0.99989,0.00001,0.00001,0.00009
185.78999,0.62195,0.99985,0.00002,0.00001,0.00012
186.12000,0.62195,0.99990,0.00001,0.00001,0.00008
186.45000,0.62193,0.99990,0.00001,0.00001,0.00008
186.78000,0.62193,0.99987,0.00001,0.00001,0.00011
187.11000,0.62193,0.99989,0.00001,0.00001,0.00009
187.44000,0.62193,0.99991,0.00001,0.00001,0.00008
187.77000,0.62193,0.99990,0.00001,0.00001,0.00009
188.10001,0.62193,0.99989,0.00001,0.00001,0.00009
188.42999,0.62195,0.99992,0.00001,0.00001,0.00007
188.75999,0.62195,0.99988,0.00001,0.00001,0.00010
189.09000,0.62195,0.99988,0.00002,0.00001,0.00009
189.42000,0.62193,0.99992,0.00001,0.00001,0.00006
189.75000,0.62193,0.99988,0.00001,0.00001,0.00011
190.08000,0.62193,0.99989,0.00001,0.00001,0.00009
190.41000,0.62193,0.99986,0.00001,0.00001,0.00012
190.74001,0.62193,0.99988,0.00001,0.00001,0.00010
191.07001,0.62193,0.99995,0.00000,0.00000,0.00004
191.39999,0.62195,0.99991,0.00001,0.00001,0.00007
191.73000,0.62195,0.99990,0.00001,0.00001,0.00008
192.06000,0.62193,0.99984,0.00001,0.00001,0.00013
192.39000,0.62193,0.99985,0.00002,0.00001,0.00013
192.72000,0.62193,0.99971,0.00004,0.00002,0.00022
193.05000,0.62193,0.99983,0.00002,0.00001,0.00013
193.38000,0.62193,0.99983,0.00002,0.00001,0.00013
193.71001,0.62193,0.99986,0.00002,0.00002,0.00010
194.03999,0.62195,0.99987,0.00002,0.00001,0.00010
194.37000,0.62195,0.99991,0.00001,0.00001,0.00007
194.70000,0.62193,0.99995,0.00000,0.00000,0.00004
195.03000,0.62193,0.99997,0.00000,0.00000,0.00003
195.36000,0.62193,0.99984,0.00002,0.00001,0.00013
195.69000,0.62193,0.99984,0.00002,0.00001,0.00012
196.02000,0.62193,0.99985,0.00002,0.00001,0.00012
196.35001,0.62193,0.99988,0.00002,0.00001,0.00009
196.67999,0.62195,0.99991,0.00001,0.00001,0.00007
197.00999,0.62195,0.99992,0.00000,0.00001,0.00007
197.34000,0.62195,0.99993,0.00000,0.00001,0.00006
197.67000,0.62193,0.99999,0.00000,0.00000,0.00001
198.00000,0.62193,0.99998,0.00000,0.00000,0.00001
198.33000,0.62193,0.99982,0.00002,0.00001,0.00015
198.66000,0.62193,0.99988,0.00001,0.00001,0.00009
198.99001,0.62193,0.99991,0.00001,0.00001,0.00007
199.32001,0.62193,0.99989,0.00001,0.00001,0.00009
199.64999,0.62195,0.99984,0.00002,0.00001,0.00012
199.98000,0.62195,0.99986,0.00002,0.00001,0.00011
200.31000,0.62193,0.99987,0.00002,0.00001,0.00010
200.64000,0.62193,0.99989,0.00001,0.00001,0.00008
200.97000,0.62193,0.99989,0.00001,0.00001,0.00009
201.30000,0.62193,0.99991,0.00001,0.00001,0.00008
201.63000,0.62193,0.99991,0.00001,0.00001,0.00008
201.96001,0.62193,0.99992,0.00001,0.00000,0.00007
202.28999,0.62195,0.99989,0.00001,0.00001,0.00009
202.62000,0.62195,0.99991,0.00001,0.00001,0.00007
202.95000,0.62193,0.99987,0.00001,0.00001,0.00010
203.28000,0.62193,0.99988,0.00001,0.00001,0.00010
203.61000,0.62193,0.99991,0.00001,0.00001,0.00008
203.94000,0.62193,0.99994,0.00001,0.00000,0.00005
204.27000,0.62193,0.99997,0.00000,0.00000,0.00002
204.60001,0.62193,0.99987,0.00001,0.00001,0.00011
204.92999,0.62195,0.99992,0.00001,0.00000,0.00007
205.25999,0.62195,0.99988,0.00001,0.00001,0.00011
205.59000,0.62195,0.99993,0.00001,0.00001,0.00006
205.92000,0.62193,0.99988,0.00001,0.00001,0.00010
206.25000,0.62193,0.99993,0.00001,0.00000,0.00006
206.58000,0.62193,0.99992,0.00001,0.00001,0.00007
206.91000,0.62193,0.99991,0.00001,0.00001,0.00007
207.24001,0.62193,0.99990,0.00002,0.00001,0.00008
207.57001,0.62193,0.99987,0.00002,0.00001,0.00010
207.89999,0.62195,0.99985,0.00002,0.00001,0.00013
208.23000,0.62195,0.99995,0.00000,0.00000,0.00004
208.56000,0.62193,0.99996,0.00000,0.00000,0.00003
208.89000,0.62193,0.99993,0.00001,0.00001,0.00006
209.22000,0.62193,0.99990,0.00001,0.00001,0.00007
209.55000,0.62193,0.99989,0.00001,0.00001,0.00009
209.88000,0.62193,0.99991,0.00001,0.00001,0.00008
210.21001,0.62193,0.99988,0.00001,0.00001,0.00010
210.53999,0.62195,0.99987,0.00001,0.00001,0.00011
210.87000,0.62195,0.99984,0.00002,0.00001,0.00013
211.20000,0.62193,0.99984,0.00002,0.00001,0.00013
211.53000,0.62193,0.99984,0.00002,0.00001,0.00012
211.86000,0.62193,0.99986,0.00002,0.00001,0.00011
212.19000,0.62193,0.99983,0.00002,0.00001,0.00014
212.52000,0.62193,0.99983,0.00003,0.00002,0.00013
212.85001,0.62193,0.99985,0.00003,0.00001,0.00010
213.17999,0.62195,0.99988,0.00002,0.00001,0.00009
213.50999,0.62195,0.99989,0.00001,0.00001,0.00009
213.84000,0.62195,0.99983,0.00001,0.00001,0.00014
214.17000,0.62193,0.99987,0.00002,0.00001,0.00011
214.50000,0.62193,0.99985,0.00002,0.00001,0.00012
214.83000,0.62193,0.99987,0.00001,0.00001,0.00011
215.16000,0.62193,0.99989,0.00001,0.00001,0.00010
215.49001,0.62193,0.99988,0.00001,0.00001,0.00010
215.82001,0.62193,0.99985,0.00001,0.00001,0.00013
216.14999,0.62195,0.99986,0.00001,0.00001,0.00012
216.48000,0.62195,0.99987,0.00001,0.00001,0.00011
216.81000,0.62193,0.99990,0.00002,0.00001,0.00007
217.14000,0.62193,0.99986,0.00002,0.00001,0.00011
217.47000,0.62193,0.99980,0.00003,0.00002,0.00015
217.80000,0.62193,0.99989,0.00001,0.00001,0.00009
218.13000,0.62193,0.99989,0.00001,0.00001,0.00009
218.46001,0.62193,0.99985,0.00002,0.00001,0.00012
218.78999,0.62195,0.99987,0.00002,0.00001,0.00010
219.12000,0.62195,0.99991,0.00001,0.00001,0.00007
219.45000,0.62193,0.99993,0.00001,0.00001,0.00005
219.78000,0.62193,0.99985,0.00002,0.00001,0.00012
220.11000,0.62193,0.99996,0.00001,0.00001,0.00003
220.44000,0.62193,0.99992,0.00001,0.00001,0.00007
220.77000,0.62193,0.99992,0.00001,0.00001,0.00007
221.10001,0.62193,0.99991,0.00001,0.00001,0.00008
221.42999,0.62195,0.99989,0.00002,0.00001,0.00008
221.75999,0.62195,0.99994,0.00001,0.00001,0.00005
222.09000,0.62195,0.99993,0.00001,0.00001,0.00006
222.42000,0.62193,0.99989,0.00001,0.00001,0.00009
222.75000,0.62193,0.99988,0.00001,0.00001,0.00010
223.08000,0.62193,0.99990,0.00001,0.00001,0.00008
223.41000,0.62193,0.99987,0.00002,0.00001,0.00010
223.74001,0.62193,0.99983,0.00002,0.00001,0.00014
224.07001,0.62193,0.99991,0.00001,0.00001,0.00008
224.39999,0.62195,0.99991,0.00001,0.00001,0.00007
224.73000,0.62195,0.99991,0.00001,0.00001,0.00008
225.06000,0.62193,0.99995,0.00000,0.00000,0.00004
225.39000,0.62193,0.99992,0.00001,0.00001,0.00007
225.72000,0.62193,0.99990,0.00001,0.00001,0.00008
226.05000,0.62193,0.99984,0.00001,0.00001,0.00014
226.38000,0.62193,0.99987,0.00001,0.00001,0.00011
226.71001,0.62193,0.99989,0.00002,0.00001,0.00008
227.03999,0.62195,0.99985,0.00002,0.00001,0.00012
227.37000,0.62195,0.99992,0.00001,0.00001,0.00006
227.70000,0.62193,0.99995,0.00000,0.00000,0.00004
228.03000,0.62193,0.99993,0.00001,0.00001,0.00006
228.36000,0.62193,0.99991,0.00001,0.00001,0.00007
228.69000,0.62193,0.99992,0.00001,0.00001,0.00006
229.02000,0.62193,0.99993,0.00001,0.00001,0.00006
229.35001,0.62193,0.99988,0.00001,0.00001,0.00009
229.67999,0.62195,0.99990,0.00001,0.00001,0.00008
230.00999,0.62195,0.99992,0.00001,0.00001,0.00006
230.34000,0.62195,0.99994,0.00001,0.00001,0.00005
230.67000,0.62193,0.99991,0.00001,0.00001,0.00008
231.00000,0.62193,0.99986,0.00002,0.00001,0.00011
231.33000,0.62193,0.99992,0.00001,0.00001,0.00006
231.66000,0.62193,0.99996,0.00000,0.00000,0.00003
231.99001,0.62193,0.99989,0.00001,0.00001,0.00009
232.32001,0.62193,0.99991,0.00001,0.00001,0.00007
232.64999,0.62195,0.99992,0.00001,0.00001,0.00007
232.98000,0.62195,0.99982,0.00002,0.00001,0.00015
233.31000,0.62193,0.99982,0.00002,0.00001,0.00015
233.64000,0.62193,0.99989,0.00001,0.00001,0.00009
233.97000,0.62193,0.99986,0.00001,0.00001,0.00012
234.30000,0.62193,0.99989,0.00001,0.00001,0.00010
234.63000,0.62193,0.99992,0.00001,0.00001,0.00006
234.96001,0.62193,0.99986,0.00002,0.00001,0.00011
235.28999,0.62195,0.99991,0.00001,0.00001,0.00008
235.62000,0.62195,0.99986,0.00001,0.00001,0.00012
235.95000,0.62193,0.99988,0.00001,0.00001,0.00010
236.28000,0.62193,0.99992,0.00001,0.00001,0.00007
236.61000,0.62193,0.99988,0.00001,0.00001,0.00010
236.94000,0.62193,0.99992,0.00001,0.00001,0.00007
237.27000,0.62193,0.99992,0.00001,0.00001,0.00007
237.60001,0.62193,0.99988,0.00001,0.00001,0.00010
237.92999,0.62195,0.99989,0.00001,0.00001,0.00009
238.25999,0.62195,0.99985,0.00002,0.00001,0.00012
238.59000,0.62195,0.99989,0.00001,0.00001,0.00009
238.92000,0.62193,0.99987,0.00002,0.00001,0.00010
239.25000,0.62193,0.99990,0.00001,0.00001,0.00008
239.58000,0.62193,0.99987,0.00002,0.00001,0.00009
239.91000,0.62193,0.99979,0.00002,0.00001,0.00018
240.24001,0.62193,0.99983,0.00002,0.00001,0.00014
240.57001,0.62193,0.99995,0.00001,0.00001,0.00004
240.89999,0.62195,0.99996,0.00000,0.00000,0.00003
241.23000,0.62195,0.99992,0.00001,0.00001,0.00006
241.56000,0.62193,0.99995,0.00000,0.00000,0.00004
241.89000,0.62193,0.99991,0.00001,0.00001,0.00007
242.22000,0.62193,0.99983,0.00003,0.00002,0.00012
242.55000,0.62193,0.99989,0.00001,0.00001,0.00009
242.88000,0.62193,0.99988,0.00001,0.00001,0.00010
243.21001,0.62193,0.99985,0.00002,0.00001,0.00012
243.53999,0.62195,0.99983,0.00002,0.00001,0.00014
243.87000,0.62195,0.99993,0.00001,0.00001,0.00006
244.20000,0.62193,0.99994,0.00000,0.00001,0.00005
244.53000,0.62193,0.99993,0.00001,0.00001,0.00006
244.86000,0.62193,0.99987,0.00001,0.00001,0.00011
245.19000,0.62193,0.99986,0.00001,0.00001,0.00012
245.52000,0.62193,0.99989,0.00001,0.00001,0.00010
245.85001,0.62193,0.99988,0.00001,0.00001,0.00010
246.17999,0.62195,0.99986,0.00001,0.00001,0.00011
246.50999,0.62195,0.99988,0.00002,0.00001,0.00009
246.84000,0.62195,0.99987,0.00002,0.00001,0.00009
247.17000,0.62193,0.99988,0.00001,0.00001,0.00010
247.50000,0.62193,0.99989,0.00001,0.00001,0.00009
247.83000,0.62193,0.99990,0.00001,0.00001,0.00009
248.16000,0.62193,0.99988,0.00001,0.00001,0.00010
248.49001,0.62193,0.99988,0.00001,0.00001,0.00010
248.82001,0.62193,0.99980,0.00003,0.00002,0.00015
249.14999,0.62195,0.99988,0.00002,0.00001,0.00008
249.48000,0.62195,0.99996,0.00001,0.00000,0.00003
249.81000,0.62193,0.99994,0.00001,0.00001,0.00005
250.14000,0.62193,0.99992,0.00001,0.00001,0.00007
250.47000,0.62193,0.99992,0.00001,0.00001,0.00006
250.80000,0.62193,0.99994,0.00000,0.00000,0.00005
251.13000,0.62193,0.99989,0.00001,0.00001,0.00009
251.46001,0.62193,0.99995,0.00000,0.00000,0.00005
251.78999,0.62195,0.99994,0.00001,0.00000,0.00005
252.12000,0.62195,0.99988,0.00001,0.00001,0.00010
252.45000,0.62193,0.99985,0.00002,0.00001,0.00012
252.78000,0.62193,0.99985,0.00002,0.00001,0.00012
253.11000,0.62193,0.99993,0.00001,0.00001,0.00006
253.44000,0.62193,0.99987,0.00001,0.00001,0.00011
253.77000,0.62193,0.99982,0.00003,0.00002,0.00013
254.10001,0.62193,0.99989,0.00002,0.00001,0.00008
254.42999,0.62195,0.99985,0.00002,0.00001,0.00011
254.75999,0.62195,0.99986,0.00002,0.00001,0.00011
255.09000,0.62195,0.99989,0.00001,0.00001,0.00008
255.42000,0.62193,0.99992,0.00001,0.00001,0.00006
255.75000,0.62195,0.99987,0.00001,0.00001,0.00010
256.07999,0.62195,0.99986,0.00001,0.00001,0.00011
256.41000,0.62195,0.99979,0.00003,0.00002,0.00016
256.73999,0.62195,0.99991,0.00001,0.00001,0.00007
257.07001,0.62192,0.99987,0.00002,0.00001,0.00010
257.39999,0.62195,0.99982,0.00003,0.00002,0.00013
257.73001,0.62192,0.99988,0.00002,0.00001,0.00009
258.06000,0.62195,0.99984,0.00002,0.00001,0.00013
258.39001,0.62192,0.99990,0.00002,0.00001,0.00007
258.72000,0.62195,0.99987,0.00002,0.00001,0.00009
259.04999,0.62195,0.99980,0.00003,0.00002,0.00015
259.38000,0.62192,0.99994,0.00001,0.00001,0.00005
259.70999,0.62195,0.99994,0.00000,0.00000,0.00005
260.04001,0.62192,0.99994,0.00000,0.00000,0.00005
260.37000,0.62195,0.99981,0.00002,0.00001,0.00016
260.70001,0.62192,0.99987,0.00002,0.00001,0.00011
261.03000,0.62195,0.99988,0.00001,0.00001,0.00010
261.35999,0.62195,0.99991,0.00001,0.00001,0.00008
261.69000,0.62195,0.99988,0.00001,0.00001,0.00011
262.01999,0.62195,0.99994,0.00000,0.00001,0.00005
262.35001,0.62192,0.99995,0.00000,0.00001,0.00004
262.67999,0.62195,0.99995,0.00000,0.00000,0.00005
263.01001,0.62192,0.99993,0.00001,0.00001,0.00006
263.34000,0.62195,0.99990,0.00001,0.00001,0.00008
263.67001,0.62192,0.99989,0.00001,0.00001,0.00010
264.00000,0.62195,0.99996,0.00000,0.00000,0.00003
264.32999,0.62195,0.99997,0.00000,0.00000,0.00002
264.66000,0.62195,0.99998,0.00000,0.00000,0.00002
264.98999,0.62195,0.99996,0.00000,0.00000,0.00003
265.32001,0.62192,0.99994,0.00000,0.00001,0.00005
265.64999,0.62195,0.99998,0.00000,0.00000,0.00002
265.98001,0.62192,0.99993,0.00001,0.00001,0.00005
266.31000,0.62195,0.99983,0.00002,0.00001,0.00014
266.64001,0.62192,0.99997,0.00001,0.00000,0.00002
266.97000,0.62195,1.00000,0.00000,0.00000,0.00000
267.29999,0.62195,1.00000,0.00000,0.00000,0.00000
267.63000,0.62192,1.00000,0.00000,0.00000,0.00000
267.95999,0.62195,1.00000,0.00000,0.00000,0.00000
268.29001,0.62192,0.99999,0.00000,0.00000,0.00000
268.62000,0.62195,0.99998,0.00000,0.00000,0.00001
268.95001,0.62192,0.99994,0.00001,0.00001,0.00004
269.28000,0.62195,0.99986,0.00001,0.00001,0.00012
269.60999,0.62195,0.99998,0.00000,0.00001,0.00001
269.94000,0.62195,1.00000,0.00000,0.00000,0.00000
270.26999,0.62195,1.00000,0.00000,0.00000,0.00000
270.60001,0.62192,1.00000,0.00000,0.00000,0.00000
270.92999,0.62195,0.99999,0.00000,0.00000,0.00000
271.26001,0.62192,0.99998,0.00000,0.00000,0.00002
271.59000,0.62195,0.99988,0.00001,0.00002,0.00009
271.92001,0.62192,0.99999,0.00000,0.00000,0.00000
272.25000,0.62195,1.00000,0.00000,0.00000,0.00000
272.57999,0.62195,0.99998,0.00000,0.00000,0.00002
272.91000,0.62195,0.99992,0.00001,0.00001,0.00007
273.23999,0.62195,0.99996,0.00000,0.00001,0.00003
273.57001,0.62192,0.99991,0.00001,0.00001,0.00007
273.89999,0.62195,0.99986,0.00002,0.00001,0.00011
274.23001,0.62192,0.99983,0.00002,0.00001,0.00014
274.56000,0.62195,0.99988,0.00002,0.00001,0.00009
274.89001,0.62192,0.99990,0.00001,0.00001,0.00007
275.22000,0.62195,0.99995,0.00001,0.00001,0.00004
275.54999,0.62195,0.99999,0.00000,0.00000,0.00001
275.88000,0.62192,0.99997,0.00000,0.00000,0.00002
276.20999,0.62195,0.99999,0.00000,0.00000,0.00001
276.54001,0.62192,0.99998,0.00000,0.00000,0.00001
276.87000,0.62195,0.99991,0.00001,0.00001,0.00008
277.20001,0.62192,0.99993,0.00001,0.00001,0.00006
277.53000,0.62195,0.99996,0.00000,0.00000,0.00003
277.85999,0.62195,0.99984,0.00001,0.00001,0.00013
278.19000,0.62195,0.99987,0.00002,0.00001,0.00010
278.51999,0.62195,0.99980,0.00003,0.00002,0.00015
278.85001,0.62192,0.99990,0.00001,0.00001,0.00008
279.17999,0.62195,0.99999,0.00000,0.00000,0.00000
279.51001,0.62192,0.99999,0.00000,0.00000,0.00001
279.84000,0.62195,0.99990,0.00001,0.00002,0.00007
280.17001,0.62192,0.99993,0.00001,0.00001,0.00005
280.50000,0.62195,0.99994,0.00000,0.00000,0.00005
280.82999,0.62195,0.99997,0.00000,0.00000,0.00002
281.16000,0.62195,0.99997,0.00000,0.00000,0.00003
281.48999,0.62195,0.99992,0.00001,0.00001,0.00007
281.82001,0.62192,0.99977,0.00002,0.00001,0.00020
282.14999,0.62195,0.99987,0.00001,0.00001,0.00010
282.48001,0.62192,0.99991,0.00001,0.00001,0.00007
282.81000,0.62195,0.99995,0.00000,0.00000,0.00004
283.14001,0.62192,0.99988,0.00001,0.00001,0.00010
283.47000,0.62195,0.99987,0.00001,0.00001,0.00011
283.79999,0.62195,0.99991,0.00001,0.00001,0.00007
284.13000,0.62192,0.99990,0.00001,0.00001,0.00008
284.45999,0.62195,0.99990,0.00001,0.00001,0.00008
284.79001,0.62192,0.99993,0.00001,0.00001,0.00006
285.12000,0.62195,0.99996,0.00000,0.00000,0.00003
285.45001,0.62192,0.99999,0.00000,0.00000,0.00001
285.78000,0.62195,1.00000,0.00000,0.00000,0.00000
286.10999,0.62195,1.00000,0.00000,0.00000,0.00000
286.44000,0.62195,0.99998,0.00000,0.00000,0.00001
286.76999,0.62195,0.99986,0.00002,0.00001,0.00011
287.10001,0.62192,0.99988,0.00001,0.00001,0.00010
287.42999,0.62195,0.99984,0.00002,0.00001,0.00013
287.76001,0.62192,0.99982,0.00002,0.00001,0.00014
288.09000,0.62195,0.99989,0.00001,0.00001,0.00009
288.42001,0.62192,0.99987,0.00001,0.00001,0.00011
288.75000,0.62195,0.99987,0.00002,0.00001,0.00010
289.07999,0.62195,0.99992,0.00001,0.00001,0.00006
289.41000,0.62195,0.99983,0.00002,0.00002,0.00013
289.73999,0.62195,0.99982,0.00002,0.00001,0.00014
290.07001,0.62192,0.99992,0.00001,0.00001,0.00007
290.39999,0.62195,0.99990,0.00001,0.00001,0.00008
290.73001,0.62192,0.99983,0.00002,0.00001,0.00013
291.06000,0.62195,0.99987,0.00002,0.00001,0.00010
291.39001,0.62192,0.99992,0.00001,0.00001,0.00006
291.72000,0.62195,0.99992,0.00001,0.00001,0.00006
292.04999,0.62195,0.99998,0.00000,0.00000,0.00001
292.38000,0.62192,0.99999,0.00000,0.00000,0.00001
292.70999,0.62195,0.99997,0.00000,0.00000,0.00003
293.04001,0.62192,0.99998,0.00000,0.00000,0.00002
293.37000,0.62195,0.99999,0.00000,0.00000,0.00001
293.70001,0.62192,0.99989,0.00002,0.00002,0.00008
294.03000,0.62195,0.99996,0.00000,0.00000,0.00003
294.35999,0.62195,0.99999,0.00000,0.00000,0.00001
294.69000,0.62195,0.99996,0.00000,0.00000,0.00003
295.01999,0.62195,0.99993,0.00000,0.00001,0.00006
295.35001,0.62192,0.99996,0.00000,0.00000,0.00003
295.67999,0.62195,0.99998,0.00000,0.00000,0.00002
296.01001,0.62192,0.99996,0.00000,0.00000,0.00003
296.34000,0.62195,0.99994,0.00001,0.00001,0.00005
296.67001,0.62192,0.99995,0.00001,0.00001,0.00003
297.00000,0.62195,0.99999,0.00000,0.00000,0.00001
297.32999,0.62195,0.99993,0.00001,0.00001,0.00005
297.66000,0.62195,0.99996,0.00001,0.00001,0.00003
297.98999,0.62195,0.99991,0.00001,0.00001,0.00007
298.32001,0.62192,0.99999,0.00000,0.00000,0.00001
298.64999,0.62195,1.00000,0.00000,0.00000,0.00000
298.98001,0.62192,1.00000,0.00000,0.00000,0.00000
299.31000,0.62195,0.99988,0.00001,0.00001,0.00009
