Time (seconds), Duration (seconds),pred_(unlabeled),pred_brushing_teeth,pred_hair_drying,pred_showering
0.00000,0.62194,1.00000,0.00000,0.00000,0.00000
0.33000,0.62194,1.00000,0.00000,0.00000,0.00000
0.66000,0.62194,0.99999,0.00000,0.00000,0.00001
0.99000,0.62194,0.99999,0.00000,0.00000,0.00001
1.32000,0.62194,1.00000,0.00000,0.00000,0.00000
1.65000,0.62194,1.00000,0.00000,0.00000,0.00000
1.98000,0.62194,1.00000,0.00000,0.00000,0.00000
2.31000,0.62194,1.00000,0.00000,0.00000,0.00000
2.64000,0.62194,1.00000,0.00000,0.00000,0.00000
2.97000,0.62194,1.00000,0.00000,0.00000,0.00000
3.30000,0.62194,0.99998,0.00000,0.00000,0.00001
3.63000,0.62194,0.99941,0.00004,0.00040,0.00015
3.96000,0.62194,0.99998,0.00000,0.00000,0.00002
4.29000,0.62194,1.00000,0.00000,0.00000,0.00000
4.62000,0.62194,0.99999,0.00000,0.00000,0.00001
4.95000,0.62194,0.99995,0.00000,0.00000,0.00005
5.28000,0.62194,0.99992,0.00000,0.00000,0.00008
5.61000,0.62194,0.99950,0.00000,0.00001,0.00048
5.94000,0.62194,0.99969,0.00000,0.00000,0.00031
6.27000,0.62194,0.99964,0.00000,0.00000,0.00035
6.60000,0.62194,0.99948,0.00000,0.00000,0.00052
6.93000,0.62194,0.99888,0.00000,0.00000,0.00112
7.26000,0.62194,0.99925,0.00000,0.00000,0.00075
7.59000,0.62194,0.99895,0.00000,0.00000,0.00104
7.92000,0.62194,0.99607,0.00001,0.00000,0.00391
8.25000,0.62194,0.00025,0.01127,0.00000,0.98847
8.58000,0.62194,0.00009,0.00153,0.00000,0.99839
8.91000,0.62194,0.00019,0.00008,0.00000,0.99973
9.24000,0.62194,0.00116,0.00020,0.00001,0.99864
9.57000,0.62194,0.00274,0.00018,0.00004,0.99705
9.90000,0.62194,0.00120,0.00008,0.00002,0.99871
10.23000,0.62194,0.00030,0.00001,0.00000,0.99969
10.56000,0.62194,0.00091,0.00003,0.00000,0.99906
10.89000,0.62194,0.00135,0.00002,0.00000,0.99863
11.22000,0.62194,0.00067,0.00003,0.00000,0.99930
11.55000,0.62194,0.00032,0.00005,0.00000,0.99963
11.88000,0.62194,0.00065,0.00002,0.00000,0.99933
12.21000,0.62194,0.00074,0.00002,0.00000,0.99923
12.54000,0.62194,0.00051,0.00002,0.00000,0.99947
12.87000,0.62194,0.00049,0.00003,0.00000,0.99948
13.20000,0.62194,0.00048,0.00015,0.00000,0.99937
13.53000,0.62194,0.00035,0.00007,0.00000,0.99958
13.86000,0.62194,0.00043,0.00002,0.00000,0.99954
14.19000,0.62194,0.00042,0.00003,0.00000,0.99954
14.52000,0.62194,0.00016,0.00001,0.00000,0.99983
14.85000,0.62194,0.00022,0.00001,0.00000,0.99977
15.18000,0.62194,0.00031,0.00001,0.00000,0.99968
15.51000,0.62194,0.00013,0.00001,0.00000,0.99986
15.84000,0.62194,0.00033,0.00005,0.00000,0.99961
16.17000,0.62194,0.00284,0.00020,0.00010,0.99686
16.50000,0.62194,0.00541,0.00029,0.00025,0.99404
16.83000,0.62194,0.00306,0.00022,0.00009,0.99662
17.16000,0.62194,0.00161,0.00007,0.00002,0.99829
17.49000,0.62194,0.00064,0.00002,0.00000,0.99934
17.82000,0.62194,0.00020,0.00002,0.00000,0.99978
18.15000,0.62194,0.00011,0.00003,0.00000,0.99986
18.48000,0.62194,0.00011,0.00003,0.00000,0.99986
18.81000,0.62194,0.00008,0.00002,0.00000,0.99989
19.14000,0.62194,0.00019,0.00006,0.00000,0.99975
19.47000,0.62194,0.00008,0.00002,0.00000,0.99990
19.80000,0.62194,0.00013,0.00002,0.00000,0.99985
20.13000,0.62194,0.00037,0.00002,0.00000,0.99961
20.46000,0.62194,0.00041,0.00002,0.00000,0.99957
20.79000,0.62194,0.00032,0.00001,0.00000,0.99967
21.12000,0.62194,0.00060,0.00002,0.00000,0.99937
21.45000,0.62194,0.00030,0.00001,0.00000,0.99970
21.78000,0.62194,0.00028,0.00001,0.00000,0.99971
22.11000,0.62194,0.00038,0.00003,0.00000,0.99959
22.44000,0.62194,0.00013,0.00001,0.00000,0.99986
22.77000,0.62194,0.00020,0.00002,0.00000,0.99978
23.10000,0.62194,0.00056,0.00003,0.00000,0.99941
23.43000,0.62194,0.00028,0.00001,0.00000,0.99970
23.76000,0.62194,0.00027,0.00001,0.00000,0.99972
24.09000,0.62194,0.00028,0.00001,0.00000,0.99971
24.42000,0.62194,0.00039,0.00001,0.00000,0.99960
24.75000,0.62194,0.00033,0.00001,0.00000,0.99966
25.08000,0.62194,0.00203,0.00004,0.00000,0.99792
25.41000,0.62194,0.00169,0.00006,0.00001,0.99825
25.74000,0.62194,0.00014,0.00001,0.00000,0.99985
26.07000,0.62194,0.00147,0.00019,0.00004,0.99830
26.40000,0.62194,0.00386,0.00017,0.00009,0.99588
26.73000,0.62194,0.00021,0.00001,0.00000,0.99979
27.06000,0.62194,0.00012,0.00001,0.00000,0.99987
27.39000,0.62194,0.00008,0.00001,0.00000,0.99991
27.72000,0.62194,0.00005,0.00001,0.00000,0.99994
28.05000,0.62194,0.00012,0.00003,0.00000,0.99985
28.38000,0.62194,0.00356,0.00029,0.00004,0.99611
28.71000,0.62194,0.00160,0.00009,0.00001,0.99830
29.04000,0.62194,0.00123,0.00004,0.00000,0.99873
29.37000,0.62194,0.00116,0.00001,0.00000,0.99883
29.70000,0.62194,0.00034,0.00001,0.00000,0.99964
30.03000,0.62194,0.00011,0.00003,0.00000,0.99986
30.36000,0.62194,0.00034,0.00002,0.00000,0.99964
30.69000,0.62194,0.00043,0.00001,0.00000,0.99956
31.02000,0.62194,0.00051,0.00003,0.00000,0.99946
31.35000,0.62194,0.00021,0.00003,0.00000,0.99977
31.68000,0.62194,0.00027,0.00005,0.00000,0.99968
32.01000,0.62194,0.00114,0.00020,0.00003,0.99863
32.34000,0.62194,0.00082,0.00013,0.00001,0.99903
32.67000,0.62194,0.00057,0.00003,0.00000,0.99940
33.00000,0.62194,0.00047,0.00002,0.00000,0.99950
33.33000,0.62194,0.00027,0.00002,0.00000,0.99971
33.66000,0.62194,0.00119,0.00021,0.00002,0.99857
33.99000,0.62194,0.00125,0.00022,0.00004,0.99849
34.32000,0.62194,0.00060,0.00004,0.00001,0.99936
34.65000,0.62194,0.00018,0.00002,0.00000,0.99979
34.98000,0.62194,0.00048,0.00008,0.00000,0.99944
35.31000,0.62194,0.00041,0.00009,0.00000,0.99951
35.64000,0.62194,0.00030,0.00013,0.00000,0.99957
35.97000,0.62194,0.00019,0.00005,0.00000,0.99976
36.30000,0.62194,0.00034,0.00001,0.00000,0.99965
36.63000,0.62194,0.00085,0.00003,0.00000,0.99911
36.96000,0.62194,0.00215,0.00066,0.00010,0.99708
37.29000,0.62194,0.00043,0.00018,0.00001,0.99938
37.62000,0.62194,0.00053,0.00008,0.00001,0.99939
37.95000,0.62194,0.00013,0.00002,0.00000,0.99985
38.28000,0.62194,0.00006,0.00001,0.00000,0.99993
38.61000,0.62194,0.00016,0.00003,0.00000,0.99981
38.94000,0.62194,0.00020,0.00001,0.00000,0.99979
39.27000,0.62194,0.00013,0.00001,0.00000,0.99985
39.60000,0.62194,0.00014,0.00001,0.00000,0.99986
39.93000,0.62194,0.00019,0.00001,0.00000,0.99980
40.26000,0.62194,0.00021,0.00000,0.00000,0.99978
40.59000,0.62194,0.00020,0.00001,0.00000,0.99979
40.92000,0.62194,0.00016,0.00002,0.00000,0.99982
41.25000,0.62194,0.00023,0.00002,0.00000,0.99975
41.58000,0.62194,0.00035,0.00001,0.00000,0.99963
41.91000,0.62194,0.00021,0.00001,0.00000,0.99978
42.24000,0.62194,0.00019,0.00001,0.00000,0.99981
42.57000,0.62194,0.00017,0.00001,0.00000,0.99983
42.90000,0.62194,0.00009,0.00000,0.00000,0.99991
43.23000,0.62194,0.00008,0.00001,0.00000,0.99991
43.56000,0.62194,0.00005,0.00001,0.00000,0.99994
43.89000,0.62194,0.00009,0.00001,0.00000,0.99990
44.22000,0.62194,0.00006,0.00001,0.00000,0.99994
44.55000,0.62194,0.00020,0.00004,0.00000,0.99976
44.88000,0.62194,0.00011,0.00005,0.00000,0.99983
45.21000,0.62194,0.00008,0.00002,0.00000,0.99990
45.54000,0.62194,0.00008,0.00001,0.00000,0.99992
45.87000,0.62194,0.00004,0.00000,0.00000,0.99996
46.20000,0.62194,0.00018,0.00000,0.00000,0.99982
46.53000,0.62194,0.00039,0.00002,0.00000,0.99959
46.86000,0.62194,0.00030,0.00006,0.00000,0.99964
47.19000,0.62194,0.00006,0.00001,0.00000,0.99993
47.52000,0.62194,0.00003,0.00000,0.00000,0.99997
47.85000,0.62194,0.00006,0.00001,0.00000,0.99993
48.18000,0.62194,0.00008,0.00002,0.00000,0.99990
48.51000,0.62194,0.00008,0.00001,0.00000,0.99991
48.84000,0.62194,0.00009,0.00003,0.00000,0.99988
49.17000,0.62194,0.00012,0.00002,0.00000,0.99986
49.50000,0.62194,0.00013,0.00002,0.00000,0.99985
49.83000,0.62194,0.00008,0.00001,0.00000,0.99991
50.16000,0.62194,0.00006,0.00001,0.00000,0.99993
50.49000,0.62194,0.00006,0.00001,0.00000,0.99993
50.82000,0.62194,0.00006,0.00001,0.00000,0.99993
51.15000,0.62194,0.00008,0.00001,0.00000,0.99991
51.48000,0.62194,0.00009,0.00001,0.00000,0.99990
51.81000,0.62194,0.00005,0.00001,0.00000,0.99995
52.14000,0.62194,0.00011,0.00001,0.00000,0.99989
52.47000,0.62194,0.00021,0.00002,0.00000,0.99977
52.80000,0.62194,0.00008,0.00002,0.00000,0.99990
53.13000,0.62194,0.00009,0.00002,0.00000,0.99988
53.46000,0.62194,0.00006,0.00002,0.00000,0.99992
53.79000,0.62194,0.00012,0.00002,0.00000,0.99985
54.12000,0.62194,0.00012,0.00001,0.00000,0.99987
54.45000,0.62194,0.00006,0.00001,0.00000,0.99993
54.78000,0.62194,0.00006,0.00001,0.00000,0.99993
55.11000,0.62194,0.00004,0.00002,0.00000,0.99994
55.44000,0.62194,0.00003,0.00000,0.00000,0.99997
55.77000,0.62194,0.00011,0.00002,0.00000,0.99987
56.10000,0.62194,0.00057,0.00008,0.00000,0.99935
56.43000,0.62194,0.00124,0.00017,0.00001,0.99858
56.76000,0.62194,0.00201,0.00043,0.00005,0.99751
57.09000,0.62194,0.00011,0.00001,0.00000,0.99988
57.42000,0.62194,0.00030,0.00003,0.00000,0.99966
57.75000,0.62194,0.00004,0.00001,0.00000,0.99995
58.08000,0.62194,0.00020,0.00001,0.00000,0.99979
58.41000,0.62194,0.00033,0.00000,0.00000,0.99966
58.74000,0.62194,0.00030,0.00000,0.00000,0.99970
59.07000,0.62194,0.00035,0.00001,0.00000,0.99964
59.40000,0.62194,0.00030,0.00000,0.00000,0.99970
59.73000,0.62194,0.00044,0.00000,0.00000,0.99955
60.06000,0.62194,0.00032,0.00001,0.00000,0.99967
60.39000,0.62194,0.00039,0.00001,0.00000,0.99960
60.72000,0.62194,0.00045,0.00001,0.00000,0.99954
61.05000,0.62194,0.00022,0.00000,0.00000,0.99977
61.38000,0.62194,0.00065,0.00001,0.00000,0.99934
61.71000,0.62194,0.00028,0.00001,0.00000,0.99970
62.04000,0.62194,0.00036,0.00001,0.00000,0.99962
62.37000,0.62194,0.00038,0.00001,0.00000,0.99961
62.70000,0.62194,0.00028,0.00001,0.00000,0.99970
63.03000,0.62194,0.00056,0.00002,0.00000,0.99941
63.36000,0.62194,0.00046,0.00001,0.00000,0.99953
63.69000,0.62194,0.00090,0.00001,0.00000,0.99910
64.02000,0.62194,0.00072,0.00000,0.00000,0.99927
64.35000,0.62194,0.00124,0.00000,0.00000,0.99876
64.68000,0.62194,0.00095,0.00000,0.00000,0.99905
65.01000,0.62193,0.00030,0.00000,0.00000,0.99970
65.34000,0.62194,0.00027,0.00001,0.00000,0.99972
65.67000,0.62194,0.00022,0.00001,0.00000,0.99977
66.00000,0.62194,0.00021,0.00001,0.00000,0.99979
66.33000,0.62193,0.00077,0.00002,0.00000,0.99921
66.66000,0.62193,0.00038,0.00002,0.00000,0.99960
66.99000,0.62194,0.00212,0.00042,0.00010,0.99735
67.32000,0.62194,0.00710,0.00143,0.00092,0.99056
67.65000,0.62193,0.00299,0.00024,0.00008,0.99669
67.98000,0.62193,0.00103,0.00007,0.00001,0.99889
68.31000,0.62194,0.00159,0.00012,0.00003,0.99825
68.64000,0.62194,0.00365,0.00027,0.00015,0.99594
68.97000,0.62193,0.00102,0.00009,0.00001,0.99888
69.30000,0.62193,0.00211,0.00003,0.00000,0.99785
69.63000,0.62194,0.00163,0.00001,0.00000,0.99837
69.96000,0.62194,0.00123,0.00000,0.00000,0.99877
70.29000,0.62193,0.00162,0.00001,0.00000,0.99838
70.62000,0.62193,0.00139,0.00001,0.00000,0.99860
70.95000,0.62194,0.00027,0.00017,0.00000,0.99956
71.28000,0.62194,0.00015,0.00029,0.00000,0.99956
71.61000,0.62194,0.00009,0.00006,0.00000,0.99985
71.94000,0.62193,0.00016,0.00003,0.00000,0.99981
72.27000,0.62194,0.00049,0.00005,0.00000,0.99945
72.60000,0.62194,0.00043,0.00005,0.00000,0.99953
72.93000,0.62194,0.00017,0.00002,0.00000,0.99981
73.26000,0.62193,0.00024,0.00003,0.00000,0.99973
73.59000,0.62194,0.00012,0.00001,0.00000,0.99986
73.92000,0.62194,0.00008,0.00004,0.00000,0.99988
74.25000,0.62194,0.00038,0.00037,0.00000,0.99925
74.58000,0.62193,0.02506,0.01879,0.01487,0.94128
74.91000,0.62193,0.00284,0.00048,0.00013,0.99655
75.24000,0.62194,0.00048,0.00003,0.00000,0.99949
75.57000,0.62194,0.00045,0.00002,0.00000,0.99953
75.90000,0.62193,0.00054,0.00002,0.00000,0.99943
76.23000,0.62193,0.00085,0.00003,0.00001,0.99911
76.56000,0.62194,0.00039,0.00001,0.00000,0.99960
76.89000,0.62194,0.00061,0.00001,0.00000,0.99938
77.22000,0.62193,0.00022,0.00004,0.00000,0.99974
77.55000,0.62193,0.00017,0.00002,0.00000,0.99981
77.88000,0.62194,0.00015,0.00001,0.00000,0.99984
78.21000,0.62194,0.00028,0.00001,0.00000,0.99971
78.54000,0.62193,0.00049,0.00002,0.00000,0.99949
78.87000,0.62193,0.00101,0.00006,0.00001,0.99891
79.20000,0.62194,0.00123,0.00006,0.00002,0.99869
79.53000,0.62194,0.00060,0.00003,0.00000,0.99936
79.86000,0.62194,0.00079,0.00005,0.00001,0.99915
80.19000,0.62193,0.00104,0.00007,0.00001,0.99888
80.52000,0.62194,0.00030,0.00003,0.00000,0.99968
80.85000,0.62194,0.00024,0.00002,0.00000,0.99974
81.18000,0.62194,0.00026,0.00002,0.00000,0.99972
81.51000,0.62193,0.00047,0.00002,0.00000,0.99951
81.84000,0.62194,0.00065,0.00006,0.00001,0.99929
82.17000,0.62194,0.00065,0.00008,0.00001,0.99925
82.50000,0.62194,0.00065,0.00007,0.00001,0.99927
82.83000,0.62193,0.00114,0.00004,0.00001,0.99880
83.16000,0.62193,0.00059,0.00001,0.00000,0.99940
83.49000,0.62194,0.00032,0.00001,0.00000,0.99967
83.82000,0.62194,0.00012,0.00001,0.00000,0.99988
84.15000,0.62193,0.00010,0.00001,0.00000,0.99989
84.48000,0.62193,0.00037,0.00001,0.00000,0.99962
84.81000,0.62194,0.00014,0.00001,0.00000,0.99985
85.14000,0.62194,0.00031,0.00007,0.00000,0.99962
85.47000,0.62193,0.00036,0.00004,0.00000,0.99960
85.80000,0.62193,0.00013,0.00001,0.00000,0.99986
86.13000,0.62194,0.00356,0.00007,0.00003,0.99634
86.46000,0.62194,0.00124,0.00001,0.00000,0.99875
86.79000,0.62193,0.00029,0.00001,0.00000,0.99970
87.12000,0.62193,0.00013,0.00003,0.00000,0.99984
87.45000,0.62194,0.00018,0.00000,0.00000,0.99982
87.78000,0.62194,0.00128,0.00001,0.00000,0.99870
88.11000,0.62194,0.00213,0.00000,0.00000,0.99787
88.44000,0.62193,0.00859,0.00001,0.00000,0.99140
88.77000,0.62194,0.00171,0.00002,0.00000,0.99827
89.10000,0.62194,0.00183,0.00002,0.00000,0.99815
89.43000,0.62194,0.00195,0.00004,0.00000,0.99801
89.76000,0.62193,0.00650,0.00000,0.00000,0.99350
90.09000,0.62194,0.00068,0.00000,0.00000,0.99932
90.42000,0.62194,0.00035,0.00000,0.00000,0.99964
90.75000,0.62194,0.00026,0.00001,0.00000,0.99973
91.08000,0.62193,0.00008,0.00004,0.00000,0.99988
91.41000,0.62193,0.00002,0.00002,0.00000,0.99997
91.74000,0.62194,0.00003,0.00001,0.00000,0.99996
92.07000,0.62194,0.00015,0.00003,0.00000,0.99982
92.40000,0.62193,0.00040,0.00004,0.00000,0.99956
92.73000,0.62193,0.00012,0.00006,0.00000,0.99983
93.06000,0.62194,0.00017,0.00011,0.00000,0.99972
93.39000,0.62194,0.00011,0.00031,0.00000,0.99958
93.72000,0.62193,0.00017,0.00011,0.00000,0.99972
94.05000,0.62193,0.00014,0.00005,0.00000,0.99981
94.38000,0.62194,0.00004,0.00002,0.00000,0.99994
94.71000,0.62194,0.00005,0.00003,0.00000,0.99992
95.04000,0.62193,0.00002,0.00004,0.00000,0.99993
95.37000,0.62193,0.00006,0.00007,0.00000,0.99987
95.70000,0.62194,0.00011,0.00003,0.00000,0.99986
96.03000,0.62194,0.00016,0.00004,0.00000,0.99980
96.36000,0.62194,0.00007,0.00003,0.00000,0.99990
96.69000,0.62193,0.00002,0.00001,0.00000,0.99997
97.02000,0.62194,0.00002,0.00000,0.00000,0.99997
97.35000,0.62194,0.00004,0.00001,0.00000,0.99995
97.68000,0.62194,0.00020,0.00003,0.00000,0.99977
98.01000,0.62193,0.00039,0.00002,0.00000,0.99959
98.34000,0.62194,0.00012,0.00001,0.00000,0.99987
98.67000,0.62194,0.00003,0.00001,0.00000,0.99995
99.00000,0.62194,0.00005,0.00002,0.00000,0.99994
99.33000,0.62193,0.00003,0.00001,0.00000,0.99996
99.66000,0.62193,0.00007,0.00002,0.00000,0.99992
99.99000,0.62194,0.00005,0.00001,0.00000,0.99994
100.32000,0.62194,0.00003,0.00001,0.00000,0.99995
100.65000,0.62193,0.00003,0.00001,0.00000,0.99996
100.98000,0.62193,0.00004,0.00001,0.00000,0.99996
101.31000,0.62194,0.00008,0.00003,0.00000,0.99989
101.64000,0.62194,0.00003,0.00002,0.00000,0.99995
101.97000,0.62193,0.00003,0.00001,0.00000,0.99996
102.30000,0.62193,0.00005,0.00001,0.00000,0.99994
102.63000,0.62194,0.00028,0.00018,0.00000,0.99953
102.96000,0.62194,0.00024,0.00016,0.00000,0.99960
103.29000,0.62193,0.00005,0.00002,0.00000,0.99994
103.62000,0.62193,0.00038,0.00002,0.00000,0.99959
103.95000,0.62194,0.00098,0.00007,0.00000,0.99894
104.28000,0.62194,0.00042,0.00008,0.00000,0.99951
104.61000,0.62194,0.00060,0.00007,0.00000,0.99932
104.94000,0.62193,0.00012,0.00002,0.00000,0.99986
105.27000,0.62194,0.00040,0.00007,0.00000,0.99954
105.60000,0.62194,0.00061,0.00004,0.00000,0.99935
105.93000,0.62194,0.00018,0.00001,0.00000,0.99981
106.26000,0.62193,0.00029,0.00000,0.00000,0.99971
106.59000,0.62194,0.00015,0.00000,0.00000,0.99984
106.92000,0.62194,0.00031,0.00000,0.00000,0.99968
107.25000,0.62194,0.00034,0.00001,0.00000,0.99965
107.58000,0.62193,0.00105,0.00003,0.00000,0.99891
107.91000,0.62193,0.00174,0.00006,0.00001,0.99819
108.24000,0.62194,0.00165,0.00008,0.00002,0.99825
108.57000,0.62194,0.00115,0.00003,0.00000,0.99882
108.90000,0.62193,0.00056,0.00001,0.00000,0.99943
109.23000,0.62193,0.00072,0.00000,0.00000,0.99927
109.56000,0.62194,0.00041,0.00000,0.00000,0.99958
109.89000,0.62194,0.00117,0.00003,0.00000,0.99879
110.22000,0.62193,0.00106,0.00001,0.00000,0.99893
110.55000,0.62193,0.00089,0.00002,0.00000,0.99909
110.88000,0.62194,0.00036,0.00017,0.00000,0.99948
111.21000,0.62194,0.00037,0.00023,0.00000,0.99939
111.54000,0.62193,0.00048,0.00003,0.00000,0.99949
111.87000,0.62193,0.00131,0.00005,0.00000,0.99863
112.20000,0.62194,0.00090,0.00009,0.00000,0.99901
112.53000,0.62194,0.00042,0.00008,0.00000,0.99949
112.86000,0.62194,0.00034,0.00001,0.00000,0.99964
113.19000,0.62193,0.00045,0.00001,0.00000,0.99953
113.52000,0.62194,0.00019,0.00001,0.00000,0.99980
113.85000,0.62194,0.00005,0.00001,0.00000,0.99995
114.18000,0.62194,0.00006,0.00002,0.00000,0.99992
114.51000,0.62193,0.00043,0.00002,0.00000,0.99955
114.84000,0.62194,0.00066,0.00000,0.00000,0.99934
115.17000,0.62194,0.00016,0.00000,0.00000,0.99984
115.50000,0.62194,0.00025,0.00001,0.00000,0.99974
115.83000,0.62193,0.00204,0.00018,0.00003,0.99775
116.16000,0.62193,0.00192,0.00007,0.00001,0.99799
116.49000,0.62194,0.00075,0.00002,0.00000,0.99923
116.82000,0.62194,0.00151,0.00008,0.00002,0.99839
117.15000,0.62193,0.00152,0.00027,0.00002,0.99819
117.48000,0.62193,0.00037,0.00016,0.00000,0.99947
117.81000,0.62194,0.00014,0.00003,0.00000,0.99983
118.14000,0.62194,0.00012,0.00001,0.00000,0.99987
118.47000,0.62193,0.00024,0.00001,0.00000,0.99976
118.80000,0.62193,0.00109,0.00001,0.00000,0.99890
119.13000,0.62194,0.00013,0.00001,0.00000,0.99986
119.46000,0.62194,0.00005,0.00001,0.00000,0.99994
119.79000,0.62193,0.00042,0.00000,0.00000,0.99957
120.12000,0.62193,0.00343,0.00000,0.00000,0.99657
120.45000,0.62194,0.00193,0.00000,0.00000,0.99807
120.78000,0.62194,0.00166,0.00000,0.00000,0.99834
121.11000,0.62194,0.00381,0.00000,0.00000,0.99619
121.44000,0.62193,0.00103,0.00000,0.00000,0.99897
121.77000,0.62194,0.00029,0.00000,0.00000,0.99971
122.10000,0.62194,0.00022,0.00001,0.00000,0.99977
122.43000,0.62194,0.00021,0.00001,0.00000,0.99978
122.76000,0.62193,0.00013,0.00002,0.00000,0.99986
123.09000,0.62194,0.00090,0.00001,0.00000,0.99909
123.42000,0.62194,0.00243,0.00005,0.00001,0.99752
123.75000,0.62194,0.00064,0.00005,0.00000,0.99931
124.08000,0.62193,0.00028,0.00001,0.00000,0.99971
124.41000,0.62193,0.00028,0.00001,0.00000,0.99970
124.74000,0.62194,0.00005,0.00000,0.00000,0.99995
125.07000,0.62194,0.00010,0.00001,0.00000,0.99989
125.40000,0.62193,0.00013,0.00000,0.00000,0.99987
125.73000,0.62193,0.00022,0.00000,0.00000,0.99978
126.06000,0.62194,0.00011,0.00000,0.00000,0.99989
126.39000,0.62194,0.00056,0.00000,0.00000,0.99944
126.72000,0.62193,0.00077,0.00001,0.00000,0.99922
127.05000,0.62193,0.00104,0.00003,0.00000,0.99892
127.38000,0.62194,0.00209,0.00009,0.00003,0.99780
127.71000,0.62194,0.00183,0.00014,0.00004,0.99799
128.03999,0.62195,0.00034,0.00001,0.00000,0.99965
128.37000,0.62195,0.00022,0.00001,0.00000,0.99977
128.70000,0.62193,0.00144,0.00019,0.00002,0.99835
129.03000,0.62193,0.00093,0.00019,0.00001,0.99887
129.36000,0.62193,0.00017,0.00001,0.00000,0.99982
129.69000,0.62193,0.00015,0.00000,0.00000,0.99985
130.02000,0.62193,0.00066,0.00002,0.00000,0.99932
130.35001,0.62193,0.00066,0.00006,0.00000,0.99928
130.67999,0.62195,0.00032,0.00003,0.00000,0.99964
131.00999,0.62195,0.00021,0.00004,0.00000,0.99976
131.34000,0.62195,0.00022,0.00002,0.00000,0.99976
131.67000,0.62193,0.00027,0.00001,0.00000,0.99972
132.00000,0.62193,0.00059,0.00002,0.00000,0.99938
132.33000,0.62193,0.00046,0.00002,0.00000,0.99953
132.66000,0.62193,0.00039,0.00001,0.00000,0.99960
132.99001,0.62193,0.00060,0.00008,0.00000,0.99932
133.32001,0.62193,0.00062,0.00006,0.00000,0.99932
133.64999,0.62195,0.00031,0.00001,0.00000,0.99968
133.98000,0.62195,0.00046,0.00004,0.00000,0.99950
134.31000,0.62193,0.00034,0.00002,0.00000,0.99964
134.64000,0.62193,0.00421,0.00001,0.00000,0.99578
134.97000,0.62193,0.00908,0.00003,0.00000,0.99089
135.30000,0.62193,0.00042,0.00002,0.00000,0.99956
135.63000,0.62193,0.00024,0.00002,0.00000,0.99973
135.96001,0.62193,0.00014,0.00002,0.00000,0.99984
136.28999,0.62195,0.00021,0.00006,0.00000,0.99973
136.62000,0.62195,0.00040,0.00005,0.00000,0.99955
136.95000,0.62193,0.00099,0.00013,0.00001,0.99887
137.28000,0.62193,0.00116,0.00008,0.00001,0.99875
137.61000,0.62193,0.00096,0.00031,0.00001,0.99872
137.94000,0.62193,0.00008,0.00001,0.00000,0.99991
138.27000,0.62193,0.00048,0.00001,0.00000,0.99952
138.60001,0.62193,0.00048,0.00001,0.00000,0.99951
138.92999,0.62195,0.00081,0.00000,0.00000,0.99919
139.25999,0.62195,0.00132,0.00000,0.00000,0.99868
139.59000,0.62195,0.00415,0.00001,0.00000,0.99584
139.92000,0.62193,0.03257,0.00001,0.00000,0.96742
140.25000,0.62193,0.05338,0.00001,0.00000,0.94661
140.58000,0.62193,0.08473,0.00001,0.00000,0.91525
140.91000,0.62193,0.04222,0.00001,0.00000,0.95776
141.24001,0.62193,0.01600,0.00000,0.00000,0.98399
141.57001,0.62193,0.04894,0.00000,0.00000,0.95106
141.89999,0.62195,0.02066,0.00000,0.00000,0.97934
142.23000,0.62195,0.04611,0.00001,0.00000,0.95388
142.56000,0.62193,0.10448,0.00001,0.00000,0.89550
142.89000,0.62193,0.03616,0.00001,0.00000,0.96383
143.22000,0.62193,0.01184,0.00001,0.00000,0.98816
143.55000,0.62193,0.01888,0.00001,0.00000,0.98111
143.88000,0.62193,0.03003,0.00001,0.00000,0.96996
144.21001,0.62193,0.03404,0.00001,0.00000,0.96595
144.53999,0.62195,0.00973,0.00001,0.00000,0.99026
144.87000,0.62195,0.00183,0.00000,0.00000,0.99816
145.20000,0.62193,0.00084,0.00000,0.00000,0.99916
145.53000,0.62193,0.01926,0.00000,0.00000,0.98073
145.86000,0.62193,0.00293,0.00001,0.00000,0.99707
146.19000,0.62193,0.00085,0.00000,0.00000,0.99915
146.52000,0.62193,0.00126,0.00000,0.00000,0.99873
146.85001,0.62193,0.00038,0.00000,0.00000,0.99962
147.17999,0.62195,0.00360,0.00000,0.00000,0.99640
147.50999,0.62195,0.01969,0.00001,0.00000,0.98031
147.84000,0.62195,0.01506,0.00001,0.00000,0.98494
148.17000,0.62193,0.01510,0.00000,0.00000,0.98490
148.50000,0.62193,0.06579,0.00001,0.00000,0.93420
148.83000,0.62193,0.00955,0.00002,0.00000,0.99043
149.16000,0.62193,0.00586,0.00000,0.00000,0.99413
149.49001,0.62193,0.01768,0.00000,0.00000,0.98232
149.82001,0.62193,0.00737,0.00000,0.00000,0.99263
150.14999,0.62195,0.00036,0.00000,0.00000,0.99963
150.48000,0.62195,0.00049,0.00000,0.00000,0.99951
150.81000,0.62193,0.02830,0.00001,0.00000,0.97169
151.14000,0.62193,0.02098,0.00001,0.00000,0.97901
151.47000,0.62193,0.01794,0.00001,0.00000,0.98205
151.80000,0.62193,0.02223,0.00000,0.00000,0.97776
152.13000,0.62193,0.00195,0.00000,0.00000,0.99804
152.46001,0.62193,0.00192,0.00000,0.00000,0.99808
152.78999,0.62195,0.05583,0.00002,0.00000,0.94415
153.12000,0.62195,0.05371,0.00003,0.00000,0.94625
153.45000,0.62193,0.01080,0.00001,0.00000,0.98919
153.78000,0.62193,0.00694,0.00000,0.00000,0.99306
154.11000,0.62193,0.00122,0.00000,0.00000,0.99877
154.44000,0.62193,0.00029,0.00000,0.00000,0.99971
154.77000,0.62193,0.00265,0.00001,0.00000,0.99734
155.10001,0.62193,0.00774,0.00007,0.00001,0.99219
155.42999,0.62195,0.00332,0.00001,0.00000,0.99667
155.75999,0.62195,0.00215,0.00002,0.00000,0.99782
156.09000,0.62195,0.00917,0.00013,0.00007,0.99063
156.42000,0.62193,0.00476,0.00001,0.00000,0.99523
156.75000,0.62193,0.00234,0.00009,0.00000,0.99757
157.08000,0.62193,0.00909,0.00002,0.00000,0.99088
157.41000,0.62193,0.00199,0.00009,0.00000,0.99792
157.74001,0.62193,0.00115,0.00002,0.00000,0.99883
158.07001,0.62193,0.00155,0.00000,0.00000,0.99844
158.39999,0.62195,0.01372,0.00001,0.00000,0.98627
158.73000,0.62195,0.00117,0.00001,0.00000,0.99883
159.06000,0.62193,0.00052,0.00001,0.00000,0.99948
159.39000,0.62193,0.00031,0.00001,0.00000,0.99968
159.72000,0.62193,0.00382,0.00001,0.00000,0.99616
160.05000,0.62193,0.01095,0.00001,0.00000,0.98904
160.38000,0.62193,0.01098,0.00001,0.00000,0.98900
160.71001,0.62193,0.00139,0.00001,0.00000,0.99859
161.03999,0.62195,0.00020,0.00001,0.00000,0.99980
161.37000,0.62195,0.00065,0.00000,0.00000,0.99935
161.70000,0.62193,0.00215,0.00001,0.00000,0.99784
162.03000,0.62193,0.00089,0.00006,0.00000,0.99905
162.36000,0.62193,0.00098,0.00009,0.00000,0.99892
162.69000,0.62193,0.00055,0.00013,0.00000,0.99932
163.02000,0.62193,0.00083,0.00003,0.00000,0.99914
163.35001,0.62193,0.00044,0.00003,0.00000,0.99953
163.67999,0.62195,0.00074,0.00018,0.00000,0.99907
164.00999,0.62195,0.00126,0.00003,0.00000,0.99871
164.34000,0.62195,0.00081,0.00005,0.00000,0.99914
164.67000,0.62193,0.00047,0.00005,0.00000,0.99948
165.00000,0.62193,0.00052,0.00005,0.00000,0.99943
165.33000,0.62193,0.00017,0.00002,0.00000,0.99981
165.66000,0.62193,0.00018,0.00003,0.00000,0.99979
165.99001,0.62193,0.00030,0.00001,0.00000,0.99969
166.32001,0.62193,0.00050,0.00001,0.00000,0.99949
166.64999,0.62195,0.00078,0.00005,0.00000,0.99918
166.98000,0.62195,0.00069,0.00012,0.00000,0.99919
167.31000,0.62193,0.00017,0.00002,0.00000,0.99980
167.64000,0.62193,0.00005,0.00006,0.00000,0.99989
167.97000,0.62193,0.00004,0.00002,0.00000,0.99994
168.30000,0.62193,0.00025,0.00000,0.00000,0.99975
168.63000,0.62193,0.00024,0.00000,0.00000,0.99976
168.96001,0.62193,0.00066,0.00001,0.00000,0.99933
169.28999,0.62195,0.00268,0.00009,0.00001,0.99722
169.62000,0.62195,0.00408,0.00002,0.00000,0.99590
169.95000,0.62193,0.00327,0.00001,0.00000,0.99672
170.28000,0.62193,0.00810,0.00001,0.00000,0.99189
170.61000,0.62193,0.00366,0.00001,0.00000,0.99633
170.94000,0.62193,0.00094,0.00001,0.00000,0.99904
171.27000,0.62193,0.00049,0.00001,0.00000,0.99950
171.60001,0.62193,0.00442,0.00004,0.00000,0.99554
171.92999,0.62195,0.00417,0.00010,0.00001,0.99572
172.25999,0.62195,0.00332,0.00003,0.00000,0.99665
172.59000,0.62195,0.00164,0.00002,0.00000,0.99834
172.92000,0.62193,0.00140,0.00001,0.00000,0.99859
173.25000,0.62193,0.00305,0.00001,0.00000,0.99694
173.58000,0.62193,0.00426,0.00002,0.00001,0.99572
173.91000,0.62193,0.00109,0.00003,0.00000,0.99888
174.24001,0.62193,0.00133,0.00002,0.00000,0.99866
174.57001,0.62193,0.00172,0.00002,0.00000,0.99826
174.89999,0.62195,0.00091,0.00001,0.00000,0.99909
175.23000,0.62195,0.00027,0.00001,0.00000,0.99972
175.56000,0.62193,0.00009,0.00001,0.00000,0.99989
175.89000,0.62193,0.00026,0.00009,0.00000,0.99964
176.22000,0.62193,0.00053,0.00020,0.00000,0.99927
176.55000,0.62193,0.00039,0.00020,0.00000,0.99941
176.88000,0.62193,0.00014,0.00005,0.00000,0.99981
177.21001,0.62193,0.00055,0.00021,0.00001,0.99923
177.53999,0.62195,0.00093,0.00079,0.00003,0.99825
177.87000,0.62195,0.00056,0.00045,0.00001,0.99898
178.20000,0.62193,0.00018,0.00018,0.00000,0.99964
178.53000,0.62193,0.00050,0.00013,0.00000,0.99937
178.86000,0.62193,0.00030,0.00006,0.00000,0.99964
179.19000,0.62193,0.00016,0.00006,0.00000,0.99978
179.52000,0.62193,0.00016,0.00006,0.00000,0.99978
179.85001,0.62193,0.00011,0.00004,0.00000,0.99985
180.17999,0.62195,0.00018,0.00013,0.00000,0.99968
180.50999,0.62195,0.00023,0.00023,0.00000,0.99954
180.84000,0.62195,0.00009,0.00006,0.00000,0.99985
181.17000,0.62193,0.00006,0.00004,0.00000,0.99990
181.50000,0.62193,0.00015,0.00007,0.00000,0.99978
181.83000,0.62193,0.00023,0.00016,0.00000,0.99961
182.16000,0.62193,0.00012,0.00012,0.00000,0.99976
182.49001,0.62193,0.00009,0.00012,0.00000,0.99979
182.82001,0.62193,0.00012,0.00006,0.00000,0.99982
183.14999,0.62195,0.00013,0.00004,0.00000,0.99983
183.48000,0.62195,0.00017,0.00004,0.00000,0.99979
183.81000,0.62193,0.00021,0.00005,0.00000,0.99974
184.14000,0.62193,0.00009,0.00005,0.00000,0.99986
184.47000,0.62193,0.00008,0.00004,0.00000,0.99988
184.80000,0.62193,0.00007,0.00004,0.00000,0.99990
185.13000,0.62193,0.00002,0.00002,0.00000,0.99996
185.46001,0.62193,0.00004,0.00005,0.00000,0.99991
185.78999,0.62195,0.00017,0.00008,0.00000,0.99975
186.12000,0.62195,0.00013,0.00007,0.00000,0.99980
186.45000,0.62193,0.00008,0.00012,0.00000,0.99980
186.78000,0.62193,0.00018,0.00009,0.00000,0.99973
187.11000,0.62193,0.00018,0.00006,0.00000,0.99976
187.44000,0.62193,0.00022,0.00005,0.00000,0.99973
187.77000,0.62193,0.00016,0.00005,0.00000,0.99979
188.10001,0.62193,0.00007,0.00014,0.00000,0.99979
188.42999,0.62195,0.00028,0.00008,0.00000,0.99964
188.75999,0.62195,0.00056,0.00003,0.00000,0.99941
189.09000,0.62195,0.00025,0.00007,0.00000,0.99968
189.42000,0.62193,0.00008,0.00005,0.00000,0.99988
189.75000,0.62193,0.00035,0.00023,0.00000,0.99941
190.08000,0.62193,0.00037,0.00042,0.00000,0.99921
190.41000,0.62193,0.00037,0.00010,0.00000,0.99952
190.74001,0.62193,0.00105,0.00007,0.00001,0.99887
191.07001,0.62193,0.00061,0.00002,0.00000,0.99937
191.39999,0.62195,0.00174,0.00005,0.00002,0.99820
191.73000,0.62195,0.00115,0.00011,0.00002,0.99872
192.06000,0.62193,0.00036,0.00010,0.00000,0.99954
192.39000,0.62193,0.00081,0.00007,0.00001,0.99912
192.72000,0.62193,0.00225,0.00010,0.00003,0.99762
193.05000,0.62193,0.00138,0.00005,0.00001,0.99857
193.38000,0.62193,0.00066,0.00007,0.00000,0.99927
193.71001,0.62193,0.00080,0.00014,0.00001,0.99905
194.03999,0.62195,0.00892,0.00319,0.00143,0.98647
194.37000,0.62195,0.00105,0.00042,0.00001,0.99851
194.70000,0.62193,0.00011,0.00003,0.00000,0.99986
195.03000,0.62193,0.00013,0.00004,0.00000,0.99983
195.36000,0.62193,0.00010,0.00002,0.00000,0.99988
195.69000,0.62193,0.00020,0.00005,0.00000,0.99975
196.02000,0.62193,0.00016,0.00004,0.00000,0.99980
196.35001,0.62193,0.00016,0.00017,0.00000,0.99967
196.67999,0.62195,0.00029,0.00062,0.00000,0.99909
197.00999,0.62195,0.00015,0.00041,0.00000,0.99944
197.34000,0.62195,0.00009,0.00016,0.00000,0.99975
197.67000,0.62193,0.00016,0.00007,0.00000,0.99976
198.00000,0.62193,0.00026,0.00010,0.00000,0.99965
198.33000,0.62193,0.00047,0.00022,0.00000,0.99931
198.66000,0.62193,0.00034,0.00018,0.00000,0.99947
198.99001,0.62193,0.00019,0.00013,0.00000,0.99968
199.32001,0.62193,0.00031,0.00062,0.00000,0.99908
199.64999,0.62195,0.00069,0.00107,0.00001,0.99823
199.98000,0.62195,0.00082,0.00120,0.00001,0.99796
200.31000,0.62193,0.00054,0.00075,0.00001,0.99870
200.64000,0.62193,0.00028,0.00040,0.00000,0.99932
200.97000,0.62193,0.00018,0.00049,0.00000,0.99932
201.30000,0.62193,0.00022,0.00035,0.00000,0.99943
201.63000,0.62193,0.00076,0.00289,0.00002,0.99633
201.96001,0.62193,0.00031,0.00091,0.00000,0.99878
202.28999,0.62195,0.00013,0.00010,0.00000,0.99977
202.62000,0.62195,0.00018,0.00017,0.00000,0.99965
202.95000,0.62193,0.00035,0.00086,0.00001,0.99879
203.28000,0.62193,0.00016,0.00043,0.00000,0.99941
203.61000,0.62193,0.00016,0.00045,0.00000,0.99940
203.94000,0.62193,0.00030,0.00045,0.00000,0.99925
204.27000,0.62193,0.00037,0.00038,0.00000,0.99926
204.60001,0.62193,0.00066,0.00081,0.00001,0.99851
204.92999,0.62195,0.00016,0.00008,0.00000,0.99976
205.25999,0.62195,0.00018,0.00016,0.00000,0.99966
205.59000,0.62195,0.00033,0.00012,0.00000,0.99954
205.92000,0.62193,0.00025,0.00003,0.00000,0.99972
206.25000,0.62193,0.00036,0.00004,0.00000,0.99960
206.58000,0.62193,0.00040,0.00003,0.00000,0.99956
206.91000,0.62193,0.00007,0.00002,0.00000,0.99990
207.24001,0.62193,0.00023,0.00002,0.00000,0.99975
207.57001,0.62193,0.00080,0.00001,0.00000,0.99919
207.89999,0.62195,0.00164,0.00008,0.00000,0.99827
208.23000,0.62195,0.00450,0.00002,0.00001,0.99546
208.56000,0.62193,0.00171,0.00004,0.00001,0.99825
208.89000,0.62193,0.00359,0.00025,0.00007,0.99610
209.22000,0.62193,0.00109,0.00001,0.00000,0.99890
209.55000,0.62193,0.00020,0.00002,0.00000,0.99978
209.88000,0.62193,0.00862,0.00011,0.00001,0.99126
210.21001,0.62193,0.41231,0.00009,0.00012,0.58748
210.53999,0.62195,0.05624,0.00001,0.00000,0.94375
210.87000,0.62195,0.02125,0.00009,0.00000,0.97866
211.20000,0.62193,0.00608,0.00012,0.00000,0.99379
211.53000,0.62193,0.00226,0.00001,0.00000,0.99773
211.86000,0.62193,0.00231,0.00001,0.00000,0.99768
212.19000,0.62193,0.00563,0.00001,0.00000,0.99436
212.52000,0.62193,0.00113,0.00007,0.00000,0.99880
212.85001,0.62193,0.00025,0.00007,0.00000,0.99968
213.17999,0.62195,0.00149,0.00009,0.00000,0.99842
213.50999,0.62195,0.01183,0.00002,0.00000,0.98815
213.84000,0.62195,0.00101,0.00003,0.00000,0.99896
214.17000,0.62193,0.00013,0.00001,0.00000,0.99986
214.50000,0.62193,0.00014,0.00001,0.00000,0.99986
214.83000,0.62193,0.00011,0.00001,0.00000,0.99989
215.16000,0.62193,0.00004,0.00001,0.00000,0.99995
215.49001,0.62193,0.00031,0.00008,0.00000,0.99960
215.82001,0.62193,0.00052,0.00012,0.00000,0.99936
216.14999,0.62195,0.00080,0.00004,0.00000,0.99916
216.48000,0.62195,0.00083,0.00002,0.00000,0.99916
216.81000,0.62193,0.00202,0.00001,0.00000,0.99797
217.14000,0.62193,0.00361,0.00000,0.00000,0.99639
217.47000,0.62193,0.02700,0.00001,0.00000,0.97299
217.80000,0.62193,0.02823,0.00001,0.00000,0.97176
218.13000,0.62193,0.00766,0.00001,0.00000,0.99233
218.46001,0.62193,0.00913,0.00004,0.00002,0.99081
218.78999,0.62195,0.04346,0.00002,0.00001,0.95651
219.12000,0.62195,0.04708,0.00001,0.00000,0.95291
219.45000,0.62193,0.03483,0.00000,0.00000,0.96517
219.78000,0.62193,0.04930,0.00001,0.00000,0.95069
220.11000,0.62193,0.03096,0.00001,0.00000,0.96903
220.44000,0.62193,0.00529,0.00001,0.00000,0.99470
220.77000,0.62193,0.01239,0.00005,0.00001,0.98755
221.10001,0.62193,0.00975,0.00008,0.00004,0.99012
221.42999,0.62195,0.00213,0.00008,0.00002,0.99777
221.75999,0.62195,0.00292,0.00005,0.00002,0.99702
222.09000,0.62195,0.00331,0.00006,0.00001,0.99663
222.42000,0.62193,0.00171,0.00008,0.00001,0.99821
222.75000,0.62193,0.00065,0.00001,0.00000,0.99934
223.08000,0.62193,0.00075,0.00001,0.00000,0.99924
223.41000,0.62193,0.00217,0.00016,0.00001,0.99765
223.74001,0.62193,0.00115,0.00011,0.00001,0.99873
224.07001,0.62193,0.00048,0.00006,0.00000,0.99946
224.39999,0.62195,0.00109,0.00018,0.00000,0.99873
224.73000,0.62195,0.00068,0.00026,0.00001,0.99906
225.06000,0.62193,0.00015,0.00004,0.00000,0.99981
225.39000,0.62193,0.00018,0.00015,0.00000,0.99966
225.72000,0.62193,0.00033,0.00017,0.00000,0.99950
226.05000,0.62193,0.00016,0.00006,0.00000,0.99978
226.38000,0.62193,0.00011,0.00003,0.00000,0.99985
226.71001,0.62193,0.00018,0.00002,0.00000,0.99980
227.03999,0.62195,0.00051,0.00002,0.00000,0.99947
227.37000,0.62195,0.00077,0.00005,0.00000,0.99918
227.70000,0.62193,0.00002,0.00001,0.00000,0.99997
228.03000,0.62193,0.00005,0.00000,0.00000,0.99995
228.36000,0.62193,0.00117,0.00007,0.00001,0.99874
228.69000,0.62193,0.00433,0.00049,0.00031,0.99487
229.02000,0.62193,0.00040,0.00002,0.00000,0.99957
229.35001,0.62193,0.00161,0.00001,0.00000,0.99838
229.67999,0.62195,0.61765,0.00001,0.00001,0.38233
230.00999,0.62195,0.98026,0.00001,0.00001,0.01973
230.34000,0.62195,0.98534,0.00001,0.00001,0.01465
230.67000,0.62193,0.99867,0.00000,0.00000,0.00132
231.00000,0.62193,0.99962,0.00000,0.00000,0.00038
231.33000,0.62193,0.99981,0.00000,0.00000,0.00019
231.66000,0.62193,0.99998,0.00000,0.00000,0.00002
231.99001,0.62193,1.00000,0.00000,0.00000,0.00000
232.32001,0.62193,0.99997,0.00000,0.00000,0.00003
232.64999,0.62195,0.99990,0.00000,0.00000,0.00009
232.98000,0.62195,0.99995,0.00000,0.00000,0.00004
233.31000,0.62193,0.99994,0.00000,0.00002,0.00005
233.64000,0.62193,0.99999,0.00000,0.00000,0.00001
233.97000,0.62193,0.99999,0.00000,0.00000,0.00001
234.30000,0.62193,0.99989,0.00000,0.00000,0.00011
234.63000,0.62193,0.99935,0.00000,0.00001,0.00064
234.96001,0.62193,0.99995,0.00000,0.00000,0.00005
235.28999,0.62195,0.99999,0.00000,0.00000,0.00001
235.62000,0.62195,0.99998,0.00000,0.00000,0.00002
235.95000,0.62193,0.99998,0.00000,0.00000,0.00002
236.28000,0.62193,0.99999,0.00000,0.00000,0.00001
236.61000,0.62193,1.00000,0.00000,0.00000,0.00000
236.94000,0.62193,1.00000,0.00000,0.00000,0.00000
237.27000,0.62193,1.00000,0.00000,0.00000,0.00000
237.60001,0.62193,0.99997,0.00000,0.00001,0.00002
237.92999,0.62195,0.99983,0.00004,0.00003,0.00010
238.25999,0.62195,0.99999,0.00000,0.00000,0.00000
238.59000,0.62195,1.00000,0.00000,0.00000,0.00000
238.92000,0.62193,1.00000,0.00000,0.00000,0.00000
239.25000,0.62193,0.99992,0.00001,0.00003,0.00003
239.58000,0.62193,0.98133,0.00026,0.00087,0.01754
239.91000,0.62193,0.99990,0.00000,0.00000,0.00009
240.24001,0.62193,0.99998,0.00000,0.00000,0.00002
240.57001,0.62193,0.98712,0.00001,0.00002,0.01285
240.89999,0.62195,0.93657,0.00003,0.00005,0.06334
241.23000,0.62195,0.99999,0.00000,0.00000,0.00001
241.56000,0.62193,0.99999,0.00000,0.00000,0.00001
241.89000,0.62193,0.99997,0.00000,0.00000,0.00003
242.22000,0.62193,0.99998,0.00000,0.00000,0.00002
242.55000,0.62193,0.99999,0.00000,0.00000,0.00001
242.88000,0.62193,0.99998,0.00000,0.00000,0.00002
243.21001,0.62193,0.96669,0.00002,0.00003,0.03326
243.53999,0.62195,0.99931,0.00000,0.00000,0.00069
243.87000,0.62195,0.99999,0.00000,0.00000,0.00000
244.20000,0.62193,0.99999,0.00000,0.00000,0.00001
244.53000,0.62193,0.99931,0.00000,0.00000,0.00069
244.86000,0.62193,0.99815,0.00000,0.00001,0.00183
245.19000,0.62193,1.00000,0.00000,0.00000,0.00000
245.52000,0.62193,1.00000,0.00000,0.00000,0.00000
245.85001,0.62193,0.99971,0.00000,0.00000,0.00029
246.17999,0.62195,0.99732,0.00001,0.00003,0.00264
246.50999,0.62195,0.99999,0.00000,0.00000,0.00001
246.84000,0.62195,0.99998,0.00000,0.00000,0.00002
247.17000,0.62193,0.99997,0.00000,0.00000,0.00003
247.50000,0.62193,1.00000,0.00000,0.00000,0.00000
247.83000,0.62193,0.99978,0.00000,0.00000,0.00022
248.16000,0.62193,0.99989,0.00000,0.00000,0.00010
248.49001,0.62193,1.00000,0.00000,0.00000,0.00000
248.82001,0.62193,0.99999,0.00000,0.00000,0.00001
249.14999,0.62195,1.00000,0.00000,0.00000,0.00000
249.48000,0.62195,0.99995,0.00000,0.00000,0.00005
249.81000,0.62193,0.99997,0.00000,0.00000,0.00003
250.14000,0.62193,1.00000,0.00000,0.00000,0.00000
250.47000,0.62193,0.99996,0.00000,0.00000,0.00004
250.80000,0.62193,0.99980,0.00000,0.00000,0.00020
251.13000,0.62193,1.00000,0.00000,0.00000,0.00000
251.46001,0.62193,0.99980,0.00000,0.00001,0.00019
251.78999,0.62195,0.99984,0.00000,0.00000,0.00015
252.12000,0.62195,1.00000,0.00000,0.00000,0.00000
252.45000,0.62193,0.99982,0.00000,0.00000,0.00017
252.78000,0.62193,0.99998,0.00000,0.00000,0.00002
253.11000,0.62193,1.00000,0.00000,0.00000,0.00000
253.44000,0.62193,0.99999,0.00000,0.00000,0.00001
253.77000,0.62193,0.99998,0.00000,0.00000,0.00002
254.10001,0.62193,1.00000,0.00000,0.00000,0.00000
254.42999,0.62195,1.00000,0.00000,0.00000,0.00000
254.75999,0.62195,1.00000,0.00000,0.00000,0.00000
255.09000,0.62195,0.99998,0.00000,0.00000,0.00002
255.42000,0.62193,1.00000,0.00000,0.00000,0.00000
255.75000,0.62195,0.99999,0.00000,0.00000,0.00001
256.07999,0.62195,0.99995,0.00000,0.00000,0.00005
256.41000,0.62195,1.00000,0.00000,0.00000,0.00000
256.73999,0.62195,0.99998,0.00000,0.00000,0.00002
257.07001,0.62192,0.99999,0.00000,0.00000,0.00001
257.39999,0.62195,0.99999,0.00000,0.00000,0.00001
257.73001,0.62192,1.00000,0.00000,0.00000,0.00000
258.06000,0.62195,0.99996,0.00000,0.00000,0.00004
258.39001,0.62192,0.99998,0.00000,0.00000,0.00002
258.72000,0.62195,1.00000,0.00000,0.00000,0.00000
259.04999,0.62195,0.99998,0.00000,0.00000,0.00002
259.38000,0.62192,0.99998,0.00000,0.00000,0.00002
259.70999,0.62195,0.99997,0.00000,0.00000,0.00003
260.04001,0.62192,0.99999,0.00000,0.00000,0.00001
260.37000,0.62195,1.00000,0.00000,0.00000,0.00000
260.70001,0.62192,1.00000,0.00000,0.00000,0.00000
261.03000,0.62195,0.99998,0.00000,0.00000,0.00001
261.35999,0.62195,1.00000,0.00000,0.00000,0.00000
261.69000,0.62195,1.00000,0.00000,0.00000,0.00000
262.01999,0.62195,1.00000,0.00000,0.00000,0.00000
262.35001,0.62192,1.00000,0.00000,0.00000,0.00000
262.67999,0.62195,1.00000,0.00000,0.00000,0.00000
263.01001,0.62192,1.00000,0.00000,0.00000,0.00000
263.34000,0.62195,0.99999,0.00000,0.00000,0.00001
263.67001,0.62192,0.99998,0.00000,0.00000,0.00002
264.00000,0.62195,1.00000,0.00000,0.00000,0.00000
264.32999,0.62195,1.00000,0.00000,0.00000,0.00000
264.66000,0.62195,1.00000,0.00000,0.00000,0.00000
264.98999,0.62195,1.00000,0.00000,0.00000,0.00000
265.32001,0.62192,0.99999,0.00000,0.00000,0.00001
265.64999,0.62195,0.99999,0.00000,0.00000,0.00001
265.98001,0.62192,0.99999,0.00000,0.00000,0.00001
266.31000,0.62195,0.99999,0.00000,0.00000,0.00001
266.64001,0.62192,0.99999,0.00000,0.00000,0.00001
266.97000,0.62195,0.99999,0.00000,0.00000,0.00001
267.29999,0.62195,0.99993,0.00000,0.00000,0.00007
267.63000,0.62192,0.99993,0.00000,0.00000,0.00006
267.95999,0.62195,0.99996,0.00000,0.00000,0.00004
268.29001,0.62192,0.99940,0.00000,0.00000,0.00060
268.62000,0.62195,0.99994,0.00000,0.00000,0.00006
268.95001,0.62192,0.99998,0.00000,0.00000,0.00002
269.28000,0.62195,1.00000,0.00000,0.00000,0.00000
269.60999,0.62195,0.99999,0.00000,0.00000,0.00001
269.94000,0.62195,1.00000,0.00000,0.00000,0.00000
270.26999,0.62195,1.00000,0.00000,0.00000,0.00000
270.60001,0.62192,1.00000,0.00000,0.00000,0.00000
270.92999,0.62195,1.00000,0.00000,0.00000,0.00000
271.26001,0.62192,1.00000,0.00000,0.00000,0.00000
271.59000,0.62195,1.00000,0.00000,0.00000,0.00000
271.92001,0.62192,1.00000,0.00000,0.00000,0.00000
272.25000,0.62195,1.00000,0.00000,0.00000,0.00000
272.57999,0.62195,0.99998,0.00000,0.00000,0.00002
272.91000,0.62195,0.99989,0.00000,0.00000,0.00011
273.23999,0.62195,0.99956,0.00000,0.00001,0.00043
273.57001,0.62192,0.99978,0.00000,0.00000,0.00022
273.89999,0.62195,0.99997,0.00000,0.00000,0.00003
274.23001,0.62192,0.99998,0.00000,0.00000,0.00002
274.56000,0.62195,0.99999,0.00000,0.00000,0.00001
274.89001,0.62192,1.00000,0.00000,0.00000,0.00000
275.22000,0.62195,1.00000,0.00000,0.00000,0.00000
275.54999,0.62195,1.00000,0.00000,0.00000,0.00000
275.88000,0.62192,0.99999,0.00000,0.00000,0.00001
276.20999,0.62195,0.99999,0.00000,0.00000,0.00001
276.54001,0.62192,1.00000,0.00000,0.00000,0.00000
276.87000,0.62195,1.00000,0.00000,0.00000,0.00000
277.20001,0.62192,0.99997,0.00000,0.00000,0.00003
277.53000,0.62195,0.99998,0.00000,0.00000,0.00002
277.85999,0.62195,0.99999,0.00000,0.00000,0.00001
278.19000,0.62195,0.99990,0.00000,0.00000,0.00010
278.51999,0.62195,0.99999,0.00000,0.00000,0.00001
278.85001,0.62192,1.00000,0.00000,0.00000,0.00000
279.17999,0.62195,0.99992,0.00000,0.00001,0.00007
279.51001,0.62192,0.99994,0.00000,0.00000,0.00006
279.84000,0.62195,0.99997,0.00000,0.00000,0.00003
280.17001,0.62192,0.99991,0.00000,0.00000,0.00009
280.50000,0.62195,0.99996,0.00000,0.00000,0.00004
280.82999,0.62195,0.99999,0.00000,0.00000,0.00001
281.16000,0.62195,0.99991,0.00000,0.00000,0.00009
281.48999,0.62195,0.99999,0.00000,0.00000,0.00001
281.82001,0.62192,1.00000,0.00000,0.00000,0.00000
282.14999,0.62195,1.00000,0.00000,0.00000,0.00000
282.48001,0.62192,0.99999,0.00000,0.00000,0.00001
282.81000,0.62195,0.99997,0.00000,0.00000,0.00003
283.14001,0.62192,1.00000,0.00000,0.00000,0.00000
283.47000,0.62195,1.00000,0.00000,0.00000,0.00000
283.79999,0.62195,0.99999,0.00000,0.00000,0.00001
284.13000,0.62192,0.99999,0.00000,0.00000,0.00001
284.45999,0.62195,0.99993,0.00000,0.00000,0.00007
284.79001,0.62192,0.99999,0.00000,0.00000,0.00001
285.12000,0.62195,0.99999,0.00000,0.00000,0.00001
285.45001,0.62192,0.99987,0.00000,0.00000,0.00013
285.78000,0.62195,0.99974,0.00000,0.00000,0.00026
286.10999,0.62195,0.99994,0.00000,0.00000,0.00006
286.44000,0.62195,0.99985,0.00000,0.00000,0.00015
286.76999,0.62195,0.99994,0.00000,0.00000,0.00006
287.10001,0.62192,0.99977,0.00000,0.00001,0.00021
287.42999,0.62195,0.99997,0.00000,0.00000,0.00003
287.76001,0.62192,1.00000,0.00000,0.00000,0.00000
288.09000,0.62195,0.99999,0.00000,0.00000,0.00001
288.42001,0.62192,0.99999,0.00000,0.00000,0.00001
288.75000,0.62195,1.00000,0.00000,0.00000,0.00000
289.07999,0.62195,1.00000,0.00000,0.00000,0.00000
289.41000,0.62195,1.00000,0.00000,0.00000,0.00000
289.73999,0.62195,1.00000,0.00000,0.00000,0.00000
290.07001,0.62192,0.99998,0.00000,0.00000,0.00002
290.39999,0.62195,0.99999,0.00000,0.00000,0.00001
290.73001,0.62192,0.99998,0.00000,0.00000,0.00002
291.06000,0.62195,0.99993,0.00000,0.00000,0.00007
291.39001,0.62192,1.00000,0.00000,0.00000,0.00000
291.72000,0.62195,0.99979,0.00000,0.00000,0.00021
292.04999,0.62195,0.80890,0.00038,0.00260,0.18812
292.38000,0.62192,0.99996,0.00000,0.00000,0.00004
292.70999,0.62195,0.99999,0.00000,0.00000,0.00001
293.04001,0.62192,1.00000,0.00000,0.00000,0.00000
293.37000,0.62195,0.99996,0.00000,0.00000,0.00004
293.70001,0.62192,0.99984,0.00000,0.00000,0.00016
294.03000,0.62195,1.00000,0.00000,0.00000,0.00000
294.35999,0.62195,1.00000,0.00000,0.00000,0.00000
294.69000,0.62195,0.99999,0.00000,0.00000,0.00001
295.01999,0.62195,0.99999,0.00000,0.00000,0.00001
295.35001,0.62192,0.99993,0.00000,0.00000,0.00007
295.67999,0.62195,0.99857,0.00000,0.00000,0.00143
296.01001,0.62192,0.99999,0.00000,0.00000,0.00001
296.34000,0.62195,0.99998,0.00000,0.00000,0.00002
296.67001,0.62192,0.99995,0.00000,0.00000,0.00005
297.00000,0.62195,0.99988,0.00000,0.00000,0.00012
297.32999,0.62195,0.99988,0.00000,0.00000,0.00012
297.66000,0.62195,0.99885,0.00001,0.00013,0.00102
297.98999,0.62195,0.99915,0.00000,0.00003,0.00081
298.32001,0.62192,0.99995,0.00000,0.00000,0.00005
298.64999,0.62195,0.99999,0.00000,0.00000,0.00001
298.98001,0.62192,1.00000,0.00000,0.00000,0.00000
299.31000,0.62195,0.99998,0.00000,0.00000,0.00002
