Time (seconds), Duration (seconds),pred_(unlabeled),pred_brushing_teeth,pred_hair_drying,pred_showering
0.00000,0.62194,1.00000,0.00000,0.00000,0.00000
0.33000,0.62194,1.00000,0.00000,0.00000,0.00000
0.66000,0.62194,1.00000,0.00000,0.00000,0.00000
0.99000,0.62194,1.00000,0.00000,0.00000,0.00000
1.32000,0.62194,1.00000,0.00000,0.00000,0.00000
1.65000,0.62194,0.99998,0.00000,0.00002,0.00000
1.98000,0.62194,0.99998,0.00000,0.00002,0.00000
2.31000,0.62194,1.00000,0.00000,0.00000,0.00000
2.64000,0.62194,1.00000,0.00000,0.00000,0.00000
2.97000,0.62194,0.99999,0.00000,0.00001,0.00000
3.30000,0.62194,1.00000,0.00000,0.00000,0.00000
3.63000,0.62194,0.99999,0.00000,0.00001,0.00000
3.96000,0.62194,0.99970,0.00000,0.00030,0.00000
4.29000,0.62194,0.99996,0.00000,0.00003,0.00001
4.62000,0.62194,1.00000,0.00000,0.00000,0.00000
4.95000,0.62194,1.00000,0.00000,0.00000,0.00000
5.28000,0.62194,0.99994,0.00000,0.00006,0.00000
5.61000,0.62194,0.99999,0.00000,0.00001,0.00000
5.94000,0.62194,0.99998,0.00000,0.00002,0.00000
6.27000,0.62194,0.99999,0.00000,0.00001,0.00000
6.60000,0.62194,1.00000,0.00000,0.00000,0.00000
6.93000,0.62194,1.00000,0.00000,0.00000,0.00000
7.26000,0.62194,0.99999,0.00000,0.00001,0.00000
7.59000,0.62194,0.99997,0.00000,0.00003,0.00000
7.92000,0.62194,0.99999,0.00000,0.00001,0.00000
8.25000,0.62194,0.99999,0.00000,0.00001,0.00000
8.58000,0.62194,0.99999,0.00000,0.00001,0.00000
8.91000,0.62194,0.99992,0.00000,0.00008,0.00000
9.24000,0.62194,0.99785,0.00001,0.00003,0.00211
9.57000,0.62194,0.99999,0.00000,0.00000,0.00001
9.90000,0.62194,0.99853,0.00023,0.00106,0.00017
10.23000,0.62194,0.99978,0.00000,0.00016,0.00006
10.56000,0.62194,0.99991,0.00000,0.00009,0.00000
10.89000,0.62194,0.99993,0.00000,0.00007,0.00000
11.22000,0.62194,0.99998,0.00000,0.00002,0.00000
11.55000,0.62194,0.99993,0.00000,0.00007,0.00000
11.88000,0.62194,0.99915,0.00000,0.00085,0.00000
12.21000,0.62194,0.99985,0.00000,0.00016,0.00000
12.54000,0.62194,0.99991,0.00000,0.00009,0.00000
12.87000,0.62194,0.99976,0.00000,0.00024,0.00000
13.20000,0.62194,0.99984,0.00000,0.00016,0.00000
13.53000,0.62194,0.99995,0.00000,0.00005,0.00000
13.86000,0.62194,0.99815,0.00000,0.00185,0.00000
14.19000,0.62194,0.99892,0.00000,0.00108,0.00000
14.52000,0.62194,0.99953,0.00000,0.00047,0.00000
14.85000,0.62194,0.99995,0.00000,0.00005,0.00000
15.18000,0.62194,1.00000,0.00000,0.00000,0.00000
15.51000,0.62194,1.00000,0.00000,0.00000,0.00000
15.84000,0.62194,0.99999,0.00000,0.00001,0.00000
16.17000,0.62194,0.99999,0.00000,0.00001,0.00000
16.50000,0.62194,0.99999,0.00000,0.00001,0.00000
16.83000,0.62194,0.99999,0.00000,0.00001,0.00000
17.16000,0.62194,1.00000,0.00000,0.00000,0.00000
17.49000,0.62194,1.00000,0.00000,0.00000,0.00000
17.82000,0.62194,0.99999,0.00000,0.00001,0.00000
18.15000,0.62194,0.99999,0.00000,0.00001,0.00000
18.48000,0.62194,0.99999,0.00000,0.00001,0.00000
18.81000,0.62194,0.99996,0.00000,0.00004,0.00000
19.14000,0.62194,0.99999,0.00000,0.00001,0.00000
19.47000,0.62194,0.99999,0.00000,0.00001,0.00000
19.80000,0.62194,1.00000,0.00000,0.00000,0.00000
20.13000,0.62194,0.99999,0.00000,0.00000,0.00000
20.46000,0.62194,0.56184,0.00175,0.00109,0.43531
20.79000,0.62194,0.99888,0.00001,0.00000,0.00111
21.12000,0.62194,0.99993,0.00000,0.00000,0.00007
21.45000,0.62194,0.99998,0.00000,0.00001,0.00001
21.78000,0.62194,0.99981,0.00000,0.00016,0.00004
22.11000,0.62194,0.99823,0.00032,0.00000,0.00145
22.44000,0.62194,0.99944,0.00000,0.00002,0.00055
22.77000,0.62194,0.99823,0.00001,0.00041,0.00135
23.10000,0.62194,0.99923,0.00000,0.00076,0.00001
23.43000,0.62194,0.99987,0.00000,0.00013,0.00000
23.76000,0.62194,0.99999,0.00000,0.00001,0.00000
24.09000,0.62194,0.99999,0.00000,0.00001,0.00000
24.42000,0.62194,0.99999,0.00000,0.00001,0.00000
24.75000,0.62194,1.00000,0.00000,0.00000,0.00000
25.08000,0.62194,1.00000,0.00000,0.00000,0.00000
25.41000,0.62194,0.99999,0.00000,0.00001,0.00000
25.74000,0.62194,0.99999,0.00000,0.00001,0.00000
26.07000,0.62194,0.99999,0.00000,0.00001,0.00000
26.40000,0.62194,1.00000,0.00000,0.00000,0.00000
26.73000,0.62194,1.00000,0.00000,0.00000,0.00000
27.06000,0.62194,1.00000,0.00000,0.00000,0.00000
27.39000,0.62194,0.99999,0.00000,0.00001,0.00000
27.72000,0.62194,0.99999,0.00000,0.00001,0.00000
28.05000,0.62194,0.99999,0.00000,0.00001,0.00000
28.38000,0.62194,0.99993,0.00000,0.00007,0.00000
28.71000,0.62194,0.99989,0.00000,0.00011,0.00000
29.04000,0.62194,0.99993,0.00000,0.00007,0.00000
29.37000,0.62194,1.00000,0.00000,0.00000,0.00000
29.70000,0.62194,1.00000,0.00000,0.00000,0.00000
30.03000,0.62194,1.00000,0.00000,0.00000,0.00000
30.36000,0.62194,0.99999,0.00000,0.00001,0.00000
30.69000,0.62194,0.99998,0.00000,0.00002,0.00000
31.02000,0.62194,0.99999,0.00000,0.00001,0.00000
31.35000,0.62194,0.99999,0.00000,0.00001,0.00000
31.68000,0.62194,0.99999,0.00000,0.00001,0.00000
32.01000,0.62194,0.99999,0.00000,0.00000,0.00000
32.34000,0.62194,0.99998,0.00000,0.00001,0.00000
32.67000,0.62194,1.00000,0.00000,0.00000,0.00000
33.00000,0.62194,1.00000,0.00000,0.00000,0.00000
33.33000,0.62194,0.99999,0.00000,0.00001,0.00000
33.66000,0.62194,0.99999,0.00000,0.00001,0.00000
33.99000,0.62194,1.00000,0.00000,0.00000,0.00000
34.32000,0.62194,1.00000,0.00000,0.00000,0.00000
34.65000,0.62194,1.00000,0.00000,0.00000,0.00000
34.98000,0.62194,1.00000,0.00000,0.00000,0.00000
35.31000,0.62194,0.99999,0.00000,0.00001,0.00000
35.64000,0.62194,0.99999,0.00000,0.00001,0.00000
35.97000,0.62194,1.00000,0.00000,0.00000,0.00000
36.30000,0.62194,1.00000,0.00000,0.00000,0.00000
36.63000,0.62194,1.00000,0.00000,0.00000,0.00000
36.96000,0.62194,0.99999,0.00000,0.00000,0.00000
37.29000,0.62194,0.99999,0.00000,0.00001,0.00000
37.62000,0.62194,1.00000,0.00000,0.00000,0.00000
37.95000,0.62194,1.00000,0.00000,0.00000,0.00000
38.28000,0.62194,1.00000,0.00000,0.00000,0.00000
38.61000,0.62194,1.00000,0.00000,0.00000,0.00000
38.94000,0.62194,0.99998,0.00000,0.00002,0.00000
39.27000,0.62194,0.99993,0.00000,0.00007,0.00000
39.60000,0.62194,0.99949,0.00000,0.00001,0.00049
39.93000,0.62194,0.99918,0.00001,0.00000,0.00081
40.26000,0.62194,0.99946,0.00001,0.00000,0.00053
40.59000,0.62194,0.99997,0.00000,0.00000,0.00003
40.92000,0.62194,0.99999,0.00000,0.00000,0.00001
41.25000,0.62194,0.99998,0.00000,0.00000,0.00001
41.58000,0.62194,0.99978,0.00005,0.00016,0.00001
41.91000,0.62194,1.00000,0.00000,0.00000,0.00000
42.24000,0.62194,1.00000,0.00000,0.00000,0.00000
42.57000,0.62194,0.99993,0.00000,0.00001,0.00006
42.90000,0.62194,0.99712,0.00003,0.00080,0.00205
43.23000,0.62194,0.99963,0.00000,0.00014,0.00022
43.56000,0.62194,0.99281,0.00003,0.00010,0.00706
43.89000,0.62194,0.99283,0.00167,0.00000,0.00549
44.22000,0.62194,0.99772,0.00010,0.00000,0.00218
44.55000,0.62194,0.99579,0.00000,0.00001,0.00420
44.88000,0.62194,0.88961,0.00020,0.00001,0.11018
45.21000,0.62194,0.99209,0.00009,0.00000,0.00782
45.54000,0.62194,0.99872,0.00019,0.00000,0.00109
45.87000,0.62194,0.99998,0.00000,0.00000,0.00002
46.20000,0.62194,1.00000,0.00000,0.00000,0.00000
46.53000,0.62194,1.00000,0.00000,0.00000,0.00000
46.86000,0.62194,0.99993,0.00001,0.00002,0.00005
47.19000,0.62194,1.00000,0.00000,0.00000,0.00000
47.52000,0.62194,0.99997,0.00001,0.00000,0.00001
47.85000,0.62194,0.99987,0.00007,0.00005,0.00001
48.18000,0.62194,0.99889,0.00000,0.00027,0.00083
48.51000,0.62194,0.99998,0.00000,0.00000,0.00002
48.84000,0.62194,1.00000,0.00000,0.00000,0.00000
49.17000,0.62194,1.00000,0.00000,0.00000,0.00000
49.50000,0.62194,1.00000,0.00000,0.00000,0.00000
49.83000,0.62194,1.00000,0.00000,0.00000,0.00000
50.16000,0.62194,1.00000,0.00000,0.00000,0.00000
50.49000,0.62194,1.00000,0.00000,0.00000,0.00000
50.82000,0.62194,1.00000,0.00000,0.00000,0.00000
51.15000,0.62194,1.00000,0.00000,0.00000,0.00000
51.48000,0.62194,1.00000,0.00000,0.00000,0.00000
51.81000,0.62194,1.00000,0.00000,0.00000,0.00000
52.14000,0.62194,1.00000,0.00000,0.00000,0.00000
52.47000,0.62194,1.00000,0.00000,0.00000,0.00000
52.80000,0.62194,1.00000,0.00000,0.00000,0.00000
53.13000,0.62194,1.00000,0.00000,0.00000,0.00000
53.46000,0.62194,1.00000,0.00000,0.00000,0.00000
53.79000,0.62194,1.00000,0.00000,0.00000,0.00000
54.12000,0.62194,1.00000,0.00000,0.00000,0.00000
54.45000,0.62194,1.00000,0.00000,0.00000,0.00000
54.78000,0.62194,1.00000,0.00000,0.00000,0.00000
55.11000,0.62194,1.00000,0.00000,0.00000,0.00000
55.44000,0.62194,1.00000,0.00000,0.00000,0.00000
55.77000,0.62194,1.00000,0.00000,0.00000,0.00000
56.10000,0.62194,1.00000,0.00000,0.00000,0.00000
56.43000,0.62194,1.00000,0.00000,0.00000,0.00000
56.76000,0.62194,1.00000,0.00000,0.00000,0.00000
57.09000,0.62194,1.00000,0.00000,0.00000,0.00000
57.42000,0.62194,1.00000,0.00000,0.00000,0.00000
57.75000,0.62194,1.00000,0.00000,0.00000,0.00000
58.08000,0.62194,0.99999,0.00000,0.00000,0.00001
58.41000,0.62194,1.00000,0.00000,0.00000,0.00000
58.74000,0.62194,0.99975,0.00000,0.00002,0.00022
59.07000,0.62194,1.00000,0.00000,0.00000,0.00000
59.40000,0.62194,1.00000,0.00000,0.00000,0.00000
59.73000,0.62194,1.00000,0.00000,0.00000,0.00000
60.06000,0.62194,0.99817,0.00001,0.00001,0.00181
60.39000,0.62194,0.99999,0.00000,0.00000,0.00001
60.72000,0.62194,1.00000,0.00000,0.00000,0.00000
61.05000,0.62194,1.00000,0.00000,0.00000,0.00000
61.38000,0.62194,1.00000,0.00000,0.00000,0.00000
61.71000,0.62194,1.00000,0.00000,0.00000,0.00000
62.04000,0.62194,1.00000,0.00000,0.00000,0.00000
62.37000,0.62194,0.99998,0.00000,0.00000,0.00002
62.70000,0.62194,0.99999,0.00000,0.00000,0.00001
63.03000,0.62194,1.00000,0.00000,0.00000,0.00000
63.36000,0.62194,0.99999,0.00000,0.00000,0.00001
63.69000,0.62194,0.99993,0.00000,0.00001,0.00006
64.02000,0.62194,0.99998,0.00000,0.00001,0.00001
64.35000,0.62194,1.00000,0.00000,0.00000,0.00000
64.68000,0.62194,1.00000,0.00000,0.00000,0.00000
65.01000,0.62193,1.00000,0.00000,0.00000,0.00000
65.34000,0.62194,1.00000,0.00000,0.00000,0.00000
65.67000,0.62194,1.00000,0.00000,0.00000,0.00000
66.00000,0.62194,1.00000,0.00000,0.00000,0.00000
66.33000,0.62193,1.00000,0.00000,0.00000,0.00000
66.66000,0.62193,0.99999,0.00000,0.00001,0.00000
66.99000,0.62194,0.99752,0.00001,0.00039,0.00208
67.32000,0.62194,0.99757,0.00002,0.00004,0.00237
67.65000,0.62193,0.99958,0.00000,0.00000,0.00041
67.98000,0.62193,1.00000,0.00000,0.00000,0.00000
68.31000,0.62194,1.00000,0.00000,0.00000,0.00000
68.64000,0.62194,1.00000,0.00000,0.00000,0.00000
68.97000,0.62193,1.00000,0.00000,0.00000,0.00000
69.30000,0.62193,1.00000,0.00000,0.00000,0.00000
69.63000,0.62194,0.99990,0.00000,0.00000,0.00010
69.96000,0.62194,0.99316,0.00006,0.00004,0.00674
70.29000,0.62193,0.96146,0.00061,0.00007,0.03786
70.62000,0.62193,0.99995,0.00000,0.00000,0.00005
70.95000,0.62194,1.00000,0.00000,0.00000,0.00000
71.28000,0.62194,0.98630,0.00004,0.00024,0.01341
71.61000,0.62194,0.99582,0.00003,0.00141,0.00274
71.94000,0.62193,0.99403,0.00027,0.00048,0.00522
72.27000,0.62194,0.88462,0.00185,0.00206,0.11147
72.60000,0.62194,0.94423,0.00323,0.00143,0.05111
72.93000,0.62194,0.99394,0.00193,0.00101,0.00312
73.26000,0.62193,0.98873,0.00063,0.00008,0.01056
73.59000,0.62194,0.99920,0.00002,0.00000,0.00078
73.92000,0.62194,0.99965,0.00001,0.00001,0.00034
74.25000,0.62194,0.99853,0.00027,0.00000,0.00120
74.58000,0.62193,0.90101,0.00026,0.00008,0.09866
74.91000,0.62193,0.99475,0.00300,0.00001,0.00224
75.24000,0.62194,0.99903,0.00019,0.00001,0.00077
75.57000,0.62194,0.99925,0.00001,0.00002,0.00072
75.90000,0.62193,0.99931,0.00006,0.00000,0.00062
76.23000,0.62193,0.95190,0.00716,0.00025,0.04069
76.56000,0.62194,0.99533,0.00068,0.00004,0.00395
76.89000,0.62194,0.99796,0.00009,0.00000,0.00195
77.22000,0.62193,0.99907,0.00001,0.00000,0.00092
77.55000,0.62193,0.59291,0.00826,0.00148,0.39735
77.88000,0.62194,0.66367,0.00120,0.01116,0.32397
78.21000,0.62194,0.96733,0.00002,0.00094,0.03171
78.54000,0.62193,0.92810,0.00001,0.00000,0.07189
78.87000,0.62193,0.99976,0.00016,0.00000,0.00008
79.20000,0.62194,0.99999,0.00001,0.00000,0.00001
79.53000,0.62194,0.99976,0.00000,0.00000,0.00024
79.86000,0.62194,0.99988,0.00000,0.00000,0.00012
80.19000,0.62193,0.99787,0.00001,0.00205,0.00007
80.52000,0.62194,0.91730,0.00002,0.08138,0.00129
80.85000,0.62194,0.98186,0.00716,0.00330,0.00767
81.18000,0.62194,0.97396,0.00382,0.01168,0.01054
81.51000,0.62193,0.98718,0.00002,0.00035,0.01246
81.84000,0.62194,0.99689,0.00000,0.00026,0.00285
82.17000,0.62194,0.98739,0.00001,0.00004,0.01256
82.50000,0.62194,0.99999,0.00000,0.00000,0.00001
82.83000,0.62193,1.00000,0.00000,0.00000,0.00000
83.16000,0.62193,0.99999,0.00000,0.00000,0.00001
83.49000,0.62194,0.99938,0.00000,0.00001,0.00061
83.82000,0.62194,0.99613,0.00000,0.00019,0.00368
84.15000,0.62193,0.99933,0.00000,0.00000,0.00066
84.48000,0.62193,0.99191,0.00000,0.00000,0.00809
84.81000,0.62194,0.99788,0.00000,0.00000,0.00212
85.14000,0.62194,0.99994,0.00000,0.00000,0.00006
85.47000,0.62193,0.99940,0.00000,0.00000,0.00060
85.80000,0.62193,0.98900,0.00016,0.00003,0.01081
86.13000,0.62194,0.99864,0.00000,0.00000,0.00136
86.46000,0.62194,0.99995,0.00000,0.00000,0.00005
86.79000,0.62193,0.99993,0.00000,0.00000,0.00007
87.12000,0.62193,1.00000,0.00000,0.00000,0.00000
87.45000,0.62194,1.00000,0.00000,0.00000,0.00000
87.78000,0.62194,1.00000,0.00000,0.00000,0.00000
88.11000,0.62194,1.00000,0.00000,0.00000,0.00000
88.44000,0.62193,0.99996,0.00000,0.00000,0.00004
88.77000,0.62194,0.99780,0.00000,0.00000,0.00219
89.10000,0.62194,0.99998,0.00000,0.00001,0.00000
89.43000,0.62194,1.00000,0.00000,0.00000,0.00000
89.76000,0.62193,0.99682,0.00000,0.00002,0.00315
90.09000,0.62194,0.96178,0.00022,0.00366,0.03433
90.42000,0.62194,0.13146,0.00007,0.86799,0.00048
90.75000,0.62194,0.73152,0.09608,0.00228,0.17012
91.08000,0.62193,0.84979,0.14005,0.00001,0.01016
91.41000,0.62193,0.99885,0.00108,0.00003,0.00004
91.74000,0.62194,0.99944,0.00054,0.00001,0.00001
92.07000,0.62194,0.99993,0.00006,0.00001,0.00000
92.40000,0.62193,0.99998,0.00001,0.00000,0.00000
92.73000,0.62193,0.99993,0.00005,0.00001,0.00002
93.06000,0.62194,0.99597,0.00376,0.00010,0.00017
93.39000,0.62194,0.84730,0.00029,0.14602,0.00639
93.72000,0.62193,0.90758,0.00000,0.06409,0.02833
94.05000,0.62193,0.99653,0.00000,0.00120,0.00227
94.38000,0.62194,0.99705,0.00065,0.00044,0.00186
94.71000,0.62194,0.99995,0.00000,0.00001,0.00005
95.04000,0.62193,0.99979,0.00000,0.00005,0.00016
95.37000,0.62193,0.95934,0.00529,0.00008,0.03529
95.70000,0.62194,0.99432,0.00369,0.00024,0.00175
96.03000,0.62194,0.99987,0.00003,0.00001,0.00009
96.36000,0.62194,0.99998,0.00000,0.00000,0.00001
96.69000,0.62193,0.99691,0.00002,0.00002,0.00305
97.02000,0.62194,0.99970,0.00000,0.00000,0.00030
97.35000,0.62194,1.00000,0.00000,0.00000,0.00000
97.68000,0.62194,0.99999,0.00000,0.00000,0.00000
98.01000,0.62193,0.99966,0.00001,0.00031,0.00003
98.34000,0.62194,0.99996,0.00000,0.00002,0.00003
98.67000,0.62194,1.00000,0.00000,0.00000,0.00000
99.00000,0.62194,0.99998,0.00000,0.00000,0.00002
99.33000,0.62193,0.99999,0.00000,0.00000,0.00001
99.66000,0.62193,1.00000,0.00000,0.00000,0.00000
99.99000,0.62194,1.00000,0.00000,0.00000,0.00000
100.32000,0.62194,1.00000,0.00000,0.00000,0.00000
100.65000,0.62193,1.00000,0.00000,0.00000,0.00000
100.98000,0.62193,1.00000,0.00000,0.00000,0.00000
101.31000,0.62194,1.00000,0.00000,0.00000,0.00000
101.64000,0.62194,1.00000,0.00000,0.00000,0.00000
101.97000,0.62193,1.00000,0.00000,0.00000,0.00000
102.30000,0.62193,1.00000,0.00000,0.00000,0.00000
102.63000,0.62194,1.00000,0.00000,0.00000,0.00000
102.96000,0.62194,1.00000,0.00000,0.00000,0.00000
103.29000,0.62193,0.99997,0.00000,0.00000,0.00003
103.62000,0.62193,0.99999,0.00000,0.00000,0.00001
103.95000,0.62194,1.00000,0.00000,0.00000,0.00000
104.28000,0.62194,1.00000,0.00000,0.00000,0.00000
104.61000,0.62194,1.00000,0.00000,0.00000,0.00000
104.94000,0.62193,0.99999,0.00000,0.00000,0.00001
105.27000,0.62194,1.00000,0.00000,0.00000,0.00000
105.60000,0.62194,1.00000,0.00000,0.00000,0.00000
105.93000,0.62194,1.00000,0.00000,0.00000,0.00000
106.26000,0.62193,1.00000,0.00000,0.00000,0.00000
106.59000,0.62194,1.00000,0.00000,0.00000,0.00000
106.92000,0.62194,1.00000,0.00000,0.00000,0.00000
107.25000,0.62194,1.00000,0.00000,0.00000,0.00000
107.58000,0.62193,1.00000,0.00000,0.00000,0.00000
107.91000,0.62193,1.00000,0.00000,0.00000,0.00000
108.24000,0.62194,1.00000,0.00000,0.00000,0.00000
108.57000,0.62194,1.00000,0.00000,0.00000,0.00000
108.90000,0.62193,0.99999,0.00000,0.00000,0.00001
109.23000,0.62193,0.99993,0.00000,0.00000,0.00007
109.56000,0.62194,0.99982,0.00000,0.00001,0.00017
109.89000,0.62194,0.99937,0.00000,0.00000,0.00063
110.22000,0.62193,0.99509,0.00000,0.00001,0.00490
110.55000,0.62193,0.95895,0.02206,0.00595,0.01304
110.88000,0.62194,0.90149,0.00234,0.09435,0.00182
111.21000,0.62194,0.99396,0.00047,0.00039,0.00518
111.54000,0.62193,0.88737,0.11028,0.00001,0.00235
111.87000,0.62193,0.99986,0.00007,0.00000,0.00007
112.20000,0.62194,0.99997,0.00000,0.00000,0.00002
112.53000,0.62194,0.99995,0.00000,0.00000,0.00004
112.86000,0.62194,0.99968,0.00000,0.00000,0.00032
113.19000,0.62193,0.99765,0.00003,0.00004,0.00228
113.52000,0.62194,0.99304,0.00034,0.00089,0.00574
113.85000,0.62194,0.99955,0.00000,0.00001,0.00045
114.18000,0.62194,0.99999,0.00000,0.00000,0.00001
114.51000,0.62193,0.99999,0.00000,0.00000,0.00001
114.84000,0.62194,0.99971,0.00000,0.00001,0.00027
115.17000,0.62194,0.99728,0.00005,0.00015,0.00253
115.50000,0.62194,0.99992,0.00000,0.00000,0.00008
115.83000,0.62193,0.99996,0.00000,0.00000,0.00004
116.16000,0.62193,0.99990,0.00000,0.00000,0.00010
116.49000,0.62194,0.99994,0.00000,0.00000,0.00006
116.82000,0.62194,0.99996,0.00000,0.00000,0.00004
117.15000,0.62193,0.99996,0.00000,0.00000,0.00004
117.48000,0.62193,0.99974,0.00000,0.00001,0.00025
117.81000,0.62194,0.99986,0.00000,0.00000,0.00014
118.14000,0.62194,0.99997,0.00000,0.00000,0.00003
118.47000,0.62193,0.99999,0.00000,0.00000,0.00001
118.80000,0.62193,0.99998,0.00000,0.00000,0.00001
119.13000,0.62194,0.99991,0.00000,0.00000,0.00008
119.46000,0.62194,1.00000,0.00000,0.00000,0.00000
119.79000,0.62193,0.99999,0.00000,0.00000,0.00001
120.12000,0.62193,0.99996,0.00000,0.00000,0.00004
120.45000,0.62194,0.99996,0.00000,0.00000,0.00004
120.78000,0.62194,0.99997,0.00000,0.00000,0.00003
121.11000,0.62194,0.99999,0.00000,0.00000,0.00001
121.44000,0.62193,0.99999,0.00000,0.00000,0.00001
121.77000,0.62194,0.99992,0.00000,0.00000,0.00008
122.10000,0.62194,0.99986,0.00000,0.00000,0.00014
122.43000,0.62194,0.99998,0.00000,0.00000,0.00002
122.76000,0.62193,0.99998,0.00000,0.00000,0.00002
123.09000,0.62194,0.99991,0.00000,0.00000,0.00008
123.42000,0.62194,0.99997,0.00000,0.00000,0.00003
123.75000,0.62194,0.99999,0.00000,0.00000,0.00001
124.08000,0.62193,0.99997,0.00000,0.00000,0.00003
124.41000,0.62193,1.00000,0.00000,0.00000,0.00000
124.74000,0.62194,0.99997,0.00000,0.00000,0.00003
125.07000,0.62194,0.99820,0.00000,0.00001,0.00180
125.40000,0.62193,0.99956,0.00000,0.00000,0.00044
125.73000,0.62193,0.99861,0.00000,0.00000,0.00139
126.06000,0.62194,0.99904,0.00000,0.00000,0.00096
126.39000,0.62194,0.99954,0.00000,0.00000,0.00045
126.72000,0.62193,0.99875,0.00000,0.00000,0.00124
127.05000,0.62193,0.99870,0.00000,0.00000,0.00130
127.38000,0.62194,0.99871,0.00000,0.00000,0.00128
127.71000,0.62194,0.99919,0.00000,0.00000,0.00081
128.03999,0.62195,0.99871,0.00000,0.00000,0.00129
128.37000,0.62195,0.99982,0.00000,0.00000,0.00018
128.70000,0.62193,0.99898,0.00000,0.00001,0.00101
129.03000,0.62193,0.99271,0.00000,0.00004,0.00725
129.36000,0.62193,0.99890,0.00000,0.00000,0.00109
129.69000,0.62193,0.99937,0.00000,0.00000,0.00062
130.02000,0.62193,0.99849,0.00000,0.00000,0.00151
130.35001,0.62193,0.98528,0.00002,0.00017,0.01452
130.67999,0.62195,0.99885,0.00000,0.00000,0.00114
131.00999,0.62195,0.99951,0.00000,0.00000,0.00049
131.34000,0.62195,0.99104,0.00000,0.00002,0.00893
131.67000,0.62193,0.99086,0.00000,0.00002,0.00912
132.00000,0.62193,0.99355,0.00000,0.00002,0.00643
132.33000,0.62193,0.99859,0.00000,0.00000,0.00140
132.66000,0.62193,0.99720,0.00000,0.00001,0.00279
132.99001,0.62193,0.98188,0.00003,0.00022,0.01787
133.32001,0.62193,0.98755,0.00001,0.00006,0.01238
133.64999,0.62195,0.98712,0.00004,0.00007,0.01276
133.98000,0.62195,0.98772,0.00002,0.00007,0.01220
134.31000,0.62193,0.99720,0.00000,0.00000,0.00279
134.64000,0.62193,0.99912,0.00000,0.00000,0.00088
134.97000,0.62193,0.99759,0.00001,0.00001,0.00239
135.30000,0.62193,0.97164,0.00006,0.00031,0.02798
135.63000,0.62193,0.94392,0.00003,0.00033,0.05572
135.96001,0.62193,0.97838,0.00006,0.00026,0.02130
136.28999,0.62195,0.99183,0.00007,0.00012,0.00798
136.62000,0.62195,0.99563,0.00004,0.00010,0.00423
136.95000,0.62193,0.99746,0.00001,0.00007,0.00245
137.28000,0.62193,0.99891,0.00000,0.00000,0.00109
137.61000,0.62193,0.99981,0.00000,0.00000,0.00019
137.94000,0.62193,0.99977,0.00000,0.00000,0.00023
138.27000,0.62193,0.99849,0.00000,0.00001,0.00150
138.60001,0.62193,0.99858,0.00001,0.00002,0.00139
138.92999,0.62195,0.99979,0.00000,0.00000,0.00020
139.25999,0.62195,0.99898,0.00000,0.00001,0.00101
139.59000,0.62195,0.99960,0.00000,0.00000,0.00040
139.92000,0.62193,0.99983,0.00000,0.00000,0.00016
140.25000,0.62193,0.99963,0.00000,0.00000,0.00037
140.58000,0.62193,0.99995,0.00000,0.00000,0.00005
140.91000,0.62193,0.99982,0.00000,0.00000,0.00017
141.24001,0.62193,0.99942,0.00000,0.00001,0.00057
141.57001,0.62193,0.99915,0.00000,0.00002,0.00083
141.89999,0.62195,0.99995,0.00000,0.00000,0.00005
142.23000,0.62195,0.99997,0.00000,0.00000,0.00003
142.56000,0.62193,0.99839,0.00001,0.00004,0.00157
142.89000,0.62193,0.99817,0.00000,0.00001,0.00181
143.22000,0.62193,0.99993,0.00000,0.00000,0.00007
143.55000,0.62193,0.99981,0.00001,0.00001,0.00018
143.88000,0.62193,0.99990,0.00000,0.00000,0.00010
144.21001,0.62193,0.99981,0.00000,0.00000,0.00019
144.53999,0.62195,0.99979,0.00000,0.00000,0.00021
144.87000,0.62195,0.99903,0.00000,0.00002,0.00095
145.20000,0.62193,0.99995,0.00000,0.00000,0.00005
145.53000,0.62193,0.99999,0.00000,0.00000,0.00001
145.86000,0.62193,0.99997,0.00000,0.00000,0.00003
146.19000,0.62193,0.99978,0.00000,0.00000,0.00022
146.52000,0.62193,0.99997,0.00000,0.00000,0.00003
146.85001,0.62193,0.99995,0.00000,0.00000,0.00005
147.17999,0.62195,0.99996,0.00000,0.00000,0.00003
147.50999,0.62195,0.99998,0.00000,0.00000,0.00002
147.84000,0.62195,1.00000,0.00000,0.00000,0.00000
148.17000,0.62193,0.99995,0.00000,0.00000,0.00005
148.50000,0.62193,0.99995,0.00000,0.00000,0.00005
148.83000,0.62193,0.99999,0.00000,0.00000,0.00001
149.16000,0.62193,0.99997,0.00000,0.00000,0.00003
149.49001,0.62193,1.00000,0.00000,0.00000,0.00000
149.82001,0.62193,1.00000,0.00000,0.00000,0.00000
150.14999,0.62195,0.99995,0.00000,0.00000,0.00005
150.48000,0.62195,0.99993,0.00000,0.00000,0.00007
150.81000,0.62193,0.99997,0.00000,0.00000,0.00003
151.14000,0.62193,0.99999,0.00000,0.00000,0.00001
151.47000,0.62193,0.99994,0.00000,0.00000,0.00006
151.80000,0.62193,0.99999,0.00000,0.00000,0.00001
152.13000,0.62193,0.99999,0.00000,0.00000,0.00001
152.46001,0.62193,0.99979,0.00000,0.00000,0.00021
152.78999,0.62195,0.99993,0.00000,0.00000,0.00007
153.12000,0.62195,0.99999,0.00000,0.00000,0.00001
153.45000,0.62193,0.99999,0.00000,0.00000,0.00001
153.78000,0.62193,0.99999,0.00000,0.00000,0.00001
154.11000,0.62193,1.00000,0.00000,0.00000,0.00000
154.44000,0.62193,1.00000,0.00000,0.00000,0.00000
154.77000,0.62193,1.00000,0.00000,0.00000,0.00000
155.10001,0.62193,1.00000,0.00000,0.00000,0.00000
155.42999,0.62195,1.00000,0.00000,0.00000,0.00000
155.75999,0.62195,0.99999,0.00000,0.00000,0.00001
156.09000,0.62195,1.00000,0.00000,0.00000,0.00000
156.42000,0.62193,0.99999,0.00000,0.00000,0.00001
156.75000,0.62193,0.99999,0.00000,0.00000,0.00001
157.08000,0.62193,0.99998,0.00000,0.00000,0.00002
157.41000,0.62193,0.99974,0.00000,0.00000,0.00026
157.74001,0.62193,1.00000,0.00000,0.00000,0.00000
158.07001,0.62193,1.00000,0.00000,0.00000,0.00000
158.39999,0.62195,1.00000,0.00000,0.00000,0.00000
158.73000,0.62195,1.00000,0.00000,0.00000,0.00000
159.06000,0.62193,1.00000,0.00000,0.00000,0.00000
159.39000,0.62193,1.00000,0.00000,0.00000,0.00000
159.72000,0.62193,1.00000,0.00000,0.00000,0.00000
160.05000,0.62193,1.00000,0.00000,0.00000,0.00000
160.38000,0.62193,1.00000,0.00000,0.00000,0.00000
160.71001,0.62193,0.99999,0.00000,0.00000,0.00001
161.03999,0.62195,1.00000,0.00000,0.00000,0.00000
161.37000,0.62195,1.00000,0.00000,0.00000,0.00000
161.70000,0.62193,1.00000,0.00000,0.00000,0.00000
162.03000,0.62193,1.00000,0.00000,0.00000,0.00000
162.36000,0.62193,1.00000,0.00000,0.00000,0.00000
162.69000,0.62193,1.00000,0.00000,0.00000,0.00000
163.02000,0.62193,1.00000,0.00000,0.00000,0.00000
163.35001,0.62193,1.00000,0.00000,0.00000,0.00000
163.67999,0.62195,1.00000,0.00000,0.00000,0.00000
164.00999,0.62195,1.00000,0.00000,0.00000,0.00000
164.34000,0.62195,1.00000,0.00000,0.00000,0.00000
164.67000,0.62193,0.99996,0.00000,0.00000,0.00004
165.00000,0.62193,0.99989,0.00000,0.00000,0.00011
165.33000,0.62193,0.99997,0.00000,0.00000,0.00003
165.66000,0.62193,0.99995,0.00000,0.00000,0.00005
165.99001,0.62193,0.99997,0.00000,0.00000,0.00003
166.32001,0.62193,0.99998,0.00000,0.00000,0.00002
166.64999,0.62195,0.99991,0.00000,0.00000,0.00009
166.98000,0.62195,0.99987,0.00000,0.00000,0.00013
167.31000,0.62193,0.99933,0.00000,0.00001,0.00066
167.64000,0.62193,0.99940,0.00000,0.00000,0.00059
167.97000,0.62193,0.99985,0.00000,0.00000,0.00015
168.30000,0.62193,0.99972,0.00000,0.00000,0.00028
168.63000,0.62193,0.99995,0.00000,0.00000,0.00005
168.96001,0.62193,0.99955,0.00000,0.00002,0.00043
169.28999,0.62195,0.99991,0.00000,0.00000,0.00009
169.62000,0.62195,0.99967,0.00000,0.00000,0.00032
169.95000,0.62193,0.99993,0.00000,0.00000,0.00007
170.28000,0.62193,0.99998,0.00000,0.00000,0.00002
170.61000,0.62193,0.99990,0.00000,0.00000,0.00010
170.94000,0.62193,0.99997,0.00000,0.00000,0.00003
171.27000,0.62193,0.99998,0.00000,0.00000,0.00002
171.60001,0.62193,0.99987,0.00000,0.00000,0.00013
171.92999,0.62195,0.99999,0.00000,0.00000,0.00001
172.25999,0.62195,1.00000,0.00000,0.00000,0.00000
172.59000,0.62195,1.00000,0.00000,0.00000,0.00000
172.92000,0.62193,0.99999,0.00000,0.00000,0.00001
173.25000,0.62193,1.00000,0.00000,0.00000,0.00000
173.58000,0.62193,1.00000,0.00000,0.00000,0.00000
173.91000,0.62193,0.99999,0.00000,0.00000,0.00001
174.24001,0.62193,0.99992,0.00000,0.00000,0.00008
174.57001,0.62193,0.99773,0.00000,0.00001,0.00226
174.89999,0.62195,0.99887,0.00000,0.00001,0.00113
175.23000,0.62195,0.99975,0.00000,0.00000,0.00025
175.56000,0.62193,0.99972,0.00000,0.00000,0.00027
175.89000,0.62193,0.99965,0.00000,0.00000,0.00035
176.22000,0.62193,0.99978,0.00000,0.00000,0.00022
176.55000,0.62193,0.99919,0.00000,0.00001,0.00080
176.88000,0.62193,0.99889,0.00000,0.00001,0.00110
177.21001,0.62193,0.99718,0.00000,0.00002,0.00280
177.53999,0.62195,0.99993,0.00000,0.00000,0.00007
177.87000,0.62195,0.99997,0.00000,0.00000,0.00003
178.20000,0.62193,0.99999,0.00000,0.00000,0.00001
178.53000,0.62193,0.99997,0.00000,0.00000,0.00003
178.86000,0.62193,0.99996,0.00000,0.00000,0.00004
179.19000,0.62193,0.99996,0.00000,0.00000,0.00004
179.52000,0.62193,0.99988,0.00000,0.00000,0.00012
179.85001,0.62193,0.99993,0.00000,0.00000,0.00007
180.17999,0.62195,0.99996,0.00000,0.00000,0.00004
180.50999,0.62195,0.99996,0.00000,0.00000,0.00004
180.84000,0.62195,0.99995,0.00000,0.00000,0.00005
181.17000,0.62193,0.99995,0.00000,0.00000,0.00005
181.50000,0.62193,0.99999,0.00000,0.00000,0.00001
181.83000,0.62193,0.99999,0.00000,0.00000,0.00001
182.16000,0.62193,0.99999,0.00000,0.00000,0.00001
182.49001,0.62193,0.99991,0.00000,0.00000,0.00009
182.82001,0.62193,0.99994,0.00000,0.00000,0.00005
183.14999,0.62195,1.00000,0.00000,0.00000,0.00000
183.48000,0.62195,1.00000,0.00000,0.00000,0.00000
183.81000,0.62193,1.00000,0.00000,0.00000,0.00000
184.14000,0.62193,0.99996,0.00000,0.00000,0.00004
184.47000,0.62193,0.99996,0.00000,0.00000,0.00004
184.80000,0.62193,0.99997,0.00000,0.00000,0.00003
185.13000,0.62193,0.99998,0.00000,0.00000,0.00002
185.46001,0.62193,0.99996,0.00000,0.00000,0.00004
185.78999,0.62195,1.00000,0.00000,0.00000,0.00000
186.12000,0.62195,0.99999,0.00000,0.00000,0.00001
186.45000,0.62193,0.99977,0.00000,0.00000,0.00023
186.78000,0.62193,0.99996,0.00000,0.00000,0.00004
187.11000,0.62193,1.00000,0.00000,0.00000,0.00000
187.44000,0.62193,0.99999,0.00000,0.00000,0.00001
187.77000,0.62193,0.99998,0.00000,0.00000,0.00002
188.10001,0.62193,0.99989,0.00000,0.00000,0.00011
188.42999,0.62195,0.99989,0.00000,0.00000,0.00011
188.75999,0.62195,0.99984,0.00000,0.00000,0.00016
189.09000,0.62195,0.99998,0.00000,0.00000,0.00002
189.42000,0.62193,0.99999,0.00000,0.00000,0.00001
189.75000,0.62193,0.99994,0.00000,0.00000,0.00006
190.08000,0.62193,0.99995,0.00000,0.00000,0.00005
190.41000,0.62193,0.99966,0.00000,0.00000,0.00033
190.74001,0.62193,0.99732,0.00000,0.00001,0.00266
191.07001,0.62193,0.99904,0.00000,0.00001,0.00095
191.39999,0.62195,0.99886,0.00000,0.00001,0.00114
191.73000,0.62195,0.99919,0.00000,0.00000,0.00081
192.06000,0.62193,0.99945,0.00000,0.00000,0.00055
192.39000,0.62193,0.99993,0.00000,0.00000,0.00007
192.72000,0.62193,0.99996,0.00000,0.00000,0.00004
193.05000,0.62193,0.99958,0.00000,0.00000,0.00042
193.38000,0.62193,0.99857,0.00000,0.00001,0.00142
193.71001,0.62193,0.99918,0.00000,0.00000,0.00082
194.03999,0.62195,0.99990,0.00000,0.00000,0.00010
194.37000,0.62195,0.99996,0.00000,0.00000,0.00004
194.70000,0.62193,0.99996,0.00000,0.00000,0.00004
195.03000,0.62193,0.99995,0.00000,0.00000,0.00005
195.36000,0.62193,0.99991,0.00000,0.00000,0.00009
195.69000,0.62193,0.99994,0.00000,0.00000,0.00006
196.02000,0.62193,0.99956,0.00000,0.00000,0.00044
196.35001,0.62193,0.99996,0.00000,0.00000,0.00004
196.67999,0.62195,0.99983,0.00000,0.00000,0.00017
197.00999,0.62195,0.99958,0.00000,0.00000,0.00042
197.34000,0.62195,0.99973,0.00000,0.00000,0.00027
197.67000,0.62193,0.99991,0.00000,0.00000,0.00009
198.00000,0.62193,0.99939,0.00000,0.00001,0.00060
198.33000,0.62193,0.99713,0.00001,0.00004,0.00283
198.66000,0.62193,0.98921,0.00001,0.00011,0.01068
198.99001,0.62193,0.99906,0.00000,0.00000,0.00093
199.32001,0.62193,0.99568,0.00001,0.00002,0.00429
199.64999,0.62195,0.99109,0.00001,0.00007,0.00883
199.98000,0.62195,0.98724,0.00003,0.00029,0.01244
200.31000,0.62193,0.98254,0.00001,0.00010,0.01735
200.64000,0.62193,0.99679,0.00000,0.00001,0.00320
200.97000,0.62193,0.99593,0.00000,0.00001,0.00406
201.30000,0.62193,0.99873,0.00000,0.00000,0.00127
201.63000,0.62193,0.99903,0.00000,0.00000,0.00096
201.96001,0.62193,0.94114,0.00002,0.00023,0.05861
202.28999,0.62195,0.99671,0.00000,0.00000,0.00328
202.62000,0.62195,0.99037,0.00001,0.00002,0.00960
202.95000,0.62193,0.97988,0.00002,0.00007,0.02004
203.28000,0.62193,0.99602,0.00000,0.00001,0.00396
203.61000,0.62193,0.99625,0.00000,0.00001,0.00374
203.94000,0.62193,0.99908,0.00000,0.00000,0.00092
204.27000,0.62193,0.99480,0.00000,0.00003,0.00517
204.60001,0.62193,0.99255,0.00002,0.00005,0.00738
204.92999,0.62195,0.99964,0.00000,0.00000,0.00036
205.25999,0.62195,0.99988,0.00000,0.00000,0.00012
205.59000,0.62195,0.99911,0.00000,0.00000,0.00088
205.92000,0.62193,0.99749,0.00000,0.00000,0.00251
206.25000,0.62193,0.99810,0.00000,0.00000,0.00189
206.58000,0.62193,0.99466,0.00000,0.00000,0.00534
206.91000,0.62193,0.98631,0.00001,0.00005,0.01362
207.24001,0.62193,0.98390,0.00005,0.00014,0.01591
207.57001,0.62193,0.99752,0.00002,0.00002,0.00244
207.89999,0.62195,0.99748,0.00000,0.00000,0.00251
208.23000,0.62195,0.99577,0.00001,0.00001,0.00422
208.56000,0.62193,0.96150,0.00002,0.00018,0.03831
208.89000,0.62193,0.98317,0.00004,0.00021,0.01658
209.22000,0.62193,0.97727,0.00006,0.00017,0.02250
209.55000,0.62193,0.93612,0.00241,0.00210,0.05937
209.88000,0.62193,0.61930,0.01167,0.01888,0.35016
210.21001,0.62193,0.63562,0.01486,0.00207,0.34745
210.53999,0.62195,0.97230,0.00549,0.00001,0.02219
210.87000,0.62195,0.98805,0.00254,0.00000,0.00941
211.20000,0.62193,0.99499,0.00028,0.00001,0.00472
211.53000,0.62193,0.99455,0.00001,0.00001,0.00544
211.86000,0.62193,0.99775,0.00000,0.00002,0.00223
212.19000,0.62193,0.99781,0.00000,0.00002,0.00217
212.52000,0.62193,0.99562,0.00003,0.00006,0.00429
212.85001,0.62193,0.99615,0.00002,0.00004,0.00380
213.17999,0.62195,0.99893,0.00000,0.00000,0.00107
213.50999,0.62195,0.99954,0.00000,0.00000,0.00046
213.84000,0.62195,0.99073,0.00005,0.00018,0.00903
214.17000,0.62193,0.96457,0.00006,0.00057,0.03480
214.50000,0.62193,0.97564,0.00002,0.00021,0.02412
214.83000,0.62193,0.98879,0.00003,0.00009,0.01109
215.16000,0.62193,0.97079,0.00016,0.00103,0.02801
215.49001,0.62193,0.99929,0.00000,0.00001,0.00070
215.82001,0.62193,0.99988,0.00000,0.00000,0.00012
216.14999,0.62195,0.99763,0.00012,0.00002,0.00223
216.48000,0.62195,0.99223,0.00010,0.00021,0.00746
216.81000,0.62193,0.96001,0.00010,0.00076,0.03912
217.14000,0.62193,0.98390,0.00002,0.00012,0.01596
217.47000,0.62193,0.99716,0.00000,0.00001,0.00283
217.80000,0.62193,0.99747,0.00000,0.00001,0.00252
218.13000,0.62193,0.99568,0.00001,0.00002,0.00429
218.46001,0.62193,0.99028,0.00003,0.00018,0.00951
218.78999,0.62195,0.99427,0.00001,0.00006,0.00565
219.12000,0.62195,0.97939,0.00008,0.00040,0.02013
219.45000,0.62193,0.96155,0.00035,0.00011,0.03799
219.78000,0.62193,0.92645,0.00008,0.00071,0.07275
220.11000,0.62193,0.99043,0.00002,0.00010,0.00944
220.44000,0.62193,0.99423,0.00000,0.00001,0.00576
220.77000,0.62193,0.99345,0.00001,0.00004,0.00650
221.10001,0.62193,0.98899,0.00001,0.00006,0.01094
221.42999,0.62195,0.98160,0.00001,0.00008,0.01832
221.75999,0.62195,0.99784,0.00000,0.00000,0.00216
222.09000,0.62195,0.99759,0.00000,0.00001,0.00239
222.42000,0.62193,0.97375,0.00003,0.00017,0.02605
222.75000,0.62193,0.96673,0.00006,0.00029,0.03292
223.08000,0.62193,0.94250,0.00009,0.00110,0.05631
223.41000,0.62193,0.99213,0.00002,0.00005,0.00780
223.74001,0.62193,0.98243,0.00014,0.00063,0.01680
224.07001,0.62193,0.99214,0.00001,0.00004,0.00781
224.39999,0.62195,0.99942,0.00000,0.00000,0.00058
224.73000,0.62195,0.99982,0.00000,0.00000,0.00018
225.06000,0.62193,0.99979,0.00000,0.00000,0.00021
225.39000,0.62193,0.99960,0.00000,0.00000,0.00039
225.72000,0.62193,0.99848,0.00005,0.00003,0.00144
226.05000,0.62193,0.99628,0.00002,0.00009,0.00361
226.38000,0.62193,0.99293,0.00001,0.00005,0.00700
226.71001,0.62193,0.98755,0.00013,0.00015,0.01218
227.03999,0.62195,0.99369,0.00001,0.00009,0.00621
227.37000,0.62195,0.99771,0.00000,0.00000,0.00229
227.70000,0.62193,0.99901,0.00000,0.00000,0.00099
228.03000,0.62193,0.98765,0.00001,0.00006,0.01227
228.36000,0.62193,0.99864,0.00000,0.00000,0.00136
228.69000,0.62193,0.99646,0.00000,0.00001,0.00353
229.02000,0.62193,0.99775,0.00000,0.00000,0.00225
229.35001,0.62193,0.97318,0.00001,0.00006,0.02676
229.67999,0.62195,0.98111,0.00001,0.00019,0.01868
230.00999,0.62195,0.99616,0.00000,0.00001,0.00383
230.34000,0.62195,0.99966,0.00000,0.00000,0.00034
230.67000,0.62193,0.99989,0.00000,0.00000,0.00011
231.00000,0.62193,0.99631,0.00000,0.00001,0.00368
231.33000,0.62193,0.99525,0.00000,0.00002,0.00473
231.66000,0.62193,0.99780,0.00000,0.00001,0.00219
231.99001,0.62193,0.99894,0.00000,0.00000,0.00106
232.32001,0.62193,0.99976,0.00000,0.00000,0.00024
232.64999,0.62195,0.99961,0.00000,0.00000,0.00039
232.98000,0.62195,0.99882,0.00000,0.00001,0.00118
233.31000,0.62193,0.99854,0.00000,0.00001,0.00145
233.64000,0.62193,0.99899,0.00000,0.00001,0.00100
233.97000,0.62193,0.99516,0.00001,0.00006,0.00477
234.30000,0.62193,0.99760,0.00001,0.00007,0.00231
234.63000,0.62193,0.99679,0.00002,0.00008,0.00311
234.96001,0.62193,0.99152,0.00003,0.00015,0.00831
235.28999,0.62195,0.99944,0.00000,0.00000,0.00056
235.62000,0.62195,0.99996,0.00000,0.00000,0.00004
235.95000,0.62193,0.99993,0.00000,0.00000,0.00007
236.28000,0.62193,0.99920,0.00000,0.00000,0.00080
236.61000,0.62193,0.99827,0.00001,0.00001,0.00171
236.94000,0.62193,0.99846,0.00000,0.00002,0.00152
237.27000,0.62193,0.99929,0.00000,0.00000,0.00070
237.60001,0.62193,0.99898,0.00000,0.00001,0.00101
237.92999,0.62195,0.99984,0.00000,0.00000,0.00016
238.25999,0.62195,0.99976,0.00000,0.00000,0.00024
238.59000,0.62195,0.99977,0.00000,0.00000,0.00023
238.92000,0.62193,0.99949,0.00000,0.00000,0.00050
239.25000,0.62193,0.99986,0.00000,0.00000,0.00014
239.58000,0.62193,0.99932,0.00000,0.00000,0.00067
239.91000,0.62193,0.99949,0.00000,0.00000,0.00050
240.24001,0.62193,0.99870,0.00000,0.00001,0.00129
240.57001,0.62193,0.99855,0.00000,0.00000,0.00145
240.89999,0.62195,0.99973,0.00000,0.00000,0.00027
241.23000,0.62195,0.99795,0.00000,0.00000,0.00205
241.56000,0.62193,0.99730,0.00000,0.00001,0.00269
241.89000,0.62193,0.99719,0.00000,0.00001,0.00281
242.22000,0.62193,0.99911,0.00000,0.00000,0.00089
242.55000,0.62193,0.99763,0.00000,0.00001,0.00236
242.88000,0.62193,0.97198,0.00002,0.00020,0.02780
243.21001,0.62193,0.96749,0.00004,0.00022,0.03225
243.53999,0.62195,0.99080,0.00001,0.00007,0.00913
243.87000,0.62195,0.99753,0.00000,0.00000,0.00246
244.20000,0.62193,0.99841,0.00000,0.00000,0.00159
244.53000,0.62193,0.97984,0.00005,0.00008,0.02003
244.86000,0.62193,0.99128,0.00001,0.00003,0.00869
245.19000,0.62193,0.99897,0.00000,0.00000,0.00103
245.52000,0.62193,0.99795,0.00000,0.00000,0.00205
245.85001,0.62193,0.99389,0.00000,0.00001,0.00610
246.17999,0.62195,0.97167,0.00006,0.00015,0.02813
246.50999,0.62195,0.97932,0.00001,0.00009,0.02058
246.84000,0.62195,0.99721,0.00000,0.00000,0.00279
247.17000,0.62193,0.99786,0.00000,0.00000,0.00214
247.50000,0.62193,0.99469,0.00000,0.00001,0.00530
247.83000,0.62193,0.99205,0.00001,0.00003,0.00792
248.16000,0.62193,0.99287,0.00000,0.00003,0.00710
248.49001,0.62193,0.99525,0.00000,0.00001,0.00474
248.82001,0.62193,0.99955,0.00000,0.00000,0.00045
249.14999,0.62195,0.99954,0.00000,0.00000,0.00046
249.48000,0.62195,0.99893,0.00000,0.00000,0.00107
249.81000,0.62193,0.99806,0.00000,0.00001,0.00193
250.14000,0.62193,0.96554,0.00001,0.00010,0.03435
250.47000,0.62193,0.99542,0.00000,0.00001,0.00457
250.80000,0.62193,0.99930,0.00000,0.00000,0.00070
251.13000,0.62193,0.99969,0.00000,0.00000,0.00031
251.46001,0.62193,0.99905,0.00000,0.00000,0.00095
251.78999,0.62195,0.99884,0.00000,0.00000,0.00116
252.12000,0.62195,0.99819,0.00000,0.00000,0.00180
252.45000,0.62193,0.99781,0.00000,0.00000,0.00219
252.78000,0.62193,0.99914,0.00000,0.00000,0.00086
253.11000,0.62193,0.99985,0.00000,0.00000,0.00015
253.44000,0.62193,0.99958,0.00000,0.00000,0.00041
253.77000,0.62193,0.99657,0.00003,0.00005,0.00335
254.10001,0.62193,0.98618,0.00003,0.00008,0.01370
254.42999,0.62195,0.99563,0.00000,0.00001,0.00436
254.75999,0.62195,0.99902,0.00000,0.00000,0.00098
255.09000,0.62195,0.99821,0.00000,0.00000,0.00179
255.42000,0.62193,0.99430,0.00000,0.00001,0.00568
255.75000,0.62195,0.99711,0.00000,0.00001,0.00288
256.07999,0.62195,0.99856,0.00000,0.00000,0.00143
256.41000,0.62195,0.99631,0.00000,0.00001,0.00368
256.73999,0.62195,0.99520,0.00000,0.00001,0.00479
257.07001,0.62192,0.99113,0.00000,0.00002,0.00885
257.39999,0.62195,0.99921,0.00000,0.00000,0.00079
257.73001,0.62192,0.98992,0.00000,0.00002,0.01005
258.06000,0.62195,0.99348,0.00001,0.00002,0.00649
258.39001,0.62192,0.99007,0.00000,0.00002,0.00990
258.72000,0.62195,0.99867,0.00000,0.00000,0.00133
259.04999,0.62195,0.99625,0.00000,0.00000,0.00374
259.38000,0.62192,0.98240,0.00001,0.00005,0.01754
259.70999,0.62195,0.96131,0.00002,0.00018,0.03848
260.04001,0.62192,0.99913,0.00000,0.00000,0.00087
260.37000,0.62195,0.99851,0.00000,0.00000,0.00149
260.70001,0.62192,0.99703,0.00000,0.00001,0.00295
261.03000,0.62195,0.99854,0.00000,0.00000,0.00145
261.35999,0.62195,0.99334,0.00001,0.00003,0.00662
261.69000,0.62195,0.93567,0.00009,0.00064,0.06360
262.01999,0.62195,0.94431,0.00003,0.00035,0.05531
262.35001,0.62192,0.99401,0.00000,0.00001,0.00598
262.67999,0.62195,0.99883,0.00000,0.00000,0.00117
263.01001,0.62192,0.99891,0.00000,0.00000,0.00109
263.34000,0.62195,0.99876,0.00000,0.00000,0.00124
263.67001,0.62192,0.99629,0.00000,0.00001,0.00370
264.00000,0.62195,0.99830,0.00000,0.00000,0.00170
264.32999,0.62195,0.99340,0.00001,0.00003,0.00656
264.66000,0.62195,0.99752,0.00001,0.00003,0.00244
264.98999,0.62195,0.99883,0.00000,0.00000,0.00117
265.32001,0.62192,0.99994,0.00000,0.00000,0.00006
265.64999,0.62195,0.99964,0.00000,0.00000,0.00036
265.98001,0.62192,0.99748,0.00000,0.00002,0.00250
266.31000,0.62195,0.99539,0.00000,0.00001,0.00459
266.64001,0.62192,0.99872,0.00000,0.00000,0.00127
266.97000,0.62195,0.99961,0.00000,0.00000,0.00039
267.29999,0.62195,0.99905,0.00000,0.00000,0.00095
267.63000,0.62192,0.99554,0.00000,0.00002,0.00443
267.95999,0.62195,0.97010,0.00003,0.00043,0.02943
268.29001,0.62192,0.98712,0.00002,0.00012,0.01273
268.62000,0.62195,0.99035,0.00001,0.00003,0.00961
268.95001,0.62192,0.99200,0.00002,0.00004,0.00795
269.28000,0.62195,0.98266,0.00002,0.00013,0.01719
269.60999,0.62195,0.99015,0.00003,0.00014,0.00968
269.94000,0.62195,0.99967,0.00000,0.00000,0.00033
270.26999,0.62195,0.99943,0.00000,0.00000,0.00057
270.60001,0.62192,0.99765,0.00000,0.00001,0.00234
270.92999,0.62195,0.99962,0.00000,0.00000,0.00038
271.26001,0.62192,0.99989,0.00000,0.00000,0.00011
271.59000,0.62195,0.99936,0.00000,0.00000,0.00064
271.92001,0.62192,0.99807,0.00000,0.00000,0.00193
272.25000,0.62195,0.99833,0.00000,0.00000,0.00167
272.57999,0.62195,0.99919,0.00000,0.00000,0.00081
272.91000,0.62195,0.99986,0.00000,0.00000,0.00014
273.23999,0.62195,0.99470,0.00001,0.00004,0.00526
273.57001,0.62192,0.97899,0.00002,0.00010,0.02089
273.89999,0.62195,0.97495,0.00002,0.00013,0.02489
274.23001,0.62192,0.98874,0.00001,0.00005,0.01120
274.56000,0.62195,0.99592,0.00000,0.00002,0.00405
274.89001,0.62192,0.98648,0.00001,0.00006,0.01345
275.22000,0.62195,0.99688,0.00000,0.00001,0.00311
275.54999,0.62195,0.98841,0.00001,0.00007,0.01151
275.88000,0.62192,0.99608,0.00000,0.00001,0.00390
276.20999,0.62195,0.99973,0.00000,0.00000,0.00026
276.54001,0.62192,0.97413,0.00003,0.00007,0.02576
276.87000,0.62195,0.95891,0.00003,0.00018,0.04088
277.20001,0.62192,0.99367,0.00000,0.00000,0.00633
277.53000,0.62195,0.99980,0.00000,0.00000,0.00020
277.85999,0.62195,0.99256,0.00007,0.00006,0.00731
278.19000,0.62195,0.93367,0.00032,0.00073,0.06528
278.51999,0.62195,0.98891,0.00010,0.00008,0.01092
278.85001,0.62192,0.99761,0.00001,0.00000,0.00237
279.17999,0.62195,0.99237,0.00002,0.00006,0.00755
279.51001,0.62192,0.94348,0.00001,0.00005,0.05647
279.84000,0.62195,0.98380,0.00003,0.00002,0.01615
280.17001,0.62192,0.98862,0.00002,0.00003,0.01133
280.50000,0.62195,0.95781,0.00004,0.00021,0.04195
280.82999,0.62195,0.99123,0.00000,0.00002,0.00875
281.16000,0.62195,0.99746,0.00000,0.00001,0.00253
281.48999,0.62195,0.99708,0.00000,0.00001,0.00291
281.82001,0.62192,0.97704,0.00001,0.00003,0.02292
282.14999,0.62195,0.99410,0.00000,0.00000,0.00590
282.48001,0.62192,0.99794,0.00000,0.00000,0.00205
282.81000,0.62195,0.99800,0.00000,0.00000,0.00199
283.14001,0.62192,0.99924,0.00000,0.00000,0.00076
283.47000,0.62195,0.99750,0.00000,0.00000,0.00249
283.79999,0.62195,0.97202,0.00002,0.00007,0.02789
284.13000,0.62192,0.98415,0.00001,0.00004,0.01581
284.45999,0.62195,0.98987,0.00000,0.00002,0.01010
284.79001,0.62192,0.99449,0.00000,0.00000,0.00550
285.12000,0.62195,0.97848,0.00002,0.00007,0.02143
285.45001,0.62192,0.98363,0.00001,0.00006,0.01630
285.78000,0.62195,0.99073,0.00001,0.00002,0.00924
286.10999,0.62195,0.99731,0.00000,0.00001,0.00268
286.44000,0.62195,0.99238,0.00000,0.00002,0.00760
286.76999,0.62195,0.97944,0.00002,0.00010,0.02044
287.10001,0.62192,0.99642,0.00000,0.00001,0.00357
287.42999,0.62195,0.99920,0.00000,0.00000,0.00080
287.76001,0.62192,0.99899,0.00000,0.00000,0.00101
288.09000,0.62195,0.99171,0.00001,0.00003,0.00825
288.42001,0.62192,0.99062,0.00001,0.00003,0.00935
288.75000,0.62195,0.99744,0.00000,0.00000,0.00255
289.07999,0.62195,0.97193,0.00001,0.00009,0.02797
289.41000,0.62195,0.97983,0.00001,0.00005,0.02011
289.73999,0.62195,0.99779,0.00000,0.00001,0.00220
290.07001,0.62192,0.99996,0.00000,0.00000,0.00004
290.39999,0.62195,0.99990,0.00000,0.00000,0.00010
290.73001,0.62192,0.99896,0.00000,0.00000,0.00103
291.06000,0.62195,0.99951,0.00000,0.00000,0.00048
291.39001,0.62192,0.99917,0.00000,0.00000,0.00083
291.72000,0.62195,0.99072,0.00001,0.00003,0.00925
292.04999,0.62195,0.98688,0.00001,0.00002,0.01309
292.38000,0.62192,0.97328,0.00002,0.00010,0.02659
292.70999,0.62195,0.99686,0.00000,0.00000,0.00314
293.04001,0.62192,0.99979,0.00000,0.00000,0.00021
293.37000,0.62195,0.99679,0.00000,0.00001,0.00321
293.70001,0.62192,0.98940,0.00001,0.00004,0.01056
294.03000,0.62195,0.99975,0.00000,0.00000,0.00025
294.35999,0.62195,0.99327,0.00000,0.00002,0.00671
294.69000,0.62195,0.99404,0.00000,0.00002,0.00593
295.01999,0.62195,0.99865,0.00000,0.00000,0.00135
295.35001,0.62192,0.99951,0.00000,0.00000,0.00048
295.67999,0.62195,0.99985,0.00000,0.00000,0.00015
296.01001,0.62192,0.99992,0.00000,0.00000,0.00008
296.34000,0.62195,0.99952,0.00000,0.00000,0.00047
296.67001,0.62192,0.97634,0.00001,0.00012,0.02353
297.00000,0.62195,0.89392,0.00005,0.00064,0.10540
297.32999,0.62195,0.99592,0.00000,0.00001,0.00407
297.66000,0.62195,0.99833,0.00000,0.00000,0.00167
297.98999,0.62195,0.99595,0.00000,0.00001,0.00404
298.32001,0.62192,0.97289,0.00002,0.00016,0.02693
298.64999,0.62195,0.98512,0.00002,0.00004,0.01481
298.98001,0.62192,0.98650,0.00000,0.00003,0.01346
299.31000,0.62195,0.99270,0.00000,0.00001,0.00729
299.64001,0.62192,0.95967,0.00001,0.00010,0.04022
299.97000,0.62195,0.74450,0.00051,0.00289,0.25210
300.29999,0.62195,0.94976,0.00001,0.00015,0.05007
300.63000,0.62192,0.99917,0.00000,0.00000,0.00083
300.95999,0.62195,0.99276,0.00001,0.00003,0.00720
301.29001,0.62192,0.99416,0.00002,0.00002,0.00580
301.62000,0.62195,0.98862,0.00001,0.00007,0.01130
301.95001,0.62192,0.99278,0.00000,0.00002,0.00719
302.28000,0.62195,0.99759,0.00000,0.00000,0.00240
302.60999,0.62195,0.98809,0.00000,0.00003,0.01188
302.94000,0.62195,0.99925,0.00000,0.00000,0.00075
303.26999,0.62195,0.99990,0.00000,0.00000,0.00010
303.60001,0.62192,0.99922,0.00000,0.00000,0.00078
303.92999,0.62195,0.99845,0.00000,0.00001,0.00154
304.26001,0.62192,0.99927,0.00000,0.00000,0.00073
304.59000,0.62195,0.99956,0.00000,0.00000,0.00044
304.92001,0.62192,0.99696,0.00000,0.00000,0.00303
305.25000,0.62195,0.99905,0.00000,0.00000,0.00095
305.57999,0.62195,0.99914,0.00000,0.00001,0.00085
305.91000,0.62195,0.99890,0.00000,0.00000,0.00109
306.23999,0.62195,0.99850,0.00000,0.00000,0.00149
306.57001,0.62192,0.99954,0.00000,0.00000,0.00046
306.89999,0.62195,0.99585,0.00000,0.00000,0.00415
307.23001,0.62192,0.99902,0.00000,0.00000,0.00098
307.56000,0.62195,0.99937,0.00000,0.00000,0.00063
307.89001,0.62192,0.98662,0.00001,0.00004,0.01333
308.22000,0.62195,0.98973,0.00000,0.00002,0.01025
308.54999,0.62195,0.99888,0.00000,0.00000,0.00112
308.88000,0.62192,0.99892,0.00000,0.00000,0.00108
309.20999,0.62195,0.99953,0.00000,0.00000,0.00047
309.54001,0.62192,0.99664,0.00000,0.00001,0.00335
309.87000,0.62195,0.99356,0.00000,0.00001,0.00642
310.20001,0.62192,0.99448,0.00001,0.00002,0.00550
310.53000,0.62195,0.99824,0.00000,0.00000,0.00176
310.85999,0.62195,0.98890,0.00001,0.00002,0.01108
311.19000,0.62195,0.98748,0.00001,0.00005,0.01246
311.51999,0.62195,0.99910,0.00000,0.00000,0.00090
311.85001,0.62192,0.99979,0.00000,0.00000,0.00021
312.17999,0.62195,0.99834,0.00000,0.00000,0.00165
312.51001,0.62192,0.99919,0.00000,0.00000,0.00080
312.84000,0.62195,0.99647,0.00000,0.00001,0.00352
313.17001,0.62192,0.99879,0.00000,0.00000,0.00121
313.50000,0.62195,0.99941,0.00000,0.00000,0.00058
313.82999,0.62195,0.99787,0.00000,0.00001,0.00212
314.16000,0.62195,0.98275,0.00002,0.00009,0.01715
314.48999,0.62195,0.99793,0.00000,0.00000,0.00207
314.82001,0.62192,0.99964,0.00000,0.00000,0.00036
315.14999,0.62195,0.99987,0.00000,0.00000,0.00013
315.48001,0.62192,0.99961,0.00000,0.00000,0.00039
315.81000,0.62195,0.99700,0.00000,0.00000,0.00299
316.14001,0.62192,0.99774,0.00000,0.00000,0.00226
316.47000,0.62195,0.99287,0.00000,0.00001,0.00712
316.79999,0.62195,0.99721,0.00000,0.00000,0.00279
317.13000,0.62192,0.99841,0.00000,0.00000,0.00158
317.45999,0.62195,0.99806,0.00000,0.00000,0.00194
317.79001,0.62192,0.99283,0.00001,0.00005,0.00712
318.12000,0.62195,0.99273,0.00000,0.00003,0.00724
318.45001,0.62192,0.99321,0.00001,0.00001,0.00678
318.78000,0.62195,0.97041,0.00002,0.00011,0.02946
319.10999,0.62195,0.98130,0.00001,0.00010,0.01859
319.44000,0.62195,0.99908,0.00000,0.00000,0.00092
319.76999,0.62195,0.99807,0.00000,0.00001,0.00192
320.10001,0.62192,0.99545,0.00000,0.00001,0.00454
320.42999,0.62195,0.99983,0.00000,0.00000,0.00017
320.76001,0.62192,0.99879,0.00000,0.00000,0.00121
321.09000,0.62195,0.99915,0.00000,0.00000,0.00084
321.42001,0.62192,0.99862,0.00000,0.00000,0.00137
321.75000,0.62195,0.99646,0.00000,0.00000,0.00354
322.07999,0.62195,0.98973,0.00001,0.00004,0.01023
322.41000,0.62195,0.98949,0.00000,0.00004,0.01047
322.73999,0.62195,0.99430,0.00001,0.00002,0.00568
323.07001,0.62192,0.99711,0.00000,0.00001,0.00288
323.39999,0.62195,0.99921,0.00000,0.00000,0.00079
323.73001,0.62192,0.99763,0.00000,0.00001,0.00237
324.06000,0.62195,0.98205,0.00001,0.00004,0.01791
324.39001,0.62192,0.97815,0.00001,0.00006,0.02178
324.72000,0.62195,0.97698,0.00003,0.00009,0.02290
325.04999,0.62195,0.90399,0.00013,0.00069,0.09519
325.38000,0.62192,0.99591,0.00000,0.00001,0.00408
325.70999,0.62195,0.99650,0.00001,0.00001,0.00349
326.04001,0.62192,0.94128,0.00010,0.00031,0.05830
326.37000,0.62195,0.98141,0.00001,0.00003,0.01856
326.70001,0.62192,0.98108,0.00001,0.00004,0.01887
327.03000,0.62195,0.99361,0.00000,0.00001,0.00638
327.35999,0.62195,0.99926,0.00000,0.00000,0.00074
327.69000,0.62195,0.99932,0.00000,0.00000,0.00068
328.01999,0.62195,0.99876,0.00000,0.00000,0.00124
328.35001,0.62192,0.99962,0.00000,0.00000,0.00038
328.67999,0.62195,0.99783,0.00000,0.00000,0.00217
329.01001,0.62192,0.99938,0.00000,0.00000,0.00062
329.34000,0.62195,0.99495,0.00000,0.00001,0.00504
329.67001,0.62192,0.99643,0.00000,0.00000,0.00357
330.00000,0.62195,0.99441,0.00000,0.00001,0.00558
330.32999,0.62195,0.99908,0.00000,0.00000,0.00092
330.66000,0.62195,0.98738,0.00000,0.00002,0.01260
330.98999,0.62195,0.98553,0.00000,0.00002,0.01445
331.32001,0.62192,0.99562,0.00000,0.00001,0.00437
331.64999,0.62195,0.99771,0.00000,0.00001,0.00228
331.98001,0.62192,0.99527,0.00001,0.00003,0.00470
332.31000,0.62195,0.99611,0.00000,0.00001,0.00388
332.64001,0.62192,0.98491,0.00001,0.00011,0.01497
332.97000,0.62195,0.99788,0.00000,0.00001,0.00211
333.29999,0.62195,0.99967,0.00000,0.00000,0.00033
333.63000,0.62192,0.99868,0.00000,0.00000,0.00132
333.95999,0.62195,0.99292,0.00000,0.00002,0.00706
334.29001,0.62192,0.99935,0.00000,0.00000,0.00065
334.62000,0.62195,0.99981,0.00000,0.00000,0.00019
334.95001,0.62192,0.99985,0.00000,0.00000,0.00015
335.28000,0.62195,0.99847,0.00000,0.00000,0.00152
335.60999,0.62195,0.99007,0.00000,0.00003,0.00989
335.94000,0.62195,0.99989,0.00000,0.00000,0.00011
336.26999,0.62195,0.99986,0.00000,0.00000,0.00014
336.60001,0.62192,0.99563,0.00000,0.00001,0.00436
336.92999,0.62195,0.99916,0.00000,0.00000,0.00084
337.26001,0.62192,0.99989,0.00000,0.00000,0.00011
337.59000,0.62195,0.99936,0.00000,0.00000,0.00064
337.92001,0.62192,0.99981,0.00000,0.00000,0.00019
338.25000,0.62195,0.99995,0.00000,0.00000,0.00005
338.57999,0.62195,0.99990,0.00000,0.00000,0.00010
338.91000,0.62195,0.99797,0.00000,0.00001,0.00202
339.23999,0.62195,0.99466,0.00000,0.00001,0.00532
339.57001,0.62192,0.99718,0.00000,0.00001,0.00281
339.89999,0.62195,0.99767,0.00000,0.00000,0.00232
340.23001,0.62192,0.98954,0.00002,0.00007,0.01038
340.56000,0.62195,0.99460,0.00000,0.00001,0.00538
340.89001,0.62192,0.99781,0.00000,0.00000,0.00219
341.22000,0.62195,0.99824,0.00000,0.00000,0.00176
341.54999,0.62195,0.99611,0.00000,0.00000,0.00388
341.88000,0.62192,0.99612,0.00000,0.00001,0.00387
342.20999,0.62195,0.99593,0.00000,0.00001,0.00405
342.54001,0.62192,0.99305,0.00000,0.00001,0.00694
342.87000,0.62195,0.99579,0.00000,0.00001,0.00420
343.20001,0.62192,0.99508,0.00000,0.00001,0.00492
343.53000,0.62195,0.99939,0.00000,0.00000,0.00061
343.85999,0.62195,0.99946,0.00000,0.00000,0.00054
344.19000,0.62195,0.99139,0.00000,0.00001,0.00859
344.51999,0.62195,0.98170,0.00000,0.00004,0.01826
344.85001,0.62192,0.99466,0.00000,0.00001,0.00533
345.17999,0.62195,0.98779,0.00000,0.00003,0.01218
345.51001,0.62192,0.99315,0.00000,0.00001,0.00684
345.84000,0.62195,0.99745,0.00000,0.00000,0.00255
346.17001,0.62192,0.99843,0.00000,0.00000,0.00156
346.50000,0.62195,0.99802,0.00000,0.00000,0.00197
346.82999,0.62195,0.99811,0.00000,0.00000,0.00189
347.16000,0.62195,0.99914,0.00000,0.00000,0.00086
347.48999,0.62195,0.99889,0.00000,0.00000,0.00111
347.82001,0.62192,0.99610,0.00000,0.00001,0.00389
348.14999,0.62195,0.98098,0.00000,0.00003,0.01898
348.48001,0.62192,0.99982,0.00000,0.00000,0.00018
348.81000,0.62195,0.99994,0.00000,0.00000,0.00005
349.14001,0.62192,0.99792,0.00000,0.00000,0.00208
349.47000,0.62195,0.99739,0.00000,0.00001,0.00259
349.79999,0.62195,0.99817,0.00000,0.00000,0.00183
350.13000,0.62192,0.98874,0.00001,0.00010,0.01114
350.45999,0.62195,0.96846,0.00002,0.00021,0.03130
350.79001,0.62192,0.98108,0.00003,0.00019,0.01870
351.12000,0.62195,0.99435,0.00000,0.00001,0.00564
351.45001,0.62192,0.99913,0.00000,0.00000,0.00086
351.78000,0.62195,0.99956,0.00000,0.00000,0.00044
352.10999,0.62195,0.99708,0.00000,0.00001,0.00290
352.44000,0.62195,0.97972,0.00000,0.00007,0.02021
352.76999,0.62195,0.99855,0.00000,0.00000,0.00145
353.10001,0.62192,0.98065,0.00002,0.00010,0.01923
353.42999,0.62195,0.99620,0.00000,0.00001,0.00379
353.76001,0.62192,0.99896,0.00000,0.00000,0.00104
354.09000,0.62195,0.99593,0.00000,0.00001,0.00405
354.42001,0.62192,0.99875,0.00000,0.00000,0.00125
354.75000,0.62195,0.99606,0.00000,0.00001,0.00393
355.07999,0.62195,0.98248,0.00003,0.00016,0.01732
355.41000,0.62195,0.98800,0.00001,0.00004,0.01195
355.73999,0.62195,0.99843,0.00000,0.00000,0.00157
356.07001,0.62192,0.99986,0.00000,0.00000,0.00014
356.39999,0.62195,0.99955,0.00000,0.00000,0.00045
356.73001,0.62192,0.99864,0.00000,0.00000,0.00136
357.06000,0.62195,0.99760,0.00000,0.00001,0.00240
357.39001,0.62192,0.99785,0.00000,0.00001,0.00214
357.72000,0.62195,0.99882,0.00000,0.00000,0.00118
358.04999,0.62195,0.99989,0.00000,0.00000,0.00011
358.38000,0.62192,0.99991,0.00000,0.00000,0.00009
358.70999,0.62195,0.99985,0.00000,0.00000,0.00015
359.04001,0.62192,0.99955,0.00000,0.00000,0.00045
359.37000,0.62195,0.99921,0.00000,0.00000,0.00079
359.70001,0.62192,0.99760,0.00000,0.00001,0.00239
360.03000,0.62195,0.99861,0.00000,0.00001,0.00138
360.35999,0.62195,0.99977,0.00000,0.00000,0.00023
360.69000,0.62195,0.99986,0.00000,0.00000,0.00014
361.01999,0.62195,0.99986,0.00000,0.00000,0.00014
361.35001,0.62192,0.99991,0.00000,0.00000,0.00009
361.67999,0.62195,0.99943,0.00000,0.00000,0.00056
362.01001,0.62192,0.99762,0.00000,0.00002,0.00236
362.34000,0.62195,0.99929,0.00000,0.00000,0.00070
362.67001,0.62192,0.99998,0.00000,0.00000,0.00002
363.00000,0.62195,0.99994,0.00000,0.00000,0.00006
363.32999,0.62195,0.99958,0.00000,0.00000,0.00041
363.66000,0.62195,0.99988,0.00000,0.00000,0.00012
363.98999,0.62195,0.99992,0.00000,0.00000,0.00008
364.32001,0.62192,0.99969,0.00000,0.00000,0.00031
364.64999,0.62195,0.99984,0.00000,0.00000,0.00016
364.98001,0.62192,0.99993,0.00000,0.00000,0.00007
365.31000,0.62195,0.99976,0.00000,0.00000,0.00024
365.64001,0.62192,0.99742,0.00000,0.00001,0.00257
365.97000,0.62195,0.99007,0.00002,0.00010,0.00981
366.29999,0.62195,0.99952,0.00000,0.00000,0.00048
366.63000,0.62192,0.99990,0.00000,0.00000,0.00010
366.95999,0.62195,0.99708,0.00000,0.00001,0.00291
367.29001,0.62192,0.98941,0.00001,0.00004,0.01055
367.62000,0.62195,0.98273,0.00004,0.00009,0.01715
367.95001,0.62192,0.99712,0.00000,0.00001,0.00287
368.28000,0.62195,0.99540,0.00000,0.00001,0.00459
368.60999,0.62195,0.95802,0.00008,0.00029,0.04161
368.94000,0.62195,0.86193,0.00008,0.00083,0.13717
369.26999,0.62195,0.98084,0.00001,0.00008,0.01906
369.60001,0.62192,0.95923,0.00002,0.00019,0.04055
369.92999,0.62195,0.98792,0.00000,0.00002,0.01206
370.26001,0.62192,0.99880,0.00000,0.00000,0.00119
370.59000,0.62195,0.99404,0.00000,0.00001,0.00595
370.92001,0.62192,0.99451,0.00000,0.00001,0.00549
371.25000,0.62195,0.99711,0.00000,0.00000,0.00288
371.57999,0.62195,0.97727,0.00001,0.00007,0.02265
371.91000,0.62195,0.97310,0.00002,0.00013,0.02675
372.23999,0.62195,0.99739,0.00000,0.00000,0.00260
372.57001,0.62192,0.99850,0.00000,0.00000,0.00149
372.89999,0.62195,0.99243,0.00002,0.00003,0.00752
373.23001,0.62192,0.96330,0.00004,0.00018,0.03648
373.56000,0.62195,0.98490,0.00001,0.00006,0.01504
373.89001,0.62192,0.98928,0.00001,0.00003,0.01069
374.22000,0.62195,0.98756,0.00000,0.00002,0.01242
374.54999,0.62195,0.97982,0.00002,0.00011,0.02005
374.88000,0.62192,0.99426,0.00000,0.00001,0.00572
375.20999,0.62195,0.99815,0.00000,0.00000,0.00185
375.54001,0.62192,0.99469,0.00000,0.00002,0.00529
375.87000,0.62195,0.99756,0.00000,0.00000,0.00244
376.20001,0.62192,0.99259,0.00003,0.00004,0.00734
376.53000,0.62195,0.99587,0.00000,0.00001,0.00412
376.85999,0.62195,0.99960,0.00000,0.00000,0.00040
377.19000,0.62195,0.99934,0.00000,0.00000,0.00066
377.51999,0.62195,0.99690,0.00000,0.00001,0.00309
377.85001,0.62192,0.99482,0.00000,0.00001,0.00517
378.17999,0.62195,0.99475,0.00000,0.00002,0.00523
378.51001,0.62192,0.99299,0.00001,0.00003,0.00698
378.84000,0.62195,0.99103,0.00000,0.00003,0.00894
379.17001,0.62192,0.99510,0.00000,0.00001,0.00489
379.50000,0.62195,0.99794,0.00000,0.00000,0.00206
379.82999,0.62195,0.99427,0.00001,0.00003,0.00569
380.16000,0.62195,0.99041,0.00001,0.00006,0.00952
380.48999,0.62195,0.97038,0.00002,0.00036,0.02923
380.82001,0.62192,0.98857,0.00001,0.00012,0.01130
381.14999,0.62195,0.98377,0.00000,0.00003,0.01620
381.48001,0.62192,0.98270,0.00000,0.00003,0.01727
381.81000,0.62195,0.99307,0.00000,0.00001,0.00691
382.14001,0.62192,0.98499,0.00001,0.00003,0.01497
382.47000,0.62195,0.99283,0.00001,0.00003,0.00714
382.79999,0.62195,0.99402,0.00000,0.00001,0.00596
383.13000,0.62192,0.99691,0.00000,0.00001,0.00308
383.45999,0.62195,0.99834,0.00000,0.00000,0.00165
383.79001,0.62192,0.99348,0.00000,0.00002,0.00649
384.12000,0.62195,0.98566,0.00001,0.00005,0.01427
384.45001,0.62192,0.98507,0.00000,0.00002,0.01491
384.78000,0.62195,0.99598,0.00000,0.00000,0.00401
385.10999,0.62195,0.99657,0.00000,0.00000,0.00342
385.44000,0.62195,0.99711,0.00000,0.00000,0.00289
385.76999,0.62195,0.99938,0.00000,0.00000,0.00062
386.10001,0.62192,0.99947,0.00000,0.00000,0.00053
386.42999,0.62195,0.98378,0.00001,0.00004,0.01617
386.76001,0.62192,0.99067,0.00000,0.00003,0.00929
387.09000,0.62195,0.99471,0.00000,0.00001,0.00527
387.42001,0.62192,0.99305,0.00000,0.00001,0.00694
387.75000,0.62195,0.98846,0.00000,0.00003,0.01151
388.07999,0.62195,0.99278,0.00000,0.00001,0.00721
388.41000,0.62195,0.98569,0.00001,0.00005,0.01426
388.73999,0.62195,0.98942,0.00000,0.00001,0.01056
389.07001,0.62192,0.99454,0.00000,0.00002,0.00543
389.39999,0.62195,0.97691,0.00000,0.00004,0.02305
389.73001,0.62192,0.99601,0.00000,0.00000,0.00398
390.06000,0.62195,0.99799,0.00000,0.00000,0.00201
390.39001,0.62192,0.99509,0.00000,0.00001,0.00490
390.72000,0.62195,0.99723,0.00000,0.00000,0.00276
391.04999,0.62195,0.99968,0.00000,0.00000,0.00032
391.38000,0.62192,0.99606,0.00000,0.00001,0.00393
391.70999,0.62195,0.98124,0.00001,0.00005,0.01870
392.04001,0.62192,0.98590,0.00000,0.00003,0.01406
392.37000,0.62195,0.98582,0.00000,0.00004,0.01414
392.70001,0.62192,0.97094,0.00001,0.00010,0.02895
393.03000,0.62195,0.99386,0.00000,0.00002,0.00612
393.35999,0.62195,0.99200,0.00000,0.00001,0.00798
393.69000,0.62195,0.94255,0.00004,0.00026,0.05715
394.01999,0.62195,0.97506,0.00002,0.00011,0.02481
394.35001,0.62192,0.98838,0.00001,0.00003,0.01158
394.67999,0.62195,0.99289,0.00001,0.00001,0.00709
395.01001,0.62192,0.99102,0.00001,0.00002,0.00895
395.34000,0.62195,0.99381,0.00001,0.00001,0.00618
395.67001,0.62192,0.99491,0.00001,0.00003,0.00505
396.00000,0.62195,0.98533,0.00003,0.00003,0.01461
396.32999,0.62195,0.98876,0.00000,0.00001,0.01123
396.66000,0.62195,0.99805,0.00000,0.00000,0.00194
396.98999,0.62195,0.99429,0.00001,0.00001,0.00569
397.32001,0.62192,0.99149,0.00001,0.00002,0.00849
397.64999,0.62195,0.99741,0.00000,0.00000,0.00259
397.98001,0.62192,0.99914,0.00000,0.00000,0.00085
398.31000,0.62195,0.99988,0.00000,0.00000,0.00012
398.64001,0.62192,0.99883,0.00001,0.00001,0.00115
398.97000,0.62195,0.99799,0.00000,0.00000,0.00201
399.29999,0.62195,0.99965,0.00000,0.00000,0.00035
399.63000,0.62192,0.99472,0.00000,0.00002,0.00526
399.95999,0.62195,0.99587,0.00000,0.00001,0.00412
400.29001,0.62192,0.99985,0.00000,0.00000,0.00015
400.62000,0.62195,0.99955,0.00000,0.00000,0.00045
400.95001,0.62192,0.98979,0.00001,0.00002,0.01019
401.28000,0.62195,0.98739,0.00001,0.00003,0.01257
401.60999,0.62195,0.99746,0.00000,0.00000,0.00254
401.94000,0.62195,0.99705,0.00000,0.00000,0.00295
402.26999,0.62195,0.99465,0.00001,0.00001,0.00533
402.60001,0.62192,0.99445,0.00001,0.00001,0.00553
402.92999,0.62195,0.99638,0.00000,0.00000,0.00362
403.26001,0.62192,0.99528,0.00001,0.00001,0.00471
403.59000,0.62195,0.97554,0.00001,0.00004,0.02440
403.92001,0.62192,0.99036,0.00002,0.00001,0.00961
404.25000,0.62195,0.99390,0.00002,0.00001,0.00607
404.57999,0.62195,0.99760,0.00000,0.00000,0.00240
404.91000,0.62195,0.98597,0.00002,0.00002,0.01399
405.23999,0.62195,0.92312,0.00018,0.00020,0.07650
405.57001,0.62192,0.96626,0.00009,0.00007,0.03359
405.89999,0.62195,0.99162,0.00000,0.00001,0.00837
406.23001,0.62192,0.99963,0.00000,0.00000,0.00037
406.56000,0.62195,0.99176,0.00001,0.00002,0.00822
406.89001,0.62192,0.99827,0.00000,0.00000,0.00172
407.22000,0.62195,0.99207,0.00000,0.00001,0.00792
407.54999,0.62195,0.92835,0.00006,0.00038,0.07121
407.88000,0.62192,0.97640,0.00001,0.00008,0.02352
408.20999,0.62195,0.98830,0.00001,0.00002,0.01167
408.54001,0.62192,0.95969,0.00009,0.00020,0.04002
408.87000,0.62195,0.93428,0.00005,0.00019,0.06548
409.20001,0.62192,0.97690,0.00002,0.00007,0.02301
409.53000,0.62195,0.95194,0.00006,0.00016,0.04784
409.85999,0.62195,0.92218,0.00004,0.00020,0.07759
410.19000,0.62195,0.98207,0.00004,0.00004,0.01785
410.51999,0.62195,0.96898,0.00002,0.00004,0.03096
410.85001,0.62192,0.98946,0.00002,0.00001,0.01051
411.17999,0.62195,0.99612,0.00000,0.00001,0.00387
411.51001,0.62192,0.98695,0.00001,0.00002,0.01302
411.84000,0.62195,0.75982,0.00032,0.00082,0.23903
412.17001,0.62192,0.88653,0.00016,0.00028,0.11303
412.50000,0.62195,0.99302,0.00000,0.00001,0.00697
412.82999,0.62195,0.99784,0.00001,0.00000,0.00215
413.16000,0.62195,0.96229,0.00019,0.00021,0.03730
413.48999,0.62195,0.97983,0.00005,0.00010,0.02001
413.82001,0.62192,0.97337,0.00002,0.00007,0.02654
414.14999,0.62195,0.97412,0.00001,0.00003,0.02584
414.48001,0.62192,0.99127,0.00002,0.00002,0.00869
414.81000,0.62195,0.98068,0.00005,0.00012,0.01916
415.14001,0.62192,0.97755,0.00003,0.00009,0.02233
415.47000,0.62195,0.99480,0.00000,0.00001,0.00518
415.79999,0.62195,0.99783,0.00000,0.00000,0.00216
416.13000,0.62192,0.99291,0.00001,0.00002,0.00706
416.45999,0.62195,0.96094,0.00013,0.00047,0.03846
416.79001,0.62192,0.96431,0.00007,0.00032,0.03529
417.12000,0.62195,0.99014,0.00002,0.00007,0.00977
417.45001,0.62192,0.99334,0.00003,0.00002,0.00661
417.78000,0.62195,0.99280,0.00001,0.00003,0.00716
418.10999,0.62195,0.99842,0.00000,0.00000,0.00158
418.44000,0.62195,0.98859,0.00001,0.00004,0.01136
418.76999,0.62195,0.99651,0.00000,0.00002,0.00347
419.10001,0.62192,0.99075,0.00001,0.00001,0.00923
419.42999,0.62195,0.99699,0.00000,0.00000,0.00301
419.76001,0.62192,0.98738,0.00001,0.00005,0.01257
420.09000,0.62195,0.97887,0.00001,0.00010,0.02102
420.42001,0.62192,0.99926,0.00000,0.00000,0.00074
420.75000,0.62195,0.99500,0.00001,0.00003,0.00496
421.07999,0.62195,0.99063,0.00001,0.00004,0.00932
421.41000,0.62195,0.99543,0.00000,0.00001,0.00456
421.73999,0.62195,0.98599,0.00003,0.00009,0.01389
422.07001,0.62192,0.98770,0.00002,0.00004,0.01224
422.39999,0.62195,0.99553,0.00000,0.00001,0.00446
422.73001,0.62192,0.99909,0.00000,0.00000,0.00091
423.06000,0.62195,0.99862,0.00000,0.00000,0.00137
423.39001,0.62192,0.99481,0.00000,0.00002,0.00517
423.72000,0.62195,0.98793,0.00002,0.00010,0.01196
424.04999,0.62195,0.99815,0.00000,0.00000,0.00185
424.38000,0.62192,0.99974,0.00000,0.00000,0.00026
424.70999,0.62195,0.99935,0.00002,0.00001,0.00062
425.04001,0.62192,0.99857,0.00003,0.00002,0.00139
425.37000,0.62195,0.99535,0.00003,0.00004,0.00458
425.70001,0.62192,0.98544,0.00003,0.00007,0.01446
426.03000,0.62195,0.93846,0.00014,0.00076,0.06065
426.35999,0.62195,0.99645,0.00004,0.00007,0.00344
426.69000,0.62195,0.99689,0.00001,0.00002,0.00309
427.01999,0.62195,0.99040,0.00000,0.00003,0.00957
427.35001,0.62192,0.99475,0.00002,0.00001,0.00522
427.67999,0.62195,0.99247,0.00001,0.00004,0.00749
428.01001,0.62192,0.99677,0.00000,0.00000,0.00322
428.34000,0.62195,0.99720,0.00001,0.00001,0.00279
428.67001,0.62192,0.99572,0.00001,0.00001,0.00426
429.00000,0.62195,0.99217,0.00000,0.00003,0.00780
429.32999,0.62195,0.99396,0.00000,0.00001,0.00603
429.66000,0.62195,0.97641,0.00004,0.00013,0.02343
429.98999,0.62195,0.99598,0.00000,0.00002,0.00399
430.32001,0.62192,0.99971,0.00000,0.00000,0.00029
430.64999,0.62195,0.99969,0.00000,0.00000,0.00031
430.98001,0.62192,0.99670,0.00000,0.00001,0.00329
431.31000,0.62195,0.99042,0.00000,0.00002,0.00956
431.64001,0.62192,0.98996,0.00000,0.00002,0.01002
431.97000,0.62195,0.99302,0.00001,0.00002,0.00696
432.29999,0.62195,0.96383,0.00003,0.00023,0.03591
432.63000,0.62192,0.99807,0.00000,0.00000,0.00193
432.95999,0.62195,0.99927,0.00000,0.00000,0.00072
433.29001,0.62192,0.99952,0.00000,0.00000,0.00048
433.62000,0.62195,0.99480,0.00001,0.00002,0.00517
433.95001,0.62192,0.99470,0.00000,0.00001,0.00529
434.28000,0.62195,0.98152,0.00001,0.00005,0.01842
434.60999,0.62195,0.95535,0.00010,0.00054,0.04401
434.94000,0.62195,0.95112,0.00005,0.00034,0.04849
435.26999,0.62195,0.95960,0.00001,0.00019,0.04020
435.60001,0.62192,0.98972,0.00000,0.00003,0.01025
435.92999,0.62195,0.98556,0.00001,0.00005,0.01437
436.26001,0.62192,0.99950,0.00000,0.00000,0.00050
436.59000,0.62195,0.99937,0.00000,0.00000,0.00063
436.92001,0.62192,0.99550,0.00000,0.00001,0.00449
437.25000,0.62195,0.99900,0.00000,0.00000,0.00100
437.57999,0.62195,0.99921,0.00000,0.00000,0.00079
437.91000,0.62195,0.99178,0.00000,0.00002,0.00819
438.23999,0.62195,0.98426,0.00003,0.00008,0.01563
438.57001,0.62192,0.97601,0.00009,0.00038,0.02352
438.89999,0.62195,0.98203,0.00022,0.00011,0.01765
439.23001,0.62192,0.90711,0.00014,0.00056,0.09218
439.56000,0.62195,0.94239,0.00007,0.00016,0.05739
439.89001,0.62192,0.98665,0.00001,0.00001,0.01333
440.22000,0.62195,0.96135,0.00003,0.00009,0.03854
440.54999,0.62195,0.88377,0.00008,0.00046,0.11568
440.88000,0.62192,0.98247,0.00001,0.00005,0.01747
441.20999,0.62195,0.99422,0.00002,0.00002,0.00573
441.54001,0.62192,0.99094,0.00002,0.00005,0.00898
441.87000,0.62195,0.98716,0.00002,0.00006,0.01276
442.20001,0.62192,0.99651,0.00000,0.00001,0.00348
442.53000,0.62195,0.99839,0.00001,0.00000,0.00160
442.85999,0.62195,0.99551,0.00005,0.00003,0.00442
443.19000,0.62195,0.98822,0.00008,0.00009,0.01161
443.51999,0.62195,0.99419,0.00001,0.00003,0.00578
443.85001,0.62192,0.99749,0.00001,0.00001,0.00250
444.17999,0.62195,0.99946,0.00000,0.00000,0.00054
444.51001,0.62192,0.99372,0.00002,0.00005,0.00620
444.84000,0.62195,0.97340,0.00003,0.00010,0.02647
445.17001,0.62192,0.99677,0.00005,0.00005,0.00313
445.50000,0.62195,0.99833,0.00007,0.00004,0.00156
445.82999,0.62195,0.99666,0.00001,0.00002,0.00332
446.16000,0.62195,0.96448,0.00008,0.00024,0.03521
446.48999,0.62195,0.96817,0.00002,0.00033,0.03147
446.82001,0.62192,0.98882,0.00001,0.00004,0.01112
447.14999,0.62195,0.99072,0.00005,0.00011,0.00912
447.48001,0.62192,0.97141,0.00004,0.00025,0.02829
447.81000,0.62195,0.98141,0.00001,0.00026,0.01832
448.14001,0.62192,0.96296,0.00006,0.00032,0.03667
448.47000,0.62195,0.98640,0.00009,0.00011,0.01340
448.79999,0.62195,0.99401,0.00022,0.00012,0.00565
449.13000,0.62192,0.98308,0.00001,0.00007,0.01684
449.45999,0.62195,0.98390,0.00001,0.00003,0.01605
449.79001,0.62192,0.91042,0.00009,0.00042,0.08906
450.12000,0.62195,0.97051,0.00001,0.00008,0.02941
450.45001,0.62192,0.99464,0.00001,0.00002,0.00533
450.78000,0.62195,0.95619,0.00007,0.00007,0.04367
451.10999,0.62195,0.97563,0.00005,0.00020,0.02412
451.44000,0.62195,0.99017,0.00001,0.00003,0.00979
451.76999,0.62195,0.99164,0.00002,0.00004,0.00830
452.10001,0.62192,0.99787,0.00000,0.00000,0.00213
452.42999,0.62195,0.98776,0.00001,0.00003,0.01220
452.76001,0.62192,0.99594,0.00000,0.00001,0.00405
453.09000,0.62195,0.99905,0.00000,0.00000,0.00095
453.42001,0.62192,0.99867,0.00000,0.00001,0.00132
453.75000,0.62195,0.99699,0.00000,0.00001,0.00300
454.07999,0.62195,0.99948,0.00000,0.00000,0.00052
454.41000,0.62195,0.99946,0.00000,0.00000,0.00054
454.73999,0.62195,0.99904,0.00000,0.00000,0.00096
455.07001,0.62192,0.99543,0.00001,0.00001,0.00455
455.39999,0.62195,0.99602,0.00001,0.00004,0.00392
455.73001,0.62192,0.99004,0.00001,0.00004,0.00990
456.06000,0.62195,0.99140,0.00000,0.00003,0.00857
456.39001,0.62192,0.98825,0.00003,0.00007,0.01165
456.72000,0.62195,0.98848,0.00001,0.00004,0.01148
457.04999,0.62195,0.99893,0.00000,0.00000,0.00107
457.38000,0.62192,0.98477,0.00001,0.00003,0.01520
457.70999,0.62195,0.97176,0.00002,0.00010,0.02812
458.04001,0.62192,0.96525,0.00008,0.00021,0.03447
458.37000,0.62195,0.97684,0.00002,0.00013,0.02301
458.70001,0.62192,0.99209,0.00001,0.00001,0.00790
459.03000,0.62195,0.99418,0.00000,0.00001,0.00581
459.35999,0.62195,0.99608,0.00000,0.00000,0.00391
459.69000,0.62195,0.99892,0.00000,0.00000,0.00108
460.01999,0.62195,0.99877,0.00000,0.00000,0.00122
460.35001,0.62192,0.99171,0.00000,0.00001,0.00828
460.67999,0.62195,0.98938,0.00000,0.00003,0.01059
461.01001,0.62192,0.98508,0.00000,0.00003,0.01488
461.34000,0.62195,0.98355,0.00002,0.00013,0.01631
461.67001,0.62192,0.98953,0.00001,0.00006,0.01040
462.00000,0.62195,0.98630,0.00001,0.00007,0.01362
462.32999,0.62195,0.98872,0.00000,0.00002,0.01126
462.66000,0.62195,0.99707,0.00000,0.00001,0.00292
462.98999,0.62195,0.98867,0.00001,0.00009,0.01123
463.32001,0.62192,0.99545,0.00000,0.00001,0.00454
463.64999,0.62195,0.99615,0.00000,0.00001,0.00384
463.98001,0.62192,0.99151,0.00001,0.00006,0.00841
464.31000,0.62195,0.97832,0.00005,0.00014,0.02149
464.64001,0.62192,0.96674,0.00016,0.00060,0.03250
464.97000,0.62195,0.98744,0.00013,0.00028,0.01216
465.29999,0.62195,0.97273,0.00001,0.00016,0.02709
465.63000,0.62192,0.98911,0.00002,0.00012,0.01075
465.95999,0.62195,0.97952,0.00003,0.00010,0.02035
466.29001,0.62192,0.87544,0.00006,0.00067,0.12383
466.62000,0.62195,0.95807,0.00007,0.00018,0.04168
466.95001,0.62192,0.99011,0.00001,0.00003,0.00986
467.28000,0.62195,0.98113,0.00002,0.00005,0.01881
467.60999,0.62195,0.97764,0.00001,0.00008,0.02227
467.94000,0.62195,0.97755,0.00005,0.00014,0.02226
468.26999,0.62195,0.96455,0.00012,0.00029,0.03504
468.60001,0.62192,0.99746,0.00000,0.00000,0.00254
468.92999,0.62195,0.99794,0.00000,0.00000,0.00205
469.26001,0.62192,0.92243,0.00007,0.00050,0.07699
469.59000,0.62195,0.91706,0.00005,0.00028,0.08260
469.92001,0.62192,0.92627,0.00020,0.00073,0.07280
470.25000,0.62195,0.98432,0.00001,0.00004,0.01563
470.57999,0.62195,0.99766,0.00000,0.00000,0.00233
470.91000,0.62195,0.99947,0.00000,0.00000,0.00052
471.23999,0.62195,0.99293,0.00000,0.00001,0.00706
471.57001,0.62192,0.98132,0.00000,0.00003,0.01865
471.89999,0.62195,0.99167,0.00001,0.00002,0.00831
472.23001,0.62192,0.99133,0.00001,0.00002,0.00864
472.56000,0.62195,0.96370,0.00004,0.00013,0.03613
472.89001,0.62192,0.93508,0.00006,0.00036,0.06450
473.22000,0.62195,0.95747,0.00009,0.00016,0.04227
473.54999,0.62195,0.99705,0.00000,0.00000,0.00294
473.88000,0.62192,0.97382,0.00004,0.00005,0.02609
474.20999,0.62195,0.96636,0.00001,0.00005,0.03357
474.54001,0.62192,0.96677,0.00002,0.00007,0.03315
474.87000,0.62195,0.95182,0.00002,0.00007,0.04809
475.20001,0.62192,0.96289,0.00002,0.00003,0.03707
475.53000,0.62195,0.99282,0.00001,0.00000,0.00717
475.85999,0.62195,0.99940,0.00000,0.00000,0.00060
476.19000,0.62195,0.98609,0.00001,0.00001,0.01388
476.51999,0.62195,0.85494,0.00007,0.00031,0.14468
476.85001,0.62192,0.76379,0.00035,0.00138,0.23448
477.17999,0.62195,0.78747,0.00010,0.00070,0.21173
477.51001,0.62192,0.87700,0.00027,0.00032,0.12241
477.84000,0.62195,0.86111,0.00024,0.00089,0.13776
478.17001,0.62192,0.99017,0.00001,0.00002,0.00980
478.50000,0.62195,0.99015,0.00002,0.00002,0.00980
478.82999,0.62195,0.98838,0.00001,0.00002,0.01159
479.16000,0.62195,0.99389,0.00000,0.00000,0.00610
479.48999,0.62195,0.97529,0.00001,0.00005,0.02464
479.82001,0.62192,0.92287,0.00011,0.00051,0.07651
480.14999,0.62195,0.94601,0.00002,0.00010,0.05387
480.48001,0.62192,0.98661,0.00001,0.00005,0.01333
480.81000,0.62195,0.96925,0.00004,0.00015,0.03057
481.14001,0.62192,0.96100,0.00002,0.00017,0.03881
481.47000,0.62195,0.99253,0.00000,0.00001,0.00746
481.79999,0.62195,0.99747,0.00000,0.00000,0.00253
482.13000,0.62192,0.99678,0.00001,0.00001,0.00321
482.45999,0.62195,0.99307,0.00000,0.00001,0.00691
482.79001,0.62192,0.99851,0.00000,0.00000,0.00149
483.12000,0.62195,0.99870,0.00000,0.00000,0.00129
483.45001,0.62192,0.99268,0.00002,0.00004,0.00726
483.78000,0.62195,0.99266,0.00001,0.00002,0.00732
484.10999,0.62195,0.92717,0.00007,0.00048,0.07227
484.44000,0.62195,0.88808,0.00011,0.00069,0.11112
484.76999,0.62195,0.99530,0.00000,0.00001,0.00468
485.10001,0.62192,0.99341,0.00001,0.00002,0.00656
485.42999,0.62195,0.92786,0.00001,0.00019,0.07195
485.76001,0.62192,0.96550,0.00002,0.00005,0.03442
486.09000,0.62195,0.93074,0.00006,0.00023,0.06897
486.42001,0.62192,0.91321,0.00005,0.00022,0.08653
486.75000,0.62195,0.99714,0.00000,0.00000,0.00286
487.07999,0.62195,0.99953,0.00000,0.00000,0.00047
487.41000,0.62195,0.99231,0.00000,0.00001,0.00767
487.73999,0.62195,0.98256,0.00002,0.00005,0.01738
488.07001,0.62192,0.99834,0.00000,0.00000,0.00165
488.39999,0.62195,0.96139,0.00002,0.00012,0.03847
488.73001,0.62192,0.99172,0.00000,0.00001,0.00827
489.06000,0.62195,0.99967,0.00000,0.00000,0.00033
489.39001,0.62192,0.97465,0.00001,0.00006,0.02527
489.72000,0.62195,0.98868,0.00000,0.00001,0.01130
490.04999,0.62195,0.96350,0.00005,0.00036,0.03608
490.38000,0.62192,0.96838,0.00006,0.00018,0.03137
490.70999,0.62195,0.98410,0.00004,0.00007,0.01580
491.04001,0.62192,0.99944,0.00000,0.00000,0.00056
491.37000,0.62195,0.99959,0.00000,0.00000,0.00041
491.70001,0.62192,0.97538,0.00005,0.00003,0.02454
492.03000,0.62195,0.99338,0.00001,0.00001,0.00660
492.35999,0.62195,0.99099,0.00000,0.00001,0.00900
492.69000,0.62195,0.96697,0.00005,0.00008,0.03290
493.01999,0.62195,0.98975,0.00000,0.00001,0.01023
493.35001,0.62192,0.99826,0.00000,0.00000,0.00174
493.67999,0.62195,0.99187,0.00001,0.00001,0.00812
494.01001,0.62192,0.99503,0.00001,0.00001,0.00496
494.34000,0.62195,0.99292,0.00001,0.00002,0.00706
494.67001,0.62192,0.98544,0.00001,0.00003,0.01452
495.00000,0.62195,0.99684,0.00000,0.00000,0.00315
495.32999,0.62195,0.99631,0.00000,0.00000,0.00369
495.66000,0.62195,0.99493,0.00000,0.00001,0.00506
495.98999,0.62195,0.99945,0.00000,0.00000,0.00055
496.32001,0.62192,0.99697,0.00000,0.00001,0.00302
496.64999,0.62195,0.99729,0.00000,0.00000,0.00271
496.98001,0.62192,0.98844,0.00001,0.00003,0.01153
497.31000,0.62195,0.99743,0.00000,0.00000,0.00256
497.64001,0.62192,0.99946,0.00000,0.00000,0.00054
497.97000,0.62195,0.99340,0.00000,0.00001,0.00658
498.29999,0.62195,0.99418,0.00000,0.00000,0.00581
498.63000,0.62192,0.99726,0.00000,0.00000,0.00274
498.95999,0.62195,0.99608,0.00000,0.00001,0.00391
499.29001,0.62192,0.99471,0.00001,0.00001,0.00528
499.62000,0.62195,0.98280,0.00002,0.00003,0.01714
499.95001,0.62192,0.99024,0.00000,0.00002,0.00974
500.28000,0.62195,0.97949,0.00001,0.00002,0.02048
500.60999,0.62195,0.95557,0.00004,0.00013,0.04426
500.94000,0.62195,0.99336,0.00000,0.00001,0.00663
501.26999,0.62195,0.99515,0.00001,0.00001,0.00483
501.60001,0.62192,0.99643,0.00000,0.00000,0.00357
501.92999,0.62195,0.99401,0.00000,0.00001,0.00598
502.26001,0.62192,0.99866,0.00000,0.00000,0.00133
502.59000,0.62195,0.99914,0.00000,0.00000,0.00086
502.92001,0.62192,0.99876,0.00000,0.00000,0.00124
503.25000,0.62195,0.98044,0.00002,0.00010,0.01943
503.57999,0.62195,0.91057,0.00011,0.00052,0.08880
503.91000,0.62195,0.98504,0.00000,0.00002,0.01493
504.23999,0.62195,0.97974,0.00001,0.00005,0.02020
504.57001,0.62192,0.97110,0.00001,0.00006,0.02884
504.89999,0.62195,0.98521,0.00001,0.00006,0.01472
505.23001,0.62192,0.98041,0.00002,0.00007,0.01950
505.56000,0.62195,0.99421,0.00000,0.00001,0.00578
505.89001,0.62192,0.99925,0.00000,0.00000,0.00075
506.22000,0.62195,0.99815,0.00000,0.00000,0.00184
506.54999,0.62195,0.99444,0.00000,0.00001,0.00556
506.88000,0.62192,0.97923,0.00001,0.00003,0.02072
507.20999,0.62195,0.94908,0.00002,0.00010,0.05081
507.54001,0.62192,0.97923,0.00000,0.00003,0.02074
507.87000,0.62195,0.99751,0.00000,0.00000,0.00249
508.20001,0.62192,0.99921,0.00000,0.00000,0.00079
508.53000,0.62195,0.99538,0.00000,0.00001,0.00461
508.85999,0.62195,0.99011,0.00001,0.00002,0.00986
509.19000,0.62195,0.99915,0.00000,0.00000,0.00085
509.51999,0.62195,0.99934,0.00000,0.00000,0.00066
509.85001,0.62192,0.99824,0.00000,0.00000,0.00176
510.17999,0.62195,0.98923,0.00001,0.00002,0.01075
510.51001,0.62192,0.87038,0.00021,0.00079,0.12862
510.84000,0.62195,0.83658,0.00018,0.00073,0.16251
511.17001,0.62192,0.90138,0.00016,0.00026,0.09820
511.50000,0.62195,0.89111,0.00015,0.00035,0.10838
511.82999,0.62198,0.96963,0.00001,0.00006,0.03029
512.15997,0.62195,0.98691,0.00003,0.00003,0.01303
512.48999,0.62195,0.95740,0.00002,0.00012,0.04246
512.82001,0.62195,0.99178,0.00000,0.00002,0.00820
513.15002,0.62189,0.99785,0.00000,0.00000,0.00215
513.47998,0.62195,0.99926,0.00000,0.00000,0.00073
513.81000,0.62195,0.99913,0.00000,0.00000,0.00087
514.14001,0.62195,0.99867,0.00000,0.00000,0.00133
514.46997,0.62195,0.99972,0.00000,0.00000,0.00028
514.79999,0.62195,0.98243,0.00000,0.00003,0.01754
515.13000,0.62195,0.99074,0.00000,0.00002,0.00924
515.46002,0.62189,0.99365,0.00000,0.00002,0.00633
515.78998,0.62195,0.99661,0.00000,0.00001,0.00338
516.12000,0.62195,0.99824,0.00000,0.00000,0.00176
516.45001,0.62195,0.99926,0.00000,0.00000,0.00074
516.78003,0.62189,0.99927,0.00000,0.00000,0.00073
517.10999,0.62195,0.99935,0.00000,0.00000,0.00065
517.44000,0.62195,0.99756,0.00000,0.00000,0.00244
517.77002,0.62195,0.99374,0.00002,0.00003,0.00620
518.09998,0.62195,0.94516,0.00008,0.00028,0.05448
518.42999,0.62195,0.99686,0.00000,0.00001,0.00313
518.76001,0.62195,0.99749,0.00000,0.00001,0.00251
519.09003,0.62189,0.98454,0.00001,0.00007,0.01537
519.41998,0.62195,0.98934,0.00001,0.00003,0.01063
519.75000,0.62195,0.98485,0.00001,0.00001,0.01513
520.08002,0.62195,0.99697,0.00000,0.00000,0.00302
520.40997,0.62195,0.99408,0.00000,0.00002,0.00590
520.73999,0.62195,0.97710,0.00003,0.00006,0.02280
521.07001,0.62195,0.98800,0.00002,0.00003,0.01195
521.40002,0.62189,0.98389,0.00001,0.00002,0.01607
521.72998,0.62195,0.98631,0.00001,0.00002,0.01366
522.06000,0.62195,0.98893,0.00001,0.00001,0.01105
522.39001,0.62195,0.99295,0.00001,0.00001,0.00703
522.71997,0.62195,0.99557,0.00000,0.00000,0.00443
523.04999,0.62195,0.98286,0.00003,0.00002,0.01710
523.38000,0.62195,0.74772,0.00041,0.00124,0.25064
523.71002,0.62189,0.85116,0.00008,0.00023,0.14853
524.03998,0.62195,0.96142,0.00005,0.00003,0.03850
524.37000,0.62195,0.95897,0.00005,0.00003,0.04094
524.70001,0.62195,0.93925,0.00006,0.00012,0.06056
525.03003,0.62189,0.99436,0.00001,0.00001,0.00563
525.35999,0.62195,0.97696,0.00003,0.00003,0.02297
525.69000,0.62195,0.95395,0.00004,0.00008,0.04592
526.02002,0.62195,0.94929,0.00009,0.00030,0.05032
526.34998,0.62195,0.92707,0.00005,0.00029,0.07259
526.67999,0.62195,0.94850,0.00004,0.00020,0.05126
527.01001,0.62195,0.98965,0.00001,0.00001,0.01033
527.34003,0.62189,0.98471,0.00003,0.00005,0.01521
527.66998,0.62195,0.99079,0.00001,0.00003,0.00917
528.00000,0.62195,0.94633,0.00009,0.00031,0.05327
528.33002,0.62195,0.99101,0.00000,0.00002,0.00896
528.65997,0.62195,0.99525,0.00000,0.00001,0.00474
528.98999,0.62195,0.92303,0.00003,0.00017,0.07676
529.32001,0.62195,0.97979,0.00005,0.00013,0.02003
529.65002,0.62189,0.95384,0.00004,0.00013,0.04600
529.97998,0.62195,0.82615,0.00026,0.00162,0.17197
530.31000,0.62195,0.95861,0.00014,0.00032,0.04093
530.64001,0.62195,0.99300,0.00001,0.00001,0.00699
530.96997,0.62195,0.99794,0.00004,0.00001,0.00200
531.29999,0.62195,0.95578,0.00012,0.00022,0.04388
531.63000,0.62195,0.95915,0.00002,0.00004,0.04080
531.96002,0.62189,0.97578,0.00004,0.00006,0.02412
532.28998,0.62195,0.96757,0.00002,0.00005,0.03236
532.62000,0.62195,0.99829,0.00000,0.00000,0.00170
532.95001,0.62195,0.94066,0.00002,0.00005,0.05927
533.28003,0.62189,0.92048,0.00006,0.00010,0.07936
533.60999,0.62195,0.94534,0.00002,0.00007,0.05458
533.94000,0.62195,0.99641,0.00000,0.00000,0.00359
534.27002,0.62195,0.99598,0.00000,0.00000,0.00402
534.59998,0.62195,0.97579,0.00002,0.00001,0.02418
534.92999,0.62195,0.98800,0.00000,0.00001,0.01198
535.26001,0.62195,0.96266,0.00002,0.00004,0.03727
535.59003,0.62189,0.87406,0.00028,0.00051,0.12515
535.91998,0.62195,0.78458,0.00040,0.00230,0.21272
536.25000,0.62195,0.92840,0.00001,0.00022,0.07138
536.58002,0.62195,0.99861,0.00000,0.00000,0.00139
536.90997,0.62195,0.99476,0.00000,0.00001,0.00523
537.23999,0.62195,0.95894,0.00003,0.00007,0.04096
537.57001,0.62195,0.98046,0.00001,0.00005,0.01949
537.90002,0.62189,0.99879,0.00000,0.00000,0.00121
538.22998,0.62195,0.99625,0.00000,0.00001,0.00373
538.56000,0.62195,0.99950,0.00000,0.00000,0.00050
538.89001,0.62195,0.99035,0.00003,0.00005,0.00957
539.21997,0.62195,0.97873,0.00001,0.00003,0.02123
539.54999,0.62195,0.97977,0.00002,0.00006,0.02015
539.88000,0.62195,0.92818,0.00007,0.00034,0.07141
540.21002,0.62189,0.98711,0.00001,0.00003,0.01285
540.53998,0.62195,0.99907,0.00000,0.00000,0.00092
540.87000,0.62195,0.95314,0.00005,0.00014,0.04668
541.20001,0.62195,0.98194,0.00001,0.00002,0.01803
541.53003,0.62189,0.99361,0.00000,0.00001,0.00638
541.85999,0.62195,0.93969,0.00004,0.00014,0.06013
542.19000,0.62195,0.98640,0.00004,0.00001,0.01354
542.52002,0.62195,0.99353,0.00001,0.00001,0.00646
542.84998,0.62195,0.99141,0.00001,0.00001,0.00857
543.17999,0.62195,0.93887,0.00002,0.00018,0.06092
543.51001,0.62195,0.99052,0.00001,0.00001,0.00946
543.84003,0.62189,0.97897,0.00003,0.00005,0.02096
544.16998,0.62195,0.98017,0.00001,0.00001,0.01980
544.50000,0.62195,0.99053,0.00001,0.00001,0.00945
544.83002,0.62195,0.98820,0.00002,0.00002,0.01176
545.15997,0.62195,0.88210,0.00030,0.00110,0.11649
545.48999,0.62195,0.87745,0.00010,0.00059,0.12186
545.82001,0.62195,0.94224,0.00007,0.00021,0.05748
546.15002,0.62189,0.97528,0.00007,0.00007,0.02458
546.47998,0.62195,0.97650,0.00005,0.00009,0.02336
546.81000,0.62195,0.99170,0.00000,0.00001,0.00828
547.14001,0.62195,0.99837,0.00000,0.00000,0.00162
547.46997,0.62195,0.99683,0.00000,0.00001,0.00316
547.79999,0.62195,0.99781,0.00000,0.00000,0.00218
548.13000,0.62195,0.99245,0.00000,0.00002,0.00753
548.46002,0.62189,0.99594,0.00000,0.00001,0.00406
548.78998,0.62195,0.99496,0.00000,0.00002,0.00501
549.12000,0.62195,0.99168,0.00000,0.00002,0.00830
549.45001,0.62195,0.99106,0.00000,0.00002,0.00892
549.78003,0.62189,0.98524,0.00000,0.00002,0.01474
550.10999,0.62195,0.99125,0.00001,0.00003,0.00872
550.44000,0.62195,0.99441,0.00000,0.00001,0.00558
550.77002,0.62195,0.99796,0.00000,0.00000,0.00204
551.09998,0.62195,0.99369,0.00001,0.00001,0.00629
551.42999,0.62195,0.94655,0.00004,0.00016,0.05325
551.76001,0.62195,0.98428,0.00002,0.00004,0.01566
552.09003,0.62189,0.98700,0.00000,0.00001,0.01298
552.41998,0.62195,0.99034,0.00000,0.00002,0.00964
552.75000,0.62195,0.98366,0.00002,0.00004,0.01628
553.08002,0.62195,0.99341,0.00001,0.00001,0.00658
553.40997,0.62195,0.98870,0.00001,0.00002,0.01128
553.73999,0.62195,0.98663,0.00000,0.00001,0.01336
554.07001,0.62195,0.99570,0.00000,0.00000,0.00429
554.40002,0.62189,0.99449,0.00001,0.00000,0.00550
554.72998,0.62195,0.94957,0.00007,0.00009,0.05027
555.06000,0.62195,0.99472,0.00000,0.00000,0.00528
555.39001,0.62195,0.99429,0.00001,0.00001,0.00569
555.71997,0.62195,0.99478,0.00000,0.00001,0.00521
556.04999,0.62195,0.99814,0.00000,0.00000,0.00186
556.38000,0.62195,0.99405,0.00000,0.00000,0.00594
556.71002,0.62189,0.98444,0.00001,0.00001,0.01554
557.03998,0.62195,0.96452,0.00002,0.00005,0.03541
557.37000,0.62195,0.97247,0.00003,0.00012,0.02739
557.70001,0.62195,0.98737,0.00001,0.00002,0.01261
558.03003,0.62189,0.98268,0.00003,0.00002,0.01727
558.35999,0.62195,0.98226,0.00009,0.00003,0.01762
558.69000,0.62195,0.99363,0.00001,0.00002,0.00634
559.02002,0.62195,0.99399,0.00000,0.00001,0.00599
559.34998,0.62195,0.99582,0.00001,0.00001,0.00417
559.67999,0.62195,0.99069,0.00000,0.00001,0.00930
560.01001,0.62195,0.99168,0.00001,0.00001,0.00830
560.34003,0.62189,0.95148,0.00004,0.00012,0.04836
560.66998,0.62195,0.95501,0.00005,0.00011,0.04482
561.00000,0.62195,0.99016,0.00001,0.00001,0.00982
561.33002,0.62195,0.98122,0.00000,0.00002,0.01875
561.65997,0.62195,0.93788,0.00003,0.00008,0.06201
561.98999,0.62195,0.96174,0.00004,0.00004,0.03818
562.32001,0.62195,0.97215,0.00003,0.00005,0.02777
562.65002,0.62189,0.99539,0.00000,0.00000,0.00461
562.97998,0.62195,0.99927,0.00000,0.00000,0.00073
563.31000,0.62195,0.99613,0.00001,0.00000,0.00386
563.64001,0.62195,0.91127,0.00018,0.00030,0.08825
563.96997,0.62195,0.91658,0.00005,0.00025,0.08312
564.29999,0.62195,0.97152,0.00002,0.00007,0.02840
564.63000,0.62195,0.96781,0.00002,0.00003,0.03214
564.96002,0.62189,0.91379,0.00008,0.00046,0.08567
565.28998,0.62195,0.92629,0.00003,0.00024,0.07343
565.62000,0.62195,0.97270,0.00002,0.00005,0.02723
565.95001,0.62195,0.94595,0.00003,0.00020,0.05382
566.28003,0.62189,0.98693,0.00001,0.00001,0.01305
566.60999,0.62195,0.98895,0.00002,0.00001,0.01101
566.94000,0.62195,0.99135,0.00001,0.00001,0.00863
567.27002,0.62195,0.79788,0.00013,0.00122,0.20077
567.59998,0.62195,0.91087,0.00002,0.00021,0.08890
567.92999,0.62195,0.99562,0.00000,0.00000,0.00438
568.26001,0.62195,0.99769,0.00000,0.00000,0.00231
568.59003,0.62189,0.99959,0.00000,0.00000,0.00041
568.91998,0.62195,0.99804,0.00000,0.00000,0.00196
569.25000,0.62195,0.98557,0.00001,0.00001,0.01441
569.58002,0.62195,0.98250,0.00001,0.00002,0.01747
569.90997,0.62195,0.99496,0.00001,0.00000,0.00503
570.23999,0.62195,0.94795,0.00005,0.00004,0.05196
570.57001,0.62195,0.97682,0.00002,0.00001,0.02315
570.90002,0.62189,0.96233,0.00003,0.00005,0.03759
571.22998,0.62195,0.95416,0.00002,0.00003,0.04579
571.56000,0.62195,0.94953,0.00013,0.00010,0.05024
571.89001,0.62195,0.90297,0.00017,0.00013,0.09672
572.21997,0.62195,0.95389,0.00001,0.00004,0.04606
572.54999,0.62195,0.93828,0.00005,0.00010,0.06157
572.88000,0.62195,0.94666,0.00002,0.00007,0.05324
573.21002,0.62189,0.96388,0.00001,0.00003,0.03608
573.53998,0.62195,0.95603,0.00001,0.00003,0.04393
573.87000,0.62195,0.99407,0.00000,0.00000,0.00593
574.20001,0.62195,0.98959,0.00001,0.00002,0.01038
574.53003,0.62189,0.98853,0.00001,0.00001,0.01146
574.85999,0.62195,0.91836,0.00003,0.00017,0.08144
575.19000,0.62195,0.99421,0.00000,0.00000,0.00579
575.52002,0.62195,0.98394,0.00001,0.00001,0.01604
575.84998,0.62195,0.91114,0.00042,0.00022,0.08822
576.17999,0.62195,0.93031,0.00011,0.00009,0.06950
576.51001,0.62195,0.89522,0.00006,0.00012,0.10460
576.84003,0.62189,0.99572,0.00001,0.00000,0.00427
577.16998,0.62195,0.94559,0.00004,0.00014,0.05424
577.50000,0.62195,0.98836,0.00001,0.00001,0.01162
577.83002,0.62195,0.99605,0.00001,0.00000,0.00394
578.15997,0.62195,0.86124,0.00005,0.00018,0.13854
578.48999,0.62195,0.90364,0.00011,0.00010,0.09615
578.82001,0.62195,0.80658,0.00019,0.00065,0.19258
579.15002,0.62189,0.70533,0.00023,0.00142,0.29302
579.47998,0.62195,0.77072,0.00013,0.00087,0.22828
579.81000,0.62195,0.96437,0.00006,0.00004,0.03552
580.14001,0.62195,0.82919,0.00017,0.00077,0.16988
580.46997,0.62195,0.93823,0.00002,0.00007,0.06168
580.79999,0.62195,0.95339,0.00004,0.00004,0.04653
581.13000,0.62195,0.84738,0.00004,0.00025,0.15233
581.46002,0.62189,0.95272,0.00006,0.00009,0.04714
581.78998,0.62195,0.83277,0.00013,0.00062,0.16648
582.12000,0.62195,0.90653,0.00022,0.00062,0.09264
582.45001,0.62195,0.97479,0.00004,0.00008,0.02510
582.78003,0.62189,0.98780,0.00001,0.00002,0.01218
583.10999,0.62195,0.87095,0.00011,0.00045,0.12848
583.44000,0.62195,0.96873,0.00002,0.00008,0.03117
583.77002,0.62195,0.99183,0.00002,0.00001,0.00814
584.09998,0.62195,0.95823,0.00005,0.00009,0.04164
584.42999,0.62195,0.97375,0.00005,0.00005,0.02615
584.76001,0.62195,0.99317,0.00002,0.00001,0.00680
585.09003,0.62189,0.93254,0.00004,0.00008,0.06734
585.41998,0.62195,0.99514,0.00000,0.00000,0.00485
585.75000,0.62195,0.99799,0.00000,0.00000,0.00201
586.08002,0.62195,0.94354,0.00009,0.00020,0.05616
586.40997,0.62195,0.84539,0.00015,0.00041,0.15406
586.73999,0.62195,0.85146,0.00025,0.00032,0.14797
587.07001,0.62195,0.86187,0.00054,0.00046,0.13712
587.40002,0.62189,0.83444,0.00017,0.00043,0.16496
587.72998,0.62195,0.96727,0.00002,0.00003,0.03268
588.06000,0.62195,0.99940,0.00000,0.00000,0.00059
588.39001,0.62195,0.99690,0.00001,0.00000,0.00309
588.71997,0.62195,0.93530,0.00008,0.00004,0.06458
589.04999,0.62195,0.84525,0.00040,0.00063,0.15372
589.38000,0.62195,0.96364,0.00002,0.00004,0.03630
589.71002,0.62189,0.99465,0.00001,0.00000,0.00534
590.03998,0.62195,0.96863,0.00004,0.00003,0.03130
590.37000,0.62195,0.98618,0.00001,0.00001,0.01379
590.70001,0.62195,0.96988,0.00002,0.00003,0.03007
591.03003,0.62189,0.94843,0.00001,0.00004,0.05151
591.35999,0.62195,0.95970,0.00002,0.00004,0.04024
591.69000,0.62195,0.97497,0.00003,0.00004,0.02497
592.02002,0.62195,0.93261,0.00006,0.00035,0.06697
592.34998,0.62195,0.98134,0.00002,0.00009,0.01855
592.67999,0.62195,0.99652,0.00000,0.00001,0.00347
593.01001,0.62195,0.99078,0.00001,0.00001,0.00920
593.34003,0.62189,0.99874,0.00000,0.00000,0.00125
593.66998,0.62195,0.98118,0.00004,0.00005,0.01873
594.00000,0.62195,0.95976,0.00004,0.00023,0.03996
594.33002,0.62195,0.98820,0.00001,0.00005,0.01174
594.65997,0.62195,0.99307,0.00000,0.00001,0.00691
594.98999,0.62195,0.99684,0.00000,0.00000,0.00315
595.32001,0.62195,0.99132,0.00000,0.00002,0.00866
595.65002,0.62189,0.96346,0.00002,0.00017,0.03636
595.97998,0.62195,0.99354,0.00000,0.00001,0.00644
596.31000,0.62195,0.97606,0.00001,0.00006,0.02387
596.64001,0.62195,0.98952,0.00001,0.00002,0.01045
596.96997,0.62195,0.98220,0.00003,0.00006,0.01771
597.29999,0.62195,0.94750,0.00002,0.00013,0.05235
597.63000,0.62195,0.97144,0.00004,0.00006,0.02846
597.96002,0.62189,0.97912,0.00005,0.00008,0.02076
598.28998,0.62195,0.92643,0.00012,0.00032,0.07313
598.62000,0.62195,0.89428,0.00002,0.00027,0.10543
598.95001,0.62195,0.98238,0.00000,0.00001,0.01760
599.28003,0.62189,0.99372,0.00000,0.00000,0.00627
599.60999,0.62195,0.93276,0.00006,0.00008,0.06711
599.94000,0.62195,0.86036,0.00005,0.00035,0.13924
600.27002,0.62195,0.95649,0.00001,0.00007,0.04344
600.59998,0.62195,0.93628,0.00003,0.00008,0.06361
600.92999,0.62195,0.92958,0.00004,0.00013,0.07025
601.26001,0.62195,0.99368,0.00000,0.00000,0.00631
601.59003,0.62189,0.99719,0.00000,0.00000,0.00281
601.91998,0.62195,0.98862,0.00002,0.00002,0.01134
602.25000,0.62195,0.97695,0.00004,0.00008,0.02293
602.58002,0.62195,0.98041,0.00002,0.00006,0.01950
602.90997,0.62195,0.97074,0.00003,0.00006,0.02917
603.23999,0.62195,0.95861,0.00001,0.00009,0.04129
603.57001,0.62195,0.96944,0.00002,0.00014,0.03040
603.90002,0.62189,0.99606,0.00000,0.00001,0.00393
604.22998,0.62195,0.99730,0.00000,0.00000,0.00269
604.56000,0.62195,0.99407,0.00000,0.00002,0.00590
604.89001,0.62195,0.99669,0.00000,0.00000,0.00331
605.21997,0.62195,0.99188,0.00001,0.00001,0.00810
605.54999,0.62195,0.94215,0.00003,0.00013,0.05769
605.88000,0.62195,0.98111,0.00002,0.00003,0.01884
606.21002,0.62189,0.85509,0.00019,0.00057,0.14414
606.53998,0.62195,0.93797,0.00002,0.00013,0.06188
606.87000,0.62195,0.99920,0.00000,0.00000,0.00079
607.20001,0.62195,0.97183,0.00004,0.00009,0.02804
607.53003,0.62189,0.97838,0.00002,0.00003,0.02157
607.85999,0.62195,0.96852,0.00003,0.00003,0.03142
608.19000,0.62195,0.98594,0.00000,0.00001,0.01405
608.52002,0.62195,0.98725,0.00002,0.00001,0.01273
608.84998,0.62195,0.94841,0.00007,0.00009,0.05143
609.17999,0.62195,0.94840,0.00010,0.00020,0.05130
609.51001,0.62195,0.81189,0.00019,0.00035,0.18756
609.84003,0.62189,0.86605,0.00027,0.00027,0.13342
610.16998,0.62195,0.78984,0.00018,0.00093,0.20904
610.50000,0.62195,0.88196,0.00009,0.00023,0.11772
610.83002,0.62195,0.99038,0.00001,0.00000,0.00960
611.15997,0.62195,0.99586,0.00000,0.00000,0.00413
611.48999,0.62195,0.99664,0.00000,0.00000,0.00335
611.82001,0.62195,0.99528,0.00001,0.00000,0.00471
612.15002,0.62189,0.98441,0.00002,0.00004,0.01554
612.47998,0.62195,0.89548,0.00027,0.00045,0.10380
612.81000,0.62195,0.80032,0.00004,0.00041,0.19924
613.14001,0.62195,0.99182,0.00001,0.00001,0.00816
613.46997,0.62195,0.99537,0.00001,0.00001,0.00460
613.79999,0.62195,0.99135,0.00001,0.00003,0.00861
614.13000,0.62195,0.95451,0.00014,0.00016,0.04518
614.46002,0.62189,0.89788,0.00017,0.00061,0.10133
614.78998,0.62195,0.95972,0.00012,0.00024,0.03993
615.12000,0.62195,0.98304,0.00002,0.00003,0.01691
615.45001,0.62195,0.98099,0.00003,0.00005,0.01892
615.78003,0.62189,0.99490,0.00000,0.00001,0.00509
616.10999,0.62195,0.99811,0.00000,0.00000,0.00188
616.44000,0.62195,0.96649,0.00010,0.00009,0.03332
616.77002,0.62195,0.94987,0.00006,0.00014,0.04993
617.09998,0.62195,0.99772,0.00000,0.00000,0.00228
617.42999,0.62195,0.97364,0.00003,0.00007,0.02626
617.76001,0.62195,0.95776,0.00007,0.00011,0.04206
618.09003,0.62189,0.95749,0.00009,0.00031,0.04211
618.41998,0.62195,0.98759,0.00001,0.00003,0.01237
618.75000,0.62195,0.98885,0.00002,0.00006,0.01107
619.08002,0.62195,0.98428,0.00006,0.00009,0.01558
619.40997,0.62195,0.92609,0.00005,0.00036,0.07349
619.73999,0.62195,0.95377,0.00002,0.00008,0.04613
620.07001,0.62195,0.99005,0.00001,0.00002,0.00992
620.40002,0.62189,0.98949,0.00000,0.00002,0.01049
620.72998,0.62195,0.99485,0.00000,0.00002,0.00512
621.06000,0.62195,0.98375,0.00001,0.00004,0.01620
621.39001,0.62195,0.99660,0.00001,0.00011,0.00328
621.71997,0.62195,0.99991,0.00000,0.00009,0.00000
622.04999,0.62195,0.99866,0.00000,0.00134,0.00000
622.38000,0.62195,0.98405,0.00000,0.01593,0.00002
622.71002,0.62189,0.99946,0.00002,0.00000,0.00052
623.03998,0.62195,0.99972,0.00000,0.00000,0.00028
623.37000,0.62195,0.99865,0.00000,0.00000,0.00135
623.70001,0.62195,0.99921,0.00000,0.00000,0.00079
624.03003,0.62189,0.99943,0.00000,0.00000,0.00057
624.35999,0.62195,0.94919,0.00003,0.00016,0.05063
624.69000,0.62195,0.98742,0.00000,0.00004,0.01254
625.02002,0.62195,0.99777,0.00000,0.00000,0.00223
625.34998,0.62195,0.99275,0.00000,0.00002,0.00722
625.67999,0.62195,0.99783,0.00000,0.00000,0.00217
626.01001,0.62195,0.99774,0.00000,0.00000,0.00226
626.34003,0.62189,0.99904,0.00000,0.00000,0.00096
626.66998,0.62195,0.99671,0.00000,0.00000,0.00329
627.00000,0.62195,0.99033,0.00000,0.00001,0.00967
