Time (seconds), Duration (seconds),pred_(unlabeled),pred_brushing_teeth,pred_hair_drying,pred_showering
0.00000,0.62194,1.00000,0.00000,0.00000,0.00000
0.33000,0.62194,0.99866,0.00000,0.00021,0.00113
0.66000,0.62194,0.83703,0.00000,0.00021,0.16275
0.99000,0.62194,0.99645,0.00000,0.00006,0.00349
1.32000,0.62194,0.99887,0.00000,0.00002,0.00111
1.65000,0.62194,0.99952,0.00000,0.00000,0.00048
1.98000,0.62194,0.99999,0.00000,0.00000,0.00000
2.31000,0.62194,0.99998,0.00000,0.00001,0.00001
2.64000,0.62194,0.99949,0.00001,0.00000,0.00050
2.97000,0.62194,0.99868,0.00005,0.00006,0.00122
3.30000,0.62194,0.99642,0.00000,0.00001,0.00357
3.63000,0.62194,0.99730,0.00002,0.00036,0.00233
3.96000,0.62194,0.99546,0.00000,0.00007,0.00447
4.29000,0.62194,0.96891,0.00010,0.00011,0.03087
4.62000,0.62194,0.94734,0.00008,0.00055,0.05203
4.95000,0.62194,0.57197,0.00068,0.00039,0.42696
5.28000,0.62194,0.63861,0.00003,0.00003,0.36134
5.61000,0.62194,0.60932,0.00022,0.00036,0.39010
5.94000,0.62194,0.83270,0.00000,0.00305,0.16425
6.27000,0.62194,0.97280,0.00000,0.00017,0.02703
6.60000,0.62194,0.99700,0.00000,0.00003,0.00297
6.93000,0.62194,0.50410,0.00001,0.00010,0.49579
7.26000,0.62194,0.90238,0.00036,0.00010,0.09717
7.59000,0.62194,0.93675,0.00053,0.00010,0.06263
7.92000,0.62194,0.97731,0.00003,0.00004,0.02263
8.25000,0.62194,0.51988,0.00003,0.00008,0.48001
8.58000,0.62194,0.71398,0.00000,0.00001,0.28600
8.91000,0.62194,0.99841,0.00001,0.00002,0.00156
9.24000,0.62194,0.99987,0.00000,0.00011,0.00002
9.57000,0.62194,0.98956,0.00000,0.00065,0.00979
9.90000,0.62194,0.98407,0.00000,0.00003,0.01590
10.23000,0.62194,0.99995,0.00000,0.00000,0.00005
10.56000,0.62194,0.99999,0.00000,0.00000,0.00001
10.89000,0.62194,1.00000,0.00000,0.00000,0.00000
11.22000,0.62194,1.00000,0.00000,0.00000,0.00000
11.55000,0.62194,1.00000,0.00000,0.00000,0.00000
11.88000,0.62194,1.00000,0.00000,0.00000,0.00000
12.21000,0.62194,1.00000,0.00000,0.00000,0.00000
12.54000,0.62194,1.00000,0.00000,0.00000,0.00000
12.87000,0.62194,1.00000,0.00000,0.00000,0.00000
13.20000,0.62194,0.99948,0.00000,0.00002,0.00050
13.53000,0.62194,0.86998,0.00001,0.00003,0.12998
13.86000,0.62194,0.96434,0.00108,0.00009,0.03449
14.19000,0.62194,0.99540,0.00024,0.00004,0.00432
14.52000,0.62194,0.93972,0.00149,0.00075,0.05804
14.85000,0.62194,0.40181,0.00001,0.00072,0.59745
15.18000,0.62194,0.30876,0.00625,0.00036,0.68464
15.51000,0.62194,0.75464,0.00335,0.00011,0.24190
15.84000,0.62194,0.81356,0.00151,0.00006,0.18486
16.17000,0.62194,0.83118,0.00001,0.00017,0.16864
16.50000,0.62194,0.17251,0.00089,0.00082,0.82578
16.83000,0.62194,0.08027,0.00010,0.00019,0.91944
17.16000,0.62194,0.29772,0.00001,0.00065,0.70162
17.49000,0.62194,0.37255,0.00015,0.03730,0.59000
17.82000,0.62194,0.95826,0.00000,0.00008,0.04166
18.15000,0.62194,0.99996,0.00000,0.00000,0.00003
18.48000,0.62194,0.99998,0.00000,0.00000,0.00002
18.81000,0.62194,0.99984,0.00000,0.00001,0.00014
19.14000,0.62194,0.76753,0.00051,0.00029,0.23167
19.47000,0.62194,0.14114,0.04319,0.00006,0.81562
19.80000,0.62194,0.20111,0.00062,0.00002,0.79824
20.13000,0.62194,0.18018,0.00087,0.00017,0.81877
20.46000,0.62194,0.06288,0.00030,0.00028,0.93655
20.79000,0.62194,0.06296,0.00015,0.00010,0.93679
21.12000,0.62194,0.07227,0.00070,0.00015,0.92688
21.45000,0.62194,0.17101,0.00033,0.00014,0.82852
21.78000,0.62194,0.19211,0.00077,0.00059,0.80654
22.11000,0.62194,0.33342,0.00190,0.00060,0.66408
22.44000,0.62194,0.17028,0.00351,0.00116,0.82505
22.77000,0.62194,0.10394,0.00014,0.00006,0.89586
23.10000,0.62194,0.17906,0.00030,0.00012,0.82052
23.43000,0.62194,0.19147,0.00032,0.00013,0.80808
23.76000,0.62194,0.22136,0.00013,0.00009,0.77842
24.09000,0.62194,0.25784,0.00009,0.00012,0.74195
24.42000,0.62194,0.06909,0.00002,0.00001,0.93088
24.75000,0.62194,0.18341,0.00021,0.00031,0.81607
25.08000,0.62194,0.27480,0.00032,0.00018,0.72470
25.41000,0.62194,0.57612,0.00024,0.00013,0.42351
25.74000,0.62194,0.37650,0.00012,0.00011,0.62327
26.07000,0.62194,0.20684,0.00031,0.00009,0.79276
26.40000,0.62194,0.18563,0.00007,0.00008,0.81423
26.73000,0.62194,0.22667,0.00043,0.00025,0.77265
27.06000,0.62194,0.28027,0.00026,0.00017,0.71930
27.39000,0.62194,0.29480,0.00015,0.00013,0.70492
27.72000,0.62194,0.22304,0.00043,0.00017,0.77637
28.05000,0.62194,0.30246,0.00020,0.00025,0.69709
28.38000,0.62194,0.14449,0.00066,0.00022,0.85463
28.71000,0.62194,0.20267,0.00167,0.00192,0.79374
29.04000,0.62194,0.08334,0.00010,0.00008,0.91648
29.37000,0.62194,0.22671,0.00036,0.00011,0.77282
29.70000,0.62194,0.16506,0.00056,0.00037,0.83401
30.03000,0.62194,0.29490,0.00107,0.00029,0.70374
30.36000,0.62194,0.31776,0.00185,0.00024,0.68015
30.69000,0.62194,0.18754,0.00053,0.00042,0.81151
31.02000,0.62194,0.22518,0.00047,0.00017,0.77417
31.35000,0.62194,0.24079,0.00102,0.00022,0.75797
31.68000,0.62194,0.12925,0.00029,0.00008,0.87038
32.01000,0.62194,0.21787,0.00013,0.00012,0.78189
32.34000,0.62194,0.43850,0.00035,0.00021,0.56094
32.67000,0.62194,0.30005,0.00154,0.00040,0.69801
33.00000,0.62194,0.34727,0.00195,0.00024,0.65054
33.33000,0.62194,0.09462,0.00001,0.00000,0.90537
33.66000,0.62194,0.09296,0.00024,0.00007,0.90674
33.99000,0.62194,0.43030,0.00030,0.00014,0.56926
34.32000,0.62194,0.28258,0.00026,0.00020,0.71696
34.65000,0.62194,0.41485,0.00063,0.00030,0.58423
34.98000,0.62194,0.41674,0.00020,0.00026,0.58280
35.31000,0.62194,0.24551,0.00005,0.00008,0.75436
35.64000,0.62194,0.19505,0.00004,0.00006,0.80485
35.97000,0.62194,0.17982,0.00007,0.00008,0.82003
36.30000,0.62194,0.24935,0.00019,0.00010,0.75037
36.63000,0.62194,0.31655,0.00040,0.00013,0.68292
36.96000,0.62194,0.19359,0.00047,0.00018,0.80576
37.29000,0.62194,0.41614,0.00050,0.00017,0.58319
37.62000,0.62194,0.36893,0.00069,0.00022,0.63016
37.95000,0.62194,0.30896,0.00029,0.00013,0.69062
38.28000,0.62194,0.38786,0.00071,0.00022,0.61122
38.61000,0.62194,0.25094,0.00041,0.00015,0.74850
38.94000,0.62194,0.25151,0.00031,0.00023,0.74795
39.27000,0.62194,0.23690,0.00056,0.00021,0.76233
39.60000,0.62194,0.26377,0.00074,0.00019,0.73530
39.93000,0.62194,0.20764,0.00050,0.00016,0.79170
40.26000,0.62194,0.35791,0.00066,0.00017,0.64127
40.59000,0.62194,0.23458,0.00010,0.00006,0.76525
40.92000,0.62194,0.08633,0.00016,0.00014,0.91336
41.25000,0.62194,0.05406,0.00019,0.00009,0.94565
41.58000,0.62194,0.06415,0.00239,0.00020,0.93326
41.91000,0.62194,0.17401,0.00210,0.00042,0.82347
42.24000,0.62194,0.06858,0.00142,0.00017,0.92984
42.57000,0.62194,0.18253,0.00167,0.00025,0.81555
42.90000,0.62194,0.26582,0.00237,0.00025,0.73156
43.23000,0.62194,0.19345,0.00724,0.00044,0.79887
43.56000,0.62194,0.30199,0.00742,0.00037,0.69023
43.89000,0.62194,0.29139,0.00804,0.00063,0.69994
44.22000,0.62194,0.28936,0.01518,0.00085,0.69461
44.55000,0.62194,0.10481,0.00300,0.00032,0.89187
44.88000,0.62194,0.13827,0.00492,0.00035,0.85646
45.21000,0.62194,0.21855,0.01410,0.00066,0.76669
45.54000,0.62194,0.12946,0.00761,0.00073,0.86220
45.87000,0.62194,0.09073,0.00158,0.00011,0.90757
46.20000,0.62194,0.19515,0.00131,0.00027,0.80326
46.53000,0.62194,0.16562,0.01446,0.00050,0.81943
46.86000,0.62194,0.09223,0.00654,0.00013,0.90110
47.19000,0.62194,0.14344,0.00225,0.00009,0.85422
47.52000,0.62194,0.09072,0.00356,0.00016,0.90556
47.85000,0.62194,0.07284,0.00138,0.00020,0.92559
48.18000,0.62194,0.21545,0.00611,0.00067,0.77778
48.51000,0.62194,0.13757,0.00781,0.00057,0.85405
48.84000,0.62194,0.08693,0.00113,0.00060,0.91134
49.17000,0.62194,0.18843,0.00374,0.00047,0.80736
49.50000,0.62194,0.19234,0.02848,0.00167,0.77752
49.83000,0.62194,0.15659,0.00195,0.00032,0.84114
50.16000,0.62194,0.16586,0.00106,0.00017,0.83292
50.49000,0.62194,0.22279,0.00536,0.00055,0.77130
50.82000,0.62194,0.06384,0.00357,0.00039,0.93220
51.15000,0.62194,0.11780,0.01198,0.00017,0.87005
51.48000,0.62194,0.07311,0.00092,0.00004,0.92593
51.81000,0.62194,0.14789,0.00097,0.00017,0.85097
52.14000,0.62194,0.15033,0.00017,0.00010,0.84941
52.47000,0.62194,0.20188,0.00249,0.00043,0.79519
52.80000,0.62194,0.15650,0.00035,0.00018,0.84297
53.13000,0.62194,0.09630,0.00033,0.00052,0.90285
53.46000,0.62194,0.12890,0.00015,0.00012,0.87083
53.79000,0.62194,0.08879,0.00012,0.00013,0.91097
54.12000,0.62194,0.05025,0.00075,0.00025,0.94876
54.45000,0.62194,0.04347,0.00021,0.00015,0.95617
54.78000,0.62194,0.10917,0.00011,0.00005,0.89067
55.11000,0.62194,0.09879,0.00095,0.00047,0.89979
55.44000,0.62194,0.04134,0.00050,0.00011,0.95805
55.77000,0.62194,0.05401,0.00011,0.00006,0.94582
56.10000,0.62194,0.05143,0.00048,0.00071,0.94738
56.43000,0.62194,0.08834,0.00057,0.00012,0.91097
56.76000,0.62194,0.06091,0.00041,0.00019,0.93850
57.09000,0.62194,0.07527,0.00045,0.00013,0.92415
57.42000,0.62194,0.08026,0.00002,0.00003,0.91969
57.75000,0.62194,0.08974,0.00001,0.00002,0.91022
58.08000,0.62194,0.12205,0.00080,0.00089,0.87626
58.41000,0.62194,0.21763,0.00578,0.00091,0.77567
58.74000,0.62194,0.22055,0.00298,0.00059,0.77588
59.07000,0.62194,0.21819,0.00557,0.00010,0.77614
59.40000,0.62194,0.21654,0.00579,0.00051,0.77716
59.73000,0.62194,0.18499,0.01306,0.00142,0.80053
60.06000,0.62194,0.18868,0.00244,0.00028,0.80860
60.39000,0.62194,0.11541,0.00322,0.00038,0.88099
60.72000,0.62194,0.13403,0.00077,0.00010,0.86510
61.05000,0.62194,0.08744,0.00143,0.00073,0.91039
61.38000,0.62194,0.24366,0.00388,0.00046,0.75200
61.71000,0.62194,0.32762,0.02250,0.00269,0.64720
62.04000,0.62194,0.08536,0.00012,0.00004,0.91448
62.37000,0.62194,0.04797,0.00006,0.00003,0.95194
62.70000,0.62194,0.06289,0.00015,0.00022,0.93674
63.03000,0.62194,0.17363,0.00037,0.00019,0.82581
63.36000,0.62194,0.21070,0.00059,0.00016,0.78855
63.69000,0.62194,0.07387,0.00004,0.00002,0.92608
64.02000,0.62194,0.04031,0.00010,0.00004,0.95955
64.35000,0.62194,0.02773,0.00081,0.00003,0.97143
64.68000,0.62194,0.00857,0.00045,0.00001,0.99097
65.01000,0.62193,0.00730,0.00016,0.00000,0.99254
65.34000,0.62194,0.03666,0.00000,0.00000,0.96334
65.67000,0.62194,0.02644,0.00000,0.00000,0.97356
66.00000,0.62194,0.02371,0.00017,0.00009,0.97603
66.33000,0.62193,0.01078,0.00005,0.00001,0.98916
66.66000,0.62193,0.01364,0.00021,0.00002,0.98613
66.99000,0.62194,0.00635,0.00002,0.00000,0.99364
67.32000,0.62194,0.01368,0.00036,0.00003,0.98593
67.65000,0.62193,0.01544,0.00027,0.00003,0.98426
67.98000,0.62193,0.01196,0.00002,0.00001,0.98801
68.31000,0.62194,0.03161,0.00631,0.00004,0.96205
68.64000,0.62194,0.01842,0.00350,0.00001,0.97807
68.97000,0.62193,0.00862,0.00071,0.00001,0.99066
69.30000,0.62193,0.01038,0.00006,0.00001,0.98955
69.63000,0.62194,0.03962,0.11768,0.00002,0.84269
69.96000,0.62194,0.00414,0.00007,0.00000,0.99579
70.29000,0.62193,0.00917,0.00006,0.00002,0.99075
70.62000,0.62193,0.00641,0.00008,0.00000,0.99351
70.95000,0.62194,0.03017,0.00089,0.00006,0.96888
71.28000,0.62194,0.01979,0.00012,0.00005,0.98004
71.61000,0.62194,0.03594,0.00104,0.00007,0.96294
71.94000,0.62193,0.01897,0.00025,0.00002,0.98075
72.27000,0.62194,0.02405,0.00003,0.00001,0.97591
72.60000,0.62194,0.12577,0.00375,0.00009,0.87039
72.93000,0.62194,0.08505,0.00076,0.00006,0.91413
73.26000,0.62193,0.03447,0.00076,0.00009,0.96468
73.59000,0.62194,0.01710,0.00003,0.00001,0.98285
73.92000,0.62194,0.01610,0.00008,0.00001,0.98381
74.25000,0.62194,0.00957,0.00003,0.00000,0.99040
74.58000,0.62193,0.01580,0.00033,0.00003,0.98385
74.91000,0.62193,0.01669,0.00461,0.00015,0.97855
75.24000,0.62194,0.01708,0.00069,0.00011,0.98212
75.57000,0.62194,0.04993,0.00164,0.00003,0.94841
75.90000,0.62193,0.01960,0.00049,0.00000,0.97990
76.23000,0.62193,0.00745,0.00009,0.00000,0.99245
76.56000,0.62194,0.00565,0.00011,0.00000,0.99424
76.89000,0.62194,0.01916,0.00240,0.00012,0.97833
77.22000,0.62193,0.01507,0.00518,0.00002,0.97973
77.55000,0.62193,0.01500,0.02210,0.00001,0.96289
77.88000,0.62194,0.01347,0.00143,0.00003,0.98507
78.21000,0.62194,0.00599,0.00341,0.00000,0.99060
78.54000,0.62193,0.00541,0.00988,0.00000,0.98472
78.87000,0.62193,0.00606,0.00001,0.00000,0.99393
79.20000,0.62194,0.01915,0.00028,0.00008,0.98049
79.53000,0.62194,0.02971,0.00048,0.00008,0.96973
79.86000,0.62194,0.06705,0.00219,0.00051,0.93025
80.19000,0.62193,0.01200,0.00002,0.00000,0.98798
80.52000,0.62194,0.04063,0.00002,0.00001,0.95935
80.85000,0.62194,0.02848,0.00039,0.00002,0.97111
81.18000,0.62194,0.03651,0.00006,0.00017,0.96326
81.51000,0.62193,0.02820,0.00681,0.00025,0.96474
81.84000,0.62194,0.01380,0.00365,0.00006,0.98250
82.17000,0.62194,0.01286,0.00005,0.00000,0.98708
82.50000,0.62194,0.00878,0.00053,0.00002,0.99066
82.83000,0.62193,0.01256,0.00010,0.00000,0.98734
83.16000,0.62193,0.00552,0.00138,0.00000,0.99309
83.49000,0.62194,0.00627,0.00002,0.00000,0.99371
83.82000,0.62194,0.00638,0.02297,0.00000,0.97065
84.15000,0.62193,0.07583,0.00459,0.00007,0.91952
84.48000,0.62193,0.06255,0.00030,0.00002,0.93713
84.81000,0.62194,0.00695,0.00005,0.00000,0.99300
85.14000,0.62194,0.00376,0.00004,0.00000,0.99620
85.47000,0.62193,0.04247,0.03310,0.00016,0.92427
85.80000,0.62193,0.04948,0.00054,0.00000,0.94998
86.13000,0.62194,0.01672,0.00011,0.00000,0.98317
86.46000,0.62194,0.02160,0.00104,0.00000,0.97736
86.79000,0.62193,0.02522,0.00055,0.00001,0.97421
87.12000,0.62193,0.00745,0.00016,0.00000,0.99239
87.45000,0.62194,0.02293,0.00367,0.00011,0.97329
87.78000,0.62194,0.02118,0.00377,0.00015,0.97490
88.11000,0.62194,0.05178,0.00094,0.00005,0.94723
88.44000,0.62193,0.04021,0.00781,0.00010,0.95188
88.77000,0.62194,0.01298,0.00023,0.00001,0.98678
89.10000,0.62194,0.01077,0.00087,0.00001,0.98836
89.43000,0.62194,0.04877,0.00558,0.00008,0.94556
89.76000,0.62193,0.01080,0.00036,0.00000,0.98884
90.09000,0.62194,0.00646,0.00058,0.00000,0.99295
90.42000,0.62194,0.00754,0.00014,0.00000,0.99232
90.75000,0.62194,0.01937,0.00000,0.00000,0.98063
91.08000,0.62193,0.01098,0.00072,0.00001,0.98829
91.41000,0.62193,0.03808,0.10337,0.00010,0.85845
91.74000,0.62194,0.03327,0.38449,0.00004,0.58220
92.07000,0.62194,0.01355,0.00038,0.00001,0.98605
92.40000,0.62193,0.00818,0.00036,0.00001,0.99146
92.73000,0.62193,0.00801,0.00044,0.00000,0.99155
93.06000,0.62194,0.01241,0.00002,0.00000,0.98757
93.39000,0.62194,0.02419,0.00036,0.00000,0.97545
93.72000,0.62193,0.04735,0.00035,0.00004,0.95227
94.05000,0.62193,0.10390,0.01247,0.00004,0.88360
94.38000,0.62194,0.06274,0.00050,0.00003,0.93673
94.71000,0.62194,0.01723,0.00011,0.00001,0.98265
95.04000,0.62193,0.00588,0.00002,0.00000,0.99410
95.37000,0.62193,0.00988,0.00002,0.00000,0.99009
95.70000,0.62194,0.03251,0.01178,0.00007,0.95565
96.03000,0.62194,0.02242,0.00067,0.00001,0.97691
96.36000,0.62194,0.02380,0.00080,0.00003,0.97538
96.69000,0.62193,0.08848,0.00609,0.00001,0.90542
97.02000,0.62194,0.00953,0.00084,0.00002,0.98961
97.35000,0.62194,0.01891,0.00076,0.00006,0.98027
97.68000,0.62194,0.02005,0.00000,0.00000,0.97995
98.01000,0.62193,0.01727,0.00019,0.00001,0.98253
98.34000,0.62194,0.01550,0.00155,0.00003,0.98292
98.67000,0.62194,0.01855,0.00005,0.00001,0.98139
99.00000,0.62194,0.00786,0.00029,0.00001,0.99184
99.33000,0.62193,0.00828,0.00005,0.00000,0.99167
99.66000,0.62193,0.00917,0.00020,0.00001,0.99062
99.99000,0.62194,0.00782,0.00001,0.00000,0.99217
100.32000,0.62194,0.01075,0.00020,0.00001,0.98904
100.65000,0.62193,0.01190,0.00206,0.00001,0.98603
100.98000,0.62193,0.00803,0.00013,0.00000,0.99183
101.31000,0.62194,0.01542,0.00135,0.00001,0.98321
101.64000,0.62194,0.04333,0.00277,0.00006,0.95384
101.97000,0.62193,0.01766,0.00006,0.00013,0.98215
102.30000,0.62193,0.01442,0.00001,0.00000,0.98557
102.63000,0.62194,0.01201,0.00005,0.00001,0.98793
102.96000,0.62194,0.03516,0.00220,0.00007,0.96257
103.29000,0.62193,0.15834,0.00996,0.00023,0.83148
103.62000,0.62193,0.17309,0.01651,0.00007,0.81032
103.95000,0.62194,0.07646,0.00068,0.00004,0.92282
104.28000,0.62194,0.00986,0.00001,0.00000,0.99013
104.61000,0.62194,0.01834,0.00075,0.00007,0.98084
104.94000,0.62193,0.01792,0.00035,0.00005,0.98168
105.27000,0.62194,0.01625,0.00047,0.00004,0.98324
105.60000,0.62194,0.16490,0.00287,0.00011,0.83211
105.93000,0.62194,0.08934,0.00456,0.00006,0.90604
106.26000,0.62193,0.01920,0.00023,0.00003,0.98054
106.59000,0.62194,0.01070,0.00019,0.00000,0.98911
106.92000,0.62194,0.10138,0.01670,0.00018,0.88173
107.25000,0.62194,0.03371,0.00013,0.00002,0.96614
107.58000,0.62193,0.04764,0.00047,0.00006,0.95184
107.91000,0.62193,0.05820,0.00032,0.00009,0.94139
108.24000,0.62194,0.03187,0.00044,0.00004,0.96765
108.57000,0.62194,0.02580,0.00083,0.00017,0.97320
108.90000,0.62193,0.01171,0.00020,0.00000,0.98809
109.23000,0.62193,0.00563,0.00004,0.00000,0.99433
109.56000,0.62194,0.01098,0.00074,0.00001,0.98826
109.89000,0.62194,0.02940,0.00012,0.00000,0.97048
110.22000,0.62193,0.01164,0.00226,0.00003,0.98607
110.55000,0.62193,0.00822,0.00066,0.00000,0.99112
110.88000,0.62194,0.01145,0.00060,0.00001,0.98794
111.21000,0.62194,0.03225,0.00018,0.00000,0.96757
111.54000,0.62193,0.01798,0.00204,0.00001,0.97997
111.87000,0.62193,0.01478,0.00009,0.00000,0.98512
112.20000,0.62194,0.03231,0.00109,0.00004,0.96655
112.53000,0.62194,0.02437,0.00021,0.00003,0.97539
112.86000,0.62194,0.08062,0.00151,0.00024,0.91763
113.19000,0.62193,0.04025,0.00000,0.00001,0.95974
113.52000,0.62194,0.03591,0.00057,0.00040,0.96312
113.85000,0.62194,0.15072,0.00961,0.01306,0.82661
114.18000,0.62194,0.01484,0.02459,0.00002,0.96055
114.51000,0.62193,0.01633,0.00059,0.00002,0.98306
114.84000,0.62194,0.05145,0.00084,0.00023,0.94748
115.17000,0.62194,0.03795,0.00079,0.00059,0.96067
115.50000,0.62194,0.37058,0.00001,0.00003,0.62938
115.83000,0.62193,0.01245,0.00001,0.00000,0.98754
116.16000,0.62193,0.01384,0.00004,0.00001,0.98611
116.49000,0.62194,0.04100,0.00128,0.00004,0.95768
116.82000,0.62194,0.01598,0.00227,0.00001,0.98173
117.15000,0.62193,0.04906,0.00732,0.00008,0.94354
117.48000,0.62193,0.27281,0.00016,0.00215,0.72488
117.81000,0.62194,0.01661,0.00018,0.00001,0.98320
118.14000,0.62194,0.39333,0.01144,0.05245,0.54278
118.47000,0.62193,0.26542,0.00223,0.01780,0.71455
118.80000,0.62193,0.01585,0.00016,0.00001,0.98399
119.13000,0.62194,0.02693,0.00437,0.00005,0.96866
119.46000,0.62194,0.03975,0.02629,0.00008,0.93388
119.79000,0.62193,0.01343,0.00002,0.00000,0.98654
120.12000,0.62193,0.02333,0.00028,0.00001,0.97638
120.45000,0.62194,0.03627,0.00005,0.00000,0.96368
120.78000,0.62194,0.03878,0.00785,0.00018,0.95319
121.11000,0.62194,0.01867,0.00115,0.00007,0.98011
121.44000,0.62193,0.13983,0.18391,0.00039,0.67586
121.77000,0.62194,0.03707,0.00476,0.00010,0.95807
122.10000,0.62194,0.02531,0.00211,0.00006,0.97252
122.43000,0.62194,0.01526,0.00072,0.00001,0.98400
122.76000,0.62193,0.01570,0.00017,0.00002,0.98411
123.09000,0.62194,0.00498,0.00077,0.00001,0.99424
123.42000,0.62194,0.00963,0.00014,0.00001,0.99023
123.75000,0.62194,0.07144,0.05339,0.00002,0.87515
124.08000,0.62193,0.00941,0.00010,0.00000,0.99049
124.41000,0.62193,0.10035,0.01821,0.00001,0.88144
124.74000,0.62194,0.00613,0.00040,0.00000,0.99347
125.07000,0.62194,0.00501,0.00020,0.00000,0.99479
125.40000,0.62193,0.04425,0.04928,0.00004,0.90643
125.73000,0.62193,0.04937,0.02839,0.00003,0.92221
126.06000,0.62194,0.01629,0.00122,0.00002,0.98248
126.39000,0.62194,0.03506,0.08113,0.00013,0.88367
126.72000,0.62193,0.01544,0.00074,0.00001,0.98381
127.05000,0.62193,0.00413,0.00172,0.00000,0.99416
127.38000,0.62194,0.01441,0.00029,0.00000,0.98530
127.71000,0.62194,0.06062,0.00955,0.00008,0.92975
128.03999,0.62195,0.00892,0.00102,0.00001,0.99005
128.37000,0.62195,0.00621,0.00010,0.00000,0.99369
128.70000,0.62193,0.00596,0.00006,0.00000,0.99398
129.03000,0.62193,0.03046,0.00121,0.00002,0.96831
129.36000,0.62193,0.02707,0.00181,0.00006,0.97106
129.69000,0.62193,0.06960,0.01909,0.00018,0.91113
130.02000,0.62193,0.02759,0.00111,0.00002,0.97128
130.35001,0.62193,0.01027,0.00020,0.00000,0.98952
130.67999,0.62195,0.01566,0.00001,0.00000,0.98433
131.00999,0.62195,0.01277,0.00001,0.00000,0.98722
131.34000,0.62195,0.01113,0.00183,0.00002,0.98703
131.67000,0.62193,0.01189,0.00003,0.00000,0.98809
132.00000,0.62193,0.05432,0.00047,0.00003,0.94519
132.33000,0.62193,0.07871,0.00011,0.00004,0.92114
132.66000,0.62193,0.05219,0.00008,0.00001,0.94771
132.99001,0.62193,0.02840,0.00001,0.00000,0.97158
133.32001,0.62193,0.02699,0.00005,0.00001,0.97294
133.64999,0.62195,0.01375,0.00016,0.00000,0.98609
133.98000,0.62195,0.01604,0.03264,0.00001,0.95131
134.31000,0.62193,0.00726,0.00122,0.00001,0.99152
134.64000,0.62193,0.00740,0.00002,0.00000,0.99258
134.97000,0.62193,0.01231,0.00003,0.00000,0.98766
135.30000,0.62193,0.00803,0.00045,0.00000,0.99152
135.63000,0.62193,0.00609,0.00302,0.00000,0.99088
135.96001,0.62193,0.00365,0.00948,0.00000,0.98686
136.28999,0.62195,0.00383,0.01443,0.00000,0.98174
136.62000,0.62195,0.00610,0.00108,0.00000,0.99282
136.95000,0.62193,0.01738,0.00199,0.00001,0.98062
137.28000,0.62193,0.00775,0.00001,0.00000,0.99225
137.61000,0.62193,0.01654,0.00017,0.00001,0.98329
137.94000,0.62193,0.00732,0.00001,0.00000,0.99266
138.27000,0.62193,0.00787,0.00002,0.00000,0.99211
138.60001,0.62193,0.01624,0.00065,0.00000,0.98311
138.92999,0.62195,0.02497,0.00150,0.00001,0.97352
139.25999,0.62195,0.01720,0.00001,0.00000,0.98279
139.59000,0.62195,0.04810,0.01295,0.00018,0.93877
139.92000,0.62193,0.01944,0.00049,0.00002,0.98005
140.25000,0.62193,0.04978,0.00048,0.00007,0.94967
140.58000,0.62193,0.03095,0.00011,0.00002,0.96892
140.91000,0.62193,0.01285,0.00003,0.00000,0.98712
141.24001,0.62193,0.01817,0.01520,0.00002,0.96661
141.57001,0.62193,0.03374,0.00180,0.00001,0.96445
141.89999,0.62195,0.00967,0.00002,0.00000,0.99031
142.23000,0.62195,0.03297,0.00286,0.00005,0.96412
142.56000,0.62193,0.02984,0.00461,0.00009,0.96546
142.89000,0.62193,0.01784,0.00028,0.00001,0.98188
143.22000,0.62193,0.01424,0.00016,0.00000,0.98560
143.55000,0.62193,0.02963,0.00000,0.00000,0.97037
143.88000,0.62193,0.01214,0.00054,0.00001,0.98730
144.21001,0.62193,0.02875,0.00001,0.00001,0.97123
144.53999,0.62195,0.00713,0.00003,0.00000,0.99284
144.87000,0.62195,0.00838,0.00015,0.00001,0.99146
145.20000,0.62193,0.01069,0.00081,0.00002,0.98849
145.53000,0.62193,0.01099,0.01143,0.00002,0.97756
145.86000,0.62193,0.02070,0.00027,0.00001,0.97901
146.19000,0.62193,0.02023,0.00079,0.00002,0.97897
146.52000,0.62193,0.02864,0.00845,0.00004,0.96287
146.85001,0.62193,0.03367,0.00260,0.00002,0.96371
147.17999,0.62195,0.07664,0.00015,0.00027,0.92294
147.50999,0.62195,0.05598,0.00016,0.00095,0.94291
147.84000,0.62195,0.01124,0.00002,0.00000,0.98874
148.17000,0.62193,0.00950,0.00021,0.00001,0.99028
148.50000,0.62193,0.01043,0.00027,0.00000,0.98929
148.83000,0.62193,0.03525,0.00460,0.00003,0.96013
149.16000,0.62193,0.02330,0.06266,0.00004,0.91400
149.49001,0.62193,0.01456,0.00095,0.00001,0.98448
149.82001,0.62193,0.04562,0.00429,0.00043,0.94967
150.14999,0.62195,0.03165,0.00450,0.00018,0.96368
150.48000,0.62195,0.01206,0.00015,0.00002,0.98776
150.81000,0.62193,0.01081,0.00263,0.00003,0.98653
151.14000,0.62193,0.01244,0.00130,0.00001,0.98624
151.47000,0.62193,0.03181,0.00185,0.00002,0.96632
151.80000,0.62193,0.02791,0.00194,0.00001,0.97014
152.13000,0.62193,0.04680,0.00105,0.00001,0.95214
152.46001,0.62193,0.00995,0.00001,0.00000,0.99004
152.78999,0.62195,0.00537,0.00003,0.00000,0.99459
153.12000,0.62195,0.01188,0.00469,0.00003,0.98340
153.45000,0.62193,0.01334,0.00446,0.00003,0.98217
153.78000,0.62193,0.01093,0.00163,0.00003,0.98740
154.11000,0.62193,0.01435,0.00044,0.00000,0.98520
154.44000,0.62193,0.03229,0.00078,0.00003,0.96690
154.77000,0.62193,0.02138,0.00046,0.00004,0.97812
155.10001,0.62193,0.04753,0.00057,0.00004,0.95186
155.42999,0.62195,0.04704,0.00074,0.00019,0.95203
155.75999,0.62195,0.02399,0.00152,0.00030,0.97419
156.09000,0.62195,0.09713,0.00177,0.00011,0.90099
156.42000,0.62193,0.03531,0.00158,0.00013,0.96297
156.75000,0.62193,0.01341,0.00010,0.00000,0.98649
157.08000,0.62193,0.02600,0.00001,0.00002,0.97397
157.41000,0.62193,0.04120,0.00165,0.00010,0.95705
157.74001,0.62193,0.02549,0.00075,0.00003,0.97374
158.07001,0.62193,0.06165,0.01772,0.00010,0.92053
158.39999,0.62195,0.07003,0.00624,0.00003,0.92369
158.73000,0.62195,0.04636,0.00259,0.00013,0.95093
159.06000,0.62193,0.01712,0.00073,0.00001,0.98213
159.39000,0.62193,0.02486,0.00029,0.00000,0.97485
159.72000,0.62193,0.02407,0.00004,0.00001,0.97588
160.05000,0.62193,0.03167,0.00043,0.00006,0.96785
160.38000,0.62193,0.03347,0.00026,0.00001,0.96626
160.71001,0.62193,0.28451,0.00099,0.02903,0.68547
161.03999,0.62195,0.04111,0.00005,0.00009,0.95875
161.37000,0.62195,0.01162,0.00158,0.00002,0.98678
161.70000,0.62193,0.01506,0.00009,0.00001,0.98483
162.03000,0.62193,0.03900,0.00706,0.00006,0.95388
162.36000,0.62193,0.02620,0.00059,0.00002,0.97319
162.69000,0.62193,0.00636,0.00011,0.00000,0.99353
163.02000,0.62193,0.00685,0.00014,0.00000,0.99301
163.35001,0.62193,0.00642,0.00044,0.00001,0.99313
163.67999,0.62195,0.01112,0.00009,0.00000,0.98878
164.00999,0.62195,0.00773,0.00016,0.00000,0.99211
164.34000,0.62195,0.00659,0.00000,0.00000,0.99341
164.67000,0.62193,0.00656,0.00040,0.00000,0.99303
165.00000,0.62193,0.02342,0.00013,0.00000,0.97644
165.33000,0.62193,0.03653,0.00012,0.00004,0.96331
165.66000,0.62193,0.02169,0.00004,0.00001,0.97826
165.99001,0.62193,0.01051,0.00001,0.00000,0.98948
166.32001,0.62193,0.01399,0.00059,0.00000,0.98542
166.64999,0.62195,0.00551,0.00001,0.00000,0.99448
166.98000,0.62195,0.00649,0.00237,0.00000,0.99114
167.31000,0.62193,0.02137,0.02839,0.00001,0.95024
167.64000,0.62193,0.00554,0.00005,0.00000,0.99441
167.97000,0.62193,0.01197,0.00022,0.00001,0.98781
168.30000,0.62193,0.01936,0.00013,0.00001,0.98051
168.63000,0.62193,0.03741,0.00097,0.00001,0.96161
168.96001,0.62193,0.14245,0.01479,0.00006,0.84271
169.28999,0.62195,0.01270,0.00024,0.00002,0.98703
169.62000,0.62195,0.00637,0.00102,0.00000,0.99261
169.95000,0.62193,0.00794,0.00446,0.00000,0.98759
170.28000,0.62193,0.03140,0.00849,0.00007,0.96004
170.61000,0.62193,0.01375,0.00007,0.00001,0.98617
170.94000,0.62193,0.00829,0.00002,0.00000,0.99169
171.27000,0.62193,0.00618,0.00003,0.00000,0.99379
171.60001,0.62193,0.00983,0.00097,0.00001,0.98919
171.92999,0.62195,0.00881,0.00020,0.00000,0.99098
172.25999,0.62195,0.01617,0.00074,0.00002,0.98307
172.59000,0.62195,0.01814,0.00005,0.00000,0.98181
172.92000,0.62193,0.04487,0.00331,0.00001,0.95181
173.25000,0.62193,0.08523,0.02931,0.00016,0.88530
173.58000,0.62193,0.07356,0.00043,0.00013,0.92589
173.91000,0.62193,0.01925,0.00005,0.00001,0.98069
174.24001,0.62193,0.02237,0.00025,0.00001,0.97737
174.57001,0.62193,0.03933,0.00454,0.00031,0.95582
174.89999,0.62195,0.01317,0.00007,0.00000,0.98675
175.23000,0.62195,0.01564,0.00053,0.00003,0.98380
175.56000,0.62193,0.01311,0.00016,0.00001,0.98671
175.89000,0.62193,0.01807,0.00018,0.00000,0.98175
176.22000,0.62193,0.06970,0.00170,0.00004,0.92856
176.55000,0.62193,0.00865,0.00001,0.00000,0.99135
176.88000,0.62193,0.01002,0.00001,0.00000,0.98997
177.21001,0.62193,0.02644,0.00021,0.00006,0.97329
177.53999,0.62195,0.07212,0.00225,0.00050,0.92513
177.87000,0.62195,0.04660,0.00005,0.00006,0.95329
178.20000,0.62193,0.02318,0.00071,0.00000,0.97611
178.53000,0.62193,0.02150,0.00052,0.00004,0.97795
178.86000,0.62193,0.03337,0.00273,0.00023,0.96367
179.19000,0.62193,0.05154,0.00517,0.00009,0.94320
179.52000,0.62193,0.02169,0.00022,0.00002,0.97806
179.85001,0.62193,0.01289,0.00005,0.00000,0.98705
180.17999,0.62195,0.04492,0.00000,0.00000,0.95508
180.50999,0.62195,0.04653,0.00026,0.00008,0.95313
180.84000,0.62195,0.05528,0.00048,0.00007,0.94417
181.17000,0.62193,0.02802,0.00004,0.00001,0.97193
181.50000,0.62193,0.04219,0.00179,0.00014,0.95588
181.83000,0.62193,0.02826,0.00006,0.00002,0.97166
182.16000,0.62193,0.02011,0.00013,0.00005,0.97971
182.49001,0.62193,0.01151,0.00005,0.00001,0.98843
182.82001,0.62193,0.01899,0.00699,0.00003,0.97399
183.14999,0.62195,0.01608,0.00368,0.00001,0.98023
183.48000,0.62195,0.00835,0.00001,0.00000,0.99164
183.81000,0.62193,0.03004,0.00074,0.00002,0.96920
184.14000,0.62193,0.02522,0.00023,0.00006,0.97448
184.47000,0.62193,0.02657,0.00117,0.00026,0.97200
184.80000,0.62193,0.03073,0.00041,0.00003,0.96883
185.13000,0.62193,0.02223,0.00000,0.00000,0.97777
185.46001,0.62193,0.01654,0.00008,0.00001,0.98336
185.78999,0.62195,0.01952,0.00127,0.00007,0.97913
186.12000,0.62195,0.01274,0.00005,0.00000,0.98720
186.45000,0.62193,0.01681,0.00045,0.00017,0.98257
186.78000,0.62193,0.01532,0.00009,0.00001,0.98459
187.11000,0.62193,0.09498,0.00063,0.00025,0.90414
187.44000,0.62193,0.04125,0.00032,0.00009,0.95835
187.77000,0.62193,0.12849,0.00512,0.00007,0.86633
188.10001,0.62193,0.01859,0.00696,0.00011,0.97434
188.42999,0.62195,0.01512,0.00007,0.00001,0.98481
188.75999,0.62195,0.05159,0.00085,0.00013,0.94743
189.09000,0.62195,0.04914,0.00152,0.00030,0.94904
189.42000,0.62193,0.05429,0.00022,0.00006,0.94544
189.75000,0.62193,0.03073,0.00014,0.00011,0.96902
190.08000,0.62193,0.02260,0.00085,0.00004,0.97650
190.41000,0.62193,0.01387,0.00047,0.00003,0.98563
190.74001,0.62193,0.02518,0.00001,0.00000,0.97481
191.07001,0.62193,0.02018,0.00511,0.00015,0.97455
191.39999,0.62195,0.02525,0.00006,0.00001,0.97468
191.73000,0.62195,0.05051,0.00014,0.00003,0.94932
192.06000,0.62193,0.04079,0.00070,0.00006,0.95845
192.39000,0.62193,0.08608,0.00143,0.00010,0.91239
192.72000,0.62193,0.18234,0.00654,0.00027,0.81085
193.05000,0.62193,0.08711,0.00195,0.00033,0.91061
193.38000,0.62193,0.01853,0.00048,0.00001,0.98098
193.71001,0.62193,0.00782,0.00029,0.00000,0.99189
194.03999,0.62195,0.01151,0.00090,0.00000,0.98759
194.37000,0.62195,0.01854,0.00002,0.00000,0.98144
194.70000,0.62193,0.02740,0.00011,0.00002,0.97248
195.03000,0.62193,0.12067,0.00043,0.00400,0.87489
195.36000,0.62193,0.17912,0.00232,0.00156,0.81700
195.69000,0.62193,0.00926,0.00003,0.00000,0.99070
196.02000,0.62193,0.02776,0.00023,0.00001,0.97199
196.35001,0.62193,0.04523,0.00002,0.00001,0.95474
196.67999,0.62195,0.03539,0.00008,0.00001,0.96452
197.00999,0.62195,0.01168,0.00008,0.00001,0.98823
197.34000,0.62195,0.01631,0.00002,0.00000,0.98367
197.67000,0.62193,0.01226,0.00019,0.00001,0.98754
198.00000,0.62193,0.01706,0.00002,0.00000,0.98292
198.33000,0.62193,0.02176,0.00020,0.00002,0.97803
198.66000,0.62193,0.04854,0.00598,0.00001,0.94548
198.99001,0.62193,0.03373,0.00008,0.00001,0.96618
199.32001,0.62193,0.04999,0.00022,0.00010,0.94970
199.64999,0.62195,0.06376,0.00036,0.00112,0.93476
199.98000,0.62195,0.04097,0.00037,0.00015,0.95850
200.31000,0.62193,0.07421,0.00039,0.00005,0.92535
200.64000,0.62193,0.02451,0.00050,0.00003,0.97496
200.97000,0.62193,0.05500,0.17859,0.00003,0.76637
201.30000,0.62193,0.00935,0.00132,0.00000,0.98933
201.63000,0.62193,0.01208,0.00376,0.00001,0.98415
201.96001,0.62193,0.06708,0.02587,0.00010,0.90695
202.28999,0.62195,0.01447,0.00003,0.00000,0.98551
202.62000,0.62195,0.00898,0.00005,0.00000,0.99097
202.95000,0.62193,0.00666,0.00070,0.00000,0.99264
203.28000,0.62193,0.00689,0.00045,0.00000,0.99266
203.61000,0.62193,0.00602,0.00061,0.00000,0.99337
203.94000,0.62193,0.00688,0.00116,0.00000,0.99195
204.27000,0.62193,0.00593,0.00047,0.00000,0.99359
204.60001,0.62193,0.00663,0.00448,0.00000,0.98888
204.92999,0.62195,0.00374,0.00149,0.00000,0.99478
205.25999,0.62195,0.01025,0.00030,0.00001,0.98944
205.59000,0.62195,0.00456,0.00010,0.00000,0.99534
205.92000,0.62193,0.00368,0.00004,0.00000,0.99629
206.25000,0.62193,0.01906,0.00025,0.00003,0.98067
206.58000,0.62193,0.02978,0.00022,0.00009,0.96991
206.91000,0.62193,0.02108,0.00025,0.00012,0.97855
207.24001,0.62193,0.00607,0.00003,0.00000,0.99389
207.57001,0.62193,0.00406,0.00373,0.00000,0.99221
207.89999,0.62195,0.00436,0.00041,0.00000,0.99523
208.23000,0.62195,0.00278,0.00120,0.00000,0.99602
208.56000,0.62193,0.00631,0.01006,0.00001,0.98362
208.89000,0.62193,0.00627,0.00091,0.00000,0.99282
209.22000,0.62193,0.00715,0.00008,0.00001,0.99276
209.55000,0.62193,0.01309,0.00390,0.00003,0.98298
209.88000,0.62193,0.08117,0.03392,0.00004,0.88487
210.21001,0.62193,0.02065,0.00189,0.00005,0.97741
210.53999,0.62195,0.01934,0.00068,0.00003,0.97996
210.87000,0.62195,0.00818,0.00068,0.00002,0.99113
211.20000,0.62193,0.00518,0.00022,0.00000,0.99460
211.53000,0.62193,0.00822,0.00026,0.00001,0.99151
211.86000,0.62193,0.00749,0.00021,0.00000,0.99230
212.19000,0.62193,0.01773,0.00087,0.00001,0.98139
212.52000,0.62193,0.01083,0.00019,0.00001,0.98897
212.85001,0.62193,0.01910,0.00142,0.00004,0.97944
213.17999,0.62195,0.02321,0.00579,0.00004,0.97097
213.50999,0.62195,0.00721,0.00268,0.00000,0.99011
213.84000,0.62195,0.01949,0.00043,0.00000,0.98008
214.17000,0.62193,0.00501,0.00002,0.00000,0.99497
214.50000,0.62193,0.03499,0.00687,0.00001,0.95813
214.83000,0.62193,0.01629,0.00143,0.00002,0.98226
215.16000,0.62193,0.00907,0.00003,0.00000,0.99090
215.49001,0.62193,0.00787,0.00037,0.00001,0.99175
215.82001,0.62193,0.00735,0.03305,0.00001,0.95959
216.14999,0.62195,0.00366,0.00296,0.00000,0.99339
216.48000,0.62195,0.00678,0.00014,0.00000,0.99308
216.81000,0.62193,0.01133,0.00201,0.00001,0.98665
217.14000,0.62193,0.01404,0.00838,0.00003,0.97755
217.47000,0.62193,0.01178,0.00036,0.00000,0.98786
217.80000,0.62193,0.01352,0.00000,0.00000,0.98648
218.13000,0.62193,0.00772,0.00017,0.00000,0.99211
218.46001,0.62193,0.03757,0.00145,0.00005,0.96093
218.78999,0.62195,0.01064,0.00004,0.00000,0.98932
219.12000,0.62195,0.08853,0.05763,0.00017,0.85367
219.45000,0.62193,0.01089,0.00389,0.00001,0.98521
219.78000,0.62193,0.04553,0.15909,0.00004,0.79534
220.11000,0.62193,0.01159,0.00617,0.00000,0.98224
220.44000,0.62193,0.00348,0.00100,0.00000,0.99552
220.77000,0.62193,0.00614,0.00105,0.00000,0.99281
221.10001,0.62193,0.00469,0.00139,0.00000,0.99392
221.42999,0.62195,0.01428,0.00174,0.00000,0.98398
221.75999,0.62195,0.00651,0.00003,0.00000,0.99346
222.09000,0.62195,0.00794,0.00002,0.00000,0.99205
222.42000,0.62193,0.01243,0.00003,0.00000,0.98754
222.75000,0.62193,0.00774,0.00217,0.00001,0.99008
223.08000,0.62193,0.02133,0.00003,0.00000,0.97864
223.41000,0.62193,0.01871,0.00027,0.00000,0.98102
223.74001,0.62193,0.00658,0.00002,0.00000,0.99340
224.07001,0.62193,0.00629,0.00002,0.00000,0.99369
224.39999,0.62195,0.02187,0.00265,0.00002,0.97547
224.73000,0.62195,0.00850,0.00032,0.00000,0.99118
225.06000,0.62193,0.00803,0.00079,0.00000,0.99118
225.39000,0.62193,0.00667,0.00045,0.00000,0.99289
225.72000,0.62193,0.00438,0.00046,0.00000,0.99516
226.05000,0.62193,0.01226,0.00102,0.00004,0.98668
226.38000,0.62193,0.01046,0.00033,0.00000,0.98920
226.71001,0.62193,0.03815,0.25426,0.00000,0.70759
227.03999,0.62195,0.01733,0.00048,0.00001,0.98217
227.37000,0.62195,0.01520,0.00001,0.00000,0.98479
227.70000,0.62193,0.00759,0.00004,0.00000,0.99237
228.03000,0.62193,0.03521,0.00353,0.00006,0.96120
228.36000,0.62193,0.01744,0.00111,0.00001,0.98144
228.69000,0.62193,0.01262,0.00027,0.00000,0.98712
229.02000,0.62193,0.05983,0.00319,0.00005,0.93693
229.35001,0.62193,0.05960,0.00027,0.00003,0.94010
229.67999,0.62195,0.07153,0.00059,0.00049,0.92739
230.00999,0.62195,0.01928,0.00078,0.00004,0.97990
230.34000,0.62195,0.01865,0.00042,0.00004,0.98090
230.67000,0.62193,0.03767,0.00126,0.00008,0.96100
231.00000,0.62193,0.05572,0.00409,0.00019,0.94000
231.33000,0.62193,0.02009,0.00054,0.00000,0.97936
231.66000,0.62193,0.01016,0.00106,0.00002,0.98876
231.99001,0.62193,0.00625,0.00003,0.00000,0.99373
232.32001,0.62193,0.00547,0.00002,0.00000,0.99451
232.64999,0.62195,0.00719,0.00003,0.00000,0.99279
232.98000,0.62195,0.01429,0.00088,0.00006,0.98477
233.31000,0.62193,0.03253,0.00012,0.00021,0.96714
233.64000,0.62193,0.01520,0.00016,0.00001,0.98463
233.97000,0.62193,0.01435,0.00008,0.00000,0.98558
234.30000,0.62193,0.06479,0.00008,0.00003,0.93510
234.63000,0.62193,0.05860,0.00021,0.00008,0.94111
234.96001,0.62193,0.06791,0.00017,0.00004,0.93188
235.28999,0.62195,0.06632,0.00030,0.00004,0.93334
235.62000,0.62195,0.09615,0.00010,0.00006,0.90369
235.95000,0.62193,0.03019,0.00009,0.00016,0.96956
236.28000,0.62193,0.01734,0.00193,0.00001,0.98072
236.61000,0.62193,0.01419,0.00008,0.00002,0.98571
236.94000,0.62193,0.02263,0.00001,0.00000,0.97736
237.27000,0.62193,0.01227,0.00050,0.00001,0.98722
237.60001,0.62193,0.01954,0.00041,0.00000,0.98006
237.92999,0.62195,0.01805,0.00015,0.00002,0.98179
238.25999,0.62195,0.00639,0.00003,0.00000,0.99358
238.59000,0.62195,0.29627,0.01680,0.00022,0.68671
238.92000,0.62193,0.03279,0.00045,0.00001,0.96675
239.25000,0.62193,0.01609,0.00027,0.00000,0.98363
239.58000,0.62193,0.01605,0.00087,0.00000,0.98307
239.91000,0.62193,0.00952,0.00000,0.00000,0.99047
240.24001,0.62193,0.03447,0.00127,0.00009,0.96417
240.57001,0.62193,0.02662,0.00045,0.00007,0.97286
240.89999,0.62195,0.01409,0.00022,0.00000,0.98569
241.23000,0.62195,0.03359,0.00121,0.00032,0.96488
241.56000,0.62193,0.02198,0.00727,0.00012,0.97063
241.89000,0.62193,0.00699,0.00657,0.00001,0.98643
242.22000,0.62193,0.05496,0.01661,0.00013,0.92830
242.55000,0.62193,0.02757,0.06403,0.00004,0.90836
242.88000,0.62193,0.01477,0.00955,0.00002,0.97566
243.21001,0.62193,0.01107,0.01664,0.00003,0.97226
243.53999,0.62195,0.01412,0.06841,0.00003,0.91744
243.87000,0.62195,0.01101,0.00798,0.00000,0.98101
244.20000,0.62193,0.01733,0.00027,0.00001,0.98239
244.53000,0.62193,0.05371,0.00001,0.00000,0.94628
244.86000,0.62193,0.03362,0.00056,0.00025,0.96557
245.19000,0.62193,0.02227,0.00088,0.00018,0.97666
245.52000,0.62193,0.09729,0.00130,0.00024,0.90117
245.85001,0.62193,0.04101,0.00157,0.00008,0.95734
246.17999,0.62195,0.05367,0.00105,0.00011,0.94517
246.50999,0.62195,0.02990,0.00033,0.00005,0.96972
246.84000,0.62195,0.03054,0.00101,0.00019,0.96826
247.17000,0.62193,0.02506,0.00023,0.00003,0.97468
247.50000,0.62193,0.00793,0.00000,0.00000,0.99207
247.83000,0.62193,0.03356,0.00005,0.00001,0.96638
248.16000,0.62193,0.02054,0.00004,0.00001,0.97941
248.49001,0.62193,0.02823,0.00003,0.00001,0.97172
248.82001,0.62193,0.01860,0.00015,0.00000,0.98125
249.14999,0.62195,0.02057,0.00014,0.00004,0.97926
249.48000,0.62195,0.01060,0.00100,0.00003,0.98837
249.81000,0.62193,0.01264,0.00001,0.00000,0.98735
250.14000,0.62193,0.01922,0.00007,0.00000,0.98071
250.47000,0.62193,0.05446,0.00082,0.00005,0.94468
250.80000,0.62193,0.04071,0.00003,0.00001,0.95925
251.13000,0.62193,0.01685,0.00002,0.00001,0.98311
251.46001,0.62193,0.06498,0.00418,0.00030,0.93055
251.78999,0.62195,0.01779,0.00117,0.00005,0.98100
252.12000,0.62195,0.06264,0.00345,0.00003,0.93388
252.45000,0.62193,0.03195,0.00153,0.00007,0.96645
252.78000,0.62193,0.02280,0.00079,0.00001,0.97641
253.11000,0.62193,0.02411,0.00002,0.00001,0.97586
253.44000,0.62193,0.02388,0.00011,0.00003,0.97598
253.77000,0.62193,0.00860,0.00001,0.00000,0.99139
254.10001,0.62193,0.00853,0.00001,0.00000,0.99146
254.42999,0.62195,0.07461,0.00040,0.00004,0.92495
254.75999,0.62195,0.02736,0.00057,0.00004,0.97202
255.09000,0.62195,0.01630,0.00253,0.00000,0.98117
255.42000,0.62193,0.06185,0.00977,0.00002,0.92835
255.75000,0.62195,0.01367,0.00000,0.00000,0.98632
256.07999,0.62195,0.02830,0.00143,0.00017,0.97010
256.41000,0.62195,0.01703,0.00064,0.00001,0.98232
256.73999,0.62195,0.00953,0.00007,0.00000,0.99039
257.07001,0.62192,0.03200,0.00184,0.00002,0.96614
257.39999,0.62195,0.00658,0.00001,0.00000,0.99341
257.73001,0.62192,0.01111,0.00002,0.00000,0.98887
258.06000,0.62195,0.01083,0.00089,0.00001,0.98827
258.39001,0.62192,0.04224,0.01802,0.00006,0.93967
258.72000,0.62195,0.01393,0.00299,0.00001,0.98307
259.04999,0.62195,0.00902,0.00005,0.00000,0.99093
259.38000,0.62192,0.03012,0.00004,0.00000,0.96984
259.70999,0.62195,0.02252,0.00175,0.00004,0.97570
260.04001,0.62192,0.03154,0.00092,0.00007,0.96747
260.37000,0.62195,0.00937,0.00013,0.00003,0.99047
260.70001,0.62192,0.02280,0.00036,0.00001,0.97683
261.03000,0.62195,0.08851,0.00013,0.00003,0.91134
261.35999,0.62195,0.01243,0.00036,0.00001,0.98721
261.69000,0.62195,0.02520,0.00360,0.00001,0.97119
262.01999,0.62195,0.02980,0.00053,0.00002,0.96965
262.35001,0.62192,0.01611,0.00003,0.00000,0.98386
262.67999,0.62195,0.05788,0.00784,0.00001,0.93426
263.01001,0.62192,0.02282,0.00001,0.00000,0.97717
263.34000,0.62195,0.01708,0.00002,0.00000,0.98291
263.67001,0.62192,0.02841,0.00000,0.00000,0.97159
264.00000,0.62195,0.03712,0.00001,0.00000,0.96287
264.32999,0.62195,0.02642,0.00030,0.00007,0.97321
264.66000,0.62195,0.03392,0.00242,0.00002,0.96364
264.98999,0.62195,0.06942,0.00235,0.00008,0.92815
265.32001,0.62192,0.06793,0.00021,0.00003,0.93183
265.64999,0.62195,0.06605,0.00067,0.00007,0.93321
265.98001,0.62192,0.03306,0.00001,0.00000,0.96693
266.31000,0.62195,0.03420,0.00002,0.00002,0.96576
266.64001,0.62192,0.00757,0.00002,0.00000,0.99241
266.97000,0.62195,0.03002,0.00002,0.00000,0.96996
267.29999,0.62195,0.03732,0.00074,0.00007,0.96188
267.63000,0.62192,0.01689,0.00013,0.00004,0.98294
267.95999,0.62195,0.04358,0.00110,0.00006,0.95526
268.29001,0.62192,0.09917,0.00064,0.00014,0.90005
268.62000,0.62195,0.02717,0.00009,0.00004,0.97270
268.95001,0.62192,0.04566,0.00022,0.00012,0.95399
269.28000,0.62195,0.03505,0.00046,0.00004,0.96445
269.60999,0.62195,0.05198,0.00032,0.00006,0.94764
269.94000,0.62195,0.02491,0.00006,0.00001,0.97502
270.26999,0.62195,0.02771,0.00002,0.00001,0.97226
270.60001,0.62192,0.04529,0.00041,0.00009,0.95421
270.92999,0.62195,0.03604,0.00031,0.00004,0.96361
271.26001,0.62192,0.03251,0.00004,0.00002,0.96743
271.59000,0.62195,0.06519,0.00069,0.00015,0.93397
271.92001,0.62192,0.06462,0.00038,0.00013,0.93486
272.25000,0.62195,0.04195,0.00024,0.00008,0.95773
272.57999,0.62195,0.14105,0.00021,0.00004,0.85870
272.91000,0.62195,0.08556,0.00005,0.00001,0.91438
273.23999,0.62195,0.09107,0.00003,0.00003,0.90887
273.57001,0.62192,0.13412,0.00002,0.00002,0.86584
273.89999,0.62195,0.13717,0.00002,0.00002,0.86280
274.23001,0.62192,0.13714,0.00001,0.00002,0.86283
274.56000,0.62195,0.28244,0.00001,0.00017,0.71738
274.89001,0.62192,0.31231,0.00002,0.00002,0.68765
275.22000,0.62195,0.34056,0.00000,0.00005,0.65940
275.54999,0.62195,0.35523,0.00002,0.00007,0.64468
275.88000,0.62192,0.18158,0.00009,0.00021,0.81812
276.20999,0.62195,0.17601,0.00007,0.00004,0.82388
276.54001,0.62192,0.43717,0.00008,0.00011,0.56264
276.87000,0.62195,0.29919,0.01172,0.00248,0.68662
277.20001,0.62192,0.28573,0.00189,0.00183,0.71055
277.53000,0.62195,0.21931,0.00012,0.00002,0.78054
277.85999,0.62195,0.25750,0.00044,0.00015,0.74191
278.19000,0.62195,0.13906,0.00006,0.00018,0.86069
278.51999,0.62195,0.30947,0.00000,0.00000,0.69052
278.85001,0.62192,0.84788,0.00000,0.00000,0.15211
279.17999,0.62195,0.77841,0.00002,0.00001,0.22157
279.51001,0.62192,0.59301,0.00059,0.01746,0.38894
279.84000,0.62195,0.84316,0.00000,0.00001,0.15683
280.17001,0.62192,0.38404,0.00000,0.00002,0.61594
280.50000,0.62195,0.33078,0.00070,0.00011,0.66840
280.82999,0.62195,0.18032,0.00217,0.01589,0.80162
281.16000,0.62195,0.63163,0.00000,0.00157,0.36680
281.48999,0.62195,0.50954,0.00000,0.00049,0.48997
281.82001,0.62192,0.89522,0.00000,0.00002,0.10475
282.14999,0.62195,0.98656,0.00000,0.00033,0.01310
282.48001,0.62192,0.45153,0.00001,0.00126,0.54720
282.81000,0.62195,0.56682,0.00000,0.00054,0.43264
283.14001,0.62192,0.83274,0.00000,0.00011,0.16715
283.47000,0.62195,0.83598,0.00002,0.00187,0.16213
283.79999,0.62195,0.87626,0.00000,0.00016,0.12357
284.13000,0.62192,0.99760,0.00000,0.00002,0.00238
284.45999,0.62195,0.99999,0.00000,0.00000,0.00001
284.79001,0.62192,0.99998,0.00000,0.00000,0.00002
285.12000,0.62195,0.99999,0.00000,0.00000,0.00000
285.45001,0.62192,0.99998,0.00000,0.00000,0.00002
285.78000,0.62195,0.99999,0.00000,0.00000,0.00001
286.10999,0.62195,0.99993,0.00000,0.00000,0.00007
286.44000,0.62195,0.99994,0.00000,0.00000,0.00006
286.76999,0.62195,0.99998,0.00000,0.00002,0.00000
287.10001,0.62192,1.00000,0.00000,0.00000,0.00000
287.42999,0.62195,0.99999,0.00000,0.00000,0.00000
287.76001,0.62192,0.99971,0.00000,0.00002,0.00027
288.09000,0.62195,0.99876,0.00000,0.00001,0.00123
288.42001,0.62192,0.99962,0.00000,0.00001,0.00037
288.75000,0.62195,0.99984,0.00000,0.00001,0.00015
289.07999,0.62195,0.99965,0.00000,0.00000,0.00035
289.41000,0.62195,0.99962,0.00000,0.00001,0.00037
289.73999,0.62195,0.99939,0.00000,0.00001,0.00060
290.07001,0.62192,0.99627,0.00000,0.00003,0.00369
290.39999,0.62195,0.99707,0.00000,0.00002,0.00291
290.73001,0.62192,0.99733,0.00000,0.00004,0.00263
291.06000,0.62195,0.98120,0.00000,0.00003,0.01877
291.39001,0.62192,0.98840,0.00000,0.00002,0.01158
291.72000,0.62195,0.99017,0.00000,0.00001,0.00982
292.04999,0.62195,0.94381,0.00000,0.00002,0.05617
292.38000,0.62192,0.69702,0.00000,0.00001,0.30297
292.70999,0.62195,0.88037,0.00019,0.00029,0.11915
293.04001,0.62192,0.94696,0.00268,0.02220,0.02817
293.37000,0.62195,0.99799,0.00000,0.00005,0.00196
293.70001,0.62192,0.74998,0.00002,0.00006,0.24994
294.03000,0.62195,0.79037,0.00000,0.00004,0.20959
294.35999,0.62195,0.97059,0.00001,0.00003,0.02937
294.69000,0.62195,0.92891,0.00028,0.00112,0.06969
295.01999,0.62195,0.53084,0.00019,0.00029,0.46868
295.35001,0.62192,0.28377,0.00231,0.00040,0.71351
295.67999,0.62195,0.22799,0.00099,0.00020,0.77081
296.01001,0.62192,0.35136,0.00024,0.00009,0.64832
296.34000,0.62195,0.54174,0.00002,0.00006,0.45819
296.67001,0.62192,0.70219,0.00000,0.00003,0.29777
297.00000,0.62195,0.95062,0.00012,0.00198,0.04728
297.32999,0.62195,0.96297,0.00000,0.00000,0.03702
297.66000,0.62195,0.95637,0.00006,0.00006,0.04352
297.98999,0.62195,0.99872,0.00000,0.00001,0.00127
298.32001,0.62192,0.99841,0.00000,0.00001,0.00158
298.64999,0.62195,0.99951,0.00000,0.00001,0.00048
298.98001,0.62192,0.99834,0.00000,0.00007,0.00159
299.31000,0.62195,0.98242,0.00000,0.00002,0.01756
