Time (seconds), Duration (seconds),pred_(unlabeled),pred_brushing_teeth,pred_hair_drying,pred_showering
0.00000,1.02194,1.00000,0.00000,0.00000,0.00000
0.14000,1.02194,1.00000,0.00000,0.00000,0.00000
0.28000,1.02194,1.00000,0.00000,0.00000,0.00000
0.42000,1.02194,1.00000,0.00000,0.00000,0.00000
0.56000,1.02194,1.00000,0.00000,0.00000,0.00000
0.70000,1.02194,1.00000,0.00000,0.00000,0.00000
0.84000,1.02194,1.00000,0.00000,0.00000,0.00000
0.98000,1.02194,1.00000,0.00000,0.00000,0.00000
1.12000,1.02194,0.99995,0.00000,0.00000,0.00005
1.26000,1.02194,0.99983,0.00000,0.00000,0.00017
1.40000,1.02194,0.99966,0.00000,0.00000,0.00034
1.54000,1.02194,0.99993,0.00000,0.00000,0.00007
1.68000,1.02194,0.99993,0.00000,0.00000,0.00007
1.82000,1.02194,0.99908,0.00000,0.00000,0.00092
1.96000,1.02194,0.99992,0.00000,0.00000,0.00008
2.10000,1.02194,0.99995,0.00000,0.00000,0.00005
2.24000,1.02194,0.99958,0.00000,0.00000,0.00042
2.38000,1.02194,0.99892,0.00000,0.00000,0.00108
2.52000,1.02194,0.99809,0.00000,0.00000,0.00191
2.66000,1.02194,0.99961,0.00000,0.00000,0.00039
2.80000,1.02194,0.99977,0.00000,0.00000,0.00023
2.94000,1.02194,0.99976,0.00000,0.00000,0.00024
3.08000,1.02194,0.99971,0.00000,0.00000,0.00029
3.22000,1.02194,0.99964,0.00000,0.00000,0.00036
3.36000,1.02194,0.99995,0.00000,0.00000,0.00005
3.50000,1.02194,0.99995,0.00000,0.00000,0.00005
3.64000,1.02194,0.99992,0.00000,0.00000,0.00008
3.78000,1.02194,0.99994,0.00000,0.00000,0.00006
3.92000,1.02194,0.99985,0.00000,0.00000,0.00015
4.06000,1.02194,0.99993,0.00000,0.00000,0.00007
4.20000,1.02194,0.99998,0.00000,0.00000,0.00002
4.34000,1.02194,0.99999,0.00000,0.00000,0.00001
4.48000,1.02194,0.99997,0.00000,0.00000,0.00002
4.62000,1.02194,0.99999,0.00000,0.00000,0.00001
4.76000,1.02194,0.99999,0.00000,0.00000,0.00001
4.90000,1.02194,1.00000,0.00000,0.00000,0.00000
5.04000,1.02194,1.00000,0.00000,0.00000,0.00000
5.18000,1.02194,1.00000,0.00000,0.00000,0.00000
5.32000,1.02194,1.00000,0.00000,0.00000,0.00000
5.46000,1.02194,1.00000,0.00000,0.00000,0.00000
5.60000,1.02194,1.00000,0.00000,0.00000,0.00000
5.74000,1.02194,1.00000,0.00000,0.00000,0.00000
5.88000,1.02194,1.00000,0.00000,0.00000,0.00000
6.02000,1.02194,1.00000,0.00000,0.00000,0.00000
6.16000,1.02194,1.00000,0.00000,0.00000,0.00000
6.30000,1.02194,1.00000,0.00000,0.00000,0.00000
6.44000,1.02194,0.99972,0.00000,0.00000,0.00028
6.58000,1.02194,0.99977,0.00000,0.00000,0.00023
6.72000,1.02194,0.99968,0.00000,0.00000,0.00032
6.86000,1.02194,0.99984,0.00000,0.00000,0.00016
7.00000,1.02194,0.99990,0.00000,0.00000,0.00010
7.14000,1.02194,0.99997,0.00000,0.00000,0.00003
7.28000,1.02194,0.99999,0.00000,0.00000,0.00001
7.42000,1.02194,1.00000,0.00000,0.00000,0.00000
7.56000,1.02194,0.99999,0.00000,0.00000,0.00001
7.70000,1.02194,0.99998,0.00000,0.00000,0.00002
7.84000,1.02194,1.00000,0.00000,0.00000,0.00000
7.98000,1.02194,0.99998,0.00000,0.00000,0.00002
8.12000,1.02194,0.99997,0.00000,0.00000,0.00003
8.26000,1.02194,0.99998,0.00000,0.00000,0.00002
8.40000,1.02194,0.99996,0.00000,0.00000,0.00004
8.54000,1.02194,0.99999,0.00000,0.00000,0.00001
8.68000,1.02194,1.00000,0.00000,0.00000,0.00000
8.82000,1.02194,1.00000,0.00000,0.00000,0.00000
8.96000,1.02194,1.00000,0.00000,0.00000,0.00000
9.10000,1.02194,1.00000,0.00000,0.00000,0.00000
9.24000,1.02194,1.00000,0.00000,0.00000,0.00000
9.38000,1.02194,1.00000,0.00000,0.00000,0.00000
9.52000,1.02194,0.99998,0.00000,0.00000,0.00002
9.66000,1.02194,0.99989,0.00000,0.00000,0.00011
9.80000,1.02194,0.99980,0.00000,0.00000,0.00020
9.94000,1.02194,0.99827,0.00000,0.00000,0.00173
10.08000,1.02194,0.99665,0.00000,0.00000,0.00335
10.22000,1.02194,0.99345,0.00000,0.00000,0.00655
10.36000,1.02194,0.99576,0.00000,0.00000,0.00424
10.50000,1.02194,0.99102,0.00000,0.00000,0.00898
10.64000,1.02194,0.99382,0.00000,0.00000,0.00618
10.78000,1.02194,0.99064,0.00000,0.00000,0.00936
10.92000,1.02194,0.99640,0.00000,0.00000,0.00360
11.06000,1.02194,0.99719,0.00000,0.00000,0.00281
11.20000,1.02194,0.97762,0.00000,0.00000,0.02238
11.34000,1.02194,0.98904,0.00000,0.00000,0.01096
11.48000,1.02194,0.99745,0.00000,0.00000,0.00255
11.62000,1.02194,0.99454,0.00000,0.00000,0.00546
11.76000,1.02194,0.99842,0.00000,0.00000,0.00158
11.90000,1.02194,0.99983,0.00000,0.00000,0.00017
12.04000,1.02194,0.99998,0.00000,0.00000,0.00002
12.18000,1.02194,0.99998,0.00000,0.00000,0.00002
12.32000,1.02194,0.99999,0.00000,0.00000,0.00001
12.46000,1.02194,0.99997,0.00000,0.00000,0.00003
12.60000,1.02194,1.00000,0.00000,0.00000,0.00000
12.74000,1.02194,1.00000,0.00000,0.00000,0.00000
12.88000,1.02194,1.00000,0.00000,0.00000,0.00000
13.02000,1.02194,0.99995,0.00000,0.00000,0.00005
13.16000,1.02194,0.99990,0.00000,0.00000,0.00010
13.30000,1.02194,0.99960,0.00000,0.00000,0.00040
13.44000,1.02194,0.99961,0.00000,0.00000,0.00039
13.58000,1.02194,0.99544,0.00000,0.00000,0.00456
13.72000,1.02194,0.99897,0.00000,0.00000,0.00103
13.86000,1.02194,0.99938,0.00000,0.00000,0.00062
14.00000,1.02194,0.99848,0.00000,0.00000,0.00152
14.14000,1.02194,0.99979,0.00000,0.00000,0.00021
14.28000,1.02194,0.99982,0.00000,0.00000,0.00018
14.42000,1.02194,0.99793,0.00000,0.00000,0.00207
14.56000,1.02194,0.98227,0.00000,0.00003,0.01770
14.70000,1.02194,0.56783,0.00001,0.00148,0.43068
14.84000,1.02194,0.55835,0.00001,0.00086,0.44079
14.98000,1.02194,0.70543,0.00000,0.00008,0.29449
15.12000,1.02194,0.79086,0.00000,0.00000,0.20913
15.26000,1.02194,0.70563,0.00000,0.00000,0.29437
15.40000,1.02194,0.75624,0.00000,0.00000,0.24375
15.54000,1.02194,0.93104,0.00000,0.00000,0.06896
15.68000,1.02194,0.91751,0.00000,0.00001,0.08249
15.82000,1.02194,0.93645,0.00000,0.00001,0.06354
15.96000,1.02194,0.74445,0.00000,0.00003,0.25553
16.10000,1.02194,0.79888,0.00000,0.00013,0.20099
16.24000,1.02194,0.61684,0.00000,0.00057,0.38259
16.38000,1.02194,0.69267,0.00000,0.00052,0.30681
16.52000,1.02194,0.80810,0.00000,0.00006,0.19183
16.66000,1.02194,0.75795,0.00000,0.00008,0.24197
16.80000,1.02194,0.68838,0.00000,0.00088,0.31074
16.94000,1.02194,0.92533,0.00000,0.00005,0.07462
17.08000,1.02194,0.95494,0.00000,0.00001,0.04505
17.22000,1.02194,0.98958,0.00000,0.00000,0.01042
17.36000,1.02194,0.99957,0.00000,0.00000,0.00043
17.50000,1.02194,0.99982,0.00000,0.00000,0.00018
17.64000,1.02194,0.99997,0.00000,0.00000,0.00003
17.78000,1.02194,0.99998,0.00000,0.00000,0.00002
17.92000,1.02194,0.99999,0.00000,0.00000,0.00001
18.06000,1.02194,0.99999,0.00000,0.00000,0.00001
18.20000,1.02194,0.99996,0.00000,0.00000,0.00004
18.34000,1.02194,0.99990,0.00000,0.00000,0.00010
18.48000,1.02194,0.99978,0.00000,0.00000,0.00022
18.62000,1.02194,0.99981,0.00000,0.00000,0.00019
18.76000,1.02194,0.99790,0.00000,0.00000,0.00210
18.90000,1.02194,0.99375,0.00000,0.00000,0.00625
19.04000,1.02194,0.98862,0.00000,0.00000,0.01138
19.18000,1.02194,0.99805,0.00000,0.00000,0.00195
19.32000,1.02194,0.99553,0.00000,0.00000,0.00447
19.46000,1.02194,0.99776,0.00000,0.00000,0.00224
19.60000,1.02194,0.99992,0.00000,0.00000,0.00008
19.74000,1.02194,0.99999,0.00000,0.00000,0.00001
19.88000,1.02194,1.00000,0.00000,0.00000,0.00000
20.02000,1.02194,1.00000,0.00000,0.00000,0.00000
20.16000,1.02194,1.00000,0.00000,0.00000,0.00000
20.30000,1.02194,1.00000,0.00000,0.00000,0.00000
20.44000,1.02194,1.00000,0.00000,0.00000,0.00000
20.58000,1.02194,0.99999,0.00000,0.00000,0.00001
20.72000,1.02194,1.00000,0.00000,0.00000,0.00000
20.86000,1.02194,1.00000,0.00000,0.00000,0.00000
21.00000,1.02194,1.00000,0.00000,0.00000,0.00000
21.14000,1.02194,1.00000,0.00000,0.00000,0.00000
21.28000,1.02194,1.00000,0.00000,0.00000,0.00000
21.42000,1.02194,1.00000,0.00000,0.00000,0.00000
21.56000,1.02194,1.00000,0.00000,0.00000,0.00000
21.70000,1.02194,1.00000,0.00000,0.00000,0.00000
21.84000,1.02194,1.00000,0.00000,0.00000,0.00000
21.98000,1.02194,1.00000,0.00000,0.00000,0.00000
22.12000,1.02194,0.99999,0.00000,0.00000,0.00001
22.26000,1.02194,0.99999,0.00000,0.00000,0.00001
22.40000,1.02194,0.99999,0.00000,0.00000,0.00001
22.54000,1.02194,0.99998,0.00000,0.00000,0.00002
22.68000,1.02194,0.99998,0.00000,0.00000,0.00002
22.82000,1.02194,0.99998,0.00000,0.00000,0.00002
22.96000,1.02194,0.99999,0.00000,0.00000,0.00001
23.10000,1.02194,1.00000,0.00000,0.00000,0.00000
23.24000,1.02194,1.00000,0.00000,0.00000,0.00000
23.38000,1.02194,1.00000,0.00000,0.00000,0.00000
23.52000,1.02194,1.00000,0.00000,0.00000,0.00000
23.66000,1.02194,1.00000,0.00000,0.00000,0.00000
23.80000,1.02194,1.00000,0.00000,0.00000,0.00000
23.94000,1.02194,1.00000,0.00000,0.00000,0.00000
24.08000,1.02194,1.00000,0.00000,0.00000,0.00000
24.22000,1.02194,1.00000,0.00000,0.00000,0.00000
24.36000,1.02194,1.00000,0.00000,0.00000,0.00000
24.50000,1.02194,1.00000,0.00000,0.00000,0.00000
24.64000,1.02194,1.00000,0.00000,0.00000,0.00000
24.78000,1.02194,1.00000,0.00000,0.00000,0.00000
24.92000,1.02194,1.00000,0.00000,0.00000,0.00000
25.06000,1.02194,1.00000,0.00000,0.00000,0.00000
25.20000,1.02194,0.99999,0.00000,0.00000,0.00001
25.34000,1.02194,0.99998,0.00000,0.00000,0.00002
25.48000,1.02194,0.99999,0.00000,0.00000,0.00001
25.62000,1.02194,0.99999,0.00000,0.00000,0.00001
25.76000,1.02194,1.00000,0.00000,0.00000,0.00000
25.90000,1.02194,1.00000,0.00000,0.00000,0.00000
26.04000,1.02194,1.00000,0.00000,0.00000,0.00000
26.18000,1.02194,1.00000,0.00000,0.00000,0.00000
26.32000,1.02194,1.00000,0.00000,0.00000,0.00000
26.46000,1.02194,1.00000,0.00000,0.00000,0.00000
26.60000,1.02194,1.00000,0.00000,0.00000,0.00000
26.74000,1.02194,1.00000,0.00000,0.00000,0.00000
26.88000,1.02194,1.00000,0.00000,0.00000,0.00000
27.02000,1.02194,1.00000,0.00000,0.00000,0.00000
27.16000,1.02194,1.00000,0.00000,0.00000,0.00000
27.30000,1.02194,1.00000,0.00000,0.00000,0.00000
27.44000,1.02194,1.00000,0.00000,0.00000,0.00000
27.58000,1.02194,1.00000,0.00000,0.00000,0.00000
27.72000,1.02194,1.00000,0.00000,0.00000,0.00000
27.86000,1.02194,1.00000,0.00000,0.00000,0.00000
28.00000,1.02194,1.00000,0.00000,0.00000,0.00000
28.14000,1.02194,1.00000,0.00000,0.00000,0.00000
28.28000,1.02194,1.00000,0.00000,0.00000,0.00000
28.42000,1.02194,1.00000,0.00000,0.00000,0.00000
28.56000,1.02194,1.00000,0.00000,0.00000,0.00000
28.70000,1.02194,1.00000,0.00000,0.00000,0.00000
28.84000,1.02194,1.00000,0.00000,0.00000,0.00000
28.98000,1.02194,0.99924,0.00000,0.00000,0.00076
29.12000,1.02194,0.99565,0.00000,0.00000,0.00435
29.26000,1.02194,0.99366,0.00000,0.00000,0.00634
29.40000,1.02194,0.98422,0.00000,0.00000,0.01578
29.54000,1.02194,0.97027,0.00000,0.00014,0.02959
29.68000,1.02194,0.96180,0.00005,0.01498,0.02317
29.82000,1.02194,0.88262,0.00009,0.09274,0.02455
29.96000,1.02194,0.90331,0.00007,0.07572,0.02090
30.10000,1.02194,0.91864,0.00004,0.02927,0.05205
30.24000,1.02194,0.90016,0.00002,0.01138,0.08844
30.38000,1.02194,0.96601,0.00000,0.00275,0.03123
30.52000,1.02194,0.98002,0.00000,0.00143,0.01855
30.66000,1.02194,0.95202,0.00000,0.00190,0.04609
30.80000,1.02194,0.96699,0.00000,0.00122,0.03179
30.94000,1.02194,0.97832,0.00000,0.00008,0.02160
31.08000,1.02194,0.99466,0.00000,0.00003,0.00531
31.22000,1.02194,0.99364,0.00000,0.00008,0.00629
31.36000,1.02194,0.94801,0.00000,0.00009,0.05190
31.50000,1.02194,0.88615,0.00000,0.00001,0.11384
31.64000,1.02194,0.87599,0.00000,0.00001,0.12399
31.78000,1.02194,0.93702,0.00002,0.00005,0.06290
31.92000,1.02194,0.96644,0.00007,0.00012,0.03337
32.06000,1.02193,0.96456,0.00009,0.00021,0.03513
32.20000,1.02194,0.96832,0.00024,0.00039,0.03106
32.34000,1.02194,0.98153,0.00003,0.00022,0.01821
32.48000,1.02194,0.98135,0.00001,0.00027,0.01838
32.62000,1.02194,0.98228,0.00000,0.00006,0.01765
32.76000,1.02194,0.94979,0.00000,0.00005,0.05015
32.90000,1.02193,0.96349,0.00000,0.00004,0.03647
33.04000,1.02194,0.89779,0.00000,0.00040,0.10180
33.18000,1.02194,0.57700,0.00000,0.00067,0.42232
33.32000,1.02194,0.74147,0.00003,0.00708,0.25141
33.46000,1.02194,0.77679,0.00037,0.01789,0.20495
33.60000,1.02194,0.80266,0.00084,0.03581,0.16069
33.74000,1.02193,0.79315,0.00000,0.00007,0.20677
33.88000,1.02194,0.98238,0.00000,0.00042,0.01720
34.02000,1.02194,0.97924,0.00001,0.00072,0.02004
34.16000,1.02194,0.98492,0.00000,0.00076,0.01431
34.30000,1.02194,0.97896,0.00000,0.00015,0.02089
34.44000,1.02194,0.98123,0.00000,0.00007,0.01870
34.58000,1.02193,0.93829,0.00000,0.00001,0.06170
34.72000,1.02193,0.62135,0.00000,0.00050,0.37815
34.86000,1.02194,0.37014,0.00000,0.00007,0.62979
35.00000,1.02194,0.57591,0.00000,0.00007,0.42401
35.14000,1.02194,0.89412,0.00001,0.00009,0.10579
35.28000,1.02194,0.63619,0.00000,0.00019,0.36361
35.42000,1.02194,0.84099,0.00000,0.00011,0.15889
35.56000,1.02193,0.90392,0.00001,0.00059,0.09548
35.70000,1.02194,0.94284,0.00003,0.02508,0.03204
35.84000,1.02194,0.97070,0.00001,0.00597,0.02333
35.98000,1.02194,0.90226,0.00000,0.00183,0.09592
36.12000,1.02194,0.85995,0.00000,0.00372,0.13633
36.26000,1.02194,0.88543,0.00010,0.01340,0.10107
36.40000,1.02193,0.88059,0.00080,0.06292,0.05569
36.54000,1.02194,0.84317,0.00076,0.01370,0.14236
36.68000,1.02194,0.83665,0.00000,0.00017,0.16317
36.82000,1.02194,0.98615,0.00000,0.00009,0.01375
36.96000,1.02194,0.99421,0.00001,0.00057,0.00521
37.10000,1.02194,0.99290,0.00000,0.00086,0.00624
37.24000,1.02193,0.98693,0.00000,0.00016,0.01291
37.38000,1.02194,0.98677,0.00000,0.00004,0.01319
37.52000,1.02194,0.96506,0.00000,0.00000,0.03493
37.66000,1.02194,0.95903,0.00000,0.00022,0.04075
37.80000,1.02194,0.96705,0.00000,0.00000,0.03295
37.94000,1.02194,0.98781,0.00000,0.00000,0.01219
38.08000,1.02193,0.99836,0.00000,0.00000,0.00164
38.22000,1.02193,0.99986,0.00000,0.00000,0.00014
38.36000,1.02194,0.99999,0.00000,0.00000,0.00001
38.50000,1.02194,1.00000,0.00000,0.00000,0.00000
38.64000,1.02194,1.00000,0.00000,0.00000,0.00000
38.78000,1.02194,1.00000,0.00000,0.00000,0.00000
38.92000,1.02194,1.00000,0.00000,0.00000,0.00000
39.06000,1.02193,1.00000,0.00000,0.00000,0.00000
39.20000,1.02194,1.00000,0.00000,0.00000,0.00000
39.34000,1.02194,1.00000,0.00000,0.00000,0.00000
39.48000,1.02194,0.99999,0.00000,0.00000,0.00001
39.62000,1.02194,0.99983,0.00000,0.00000,0.00017
39.76000,1.02194,0.99809,0.00000,0.00000,0.00191
39.90000,1.02193,0.99867,0.00000,0.00000,0.00133
40.04000,1.02194,0.99363,0.00000,0.00000,0.00637
40.18000,1.02194,0.99825,0.00000,0.00000,0.00175
40.32000,1.02194,0.99892,0.00000,0.00000,0.00108
40.46000,1.02194,0.99990,0.00000,0.00000,0.00010
40.60000,1.02194,0.99995,0.00000,0.00000,0.00005
40.74000,1.02193,0.99997,0.00000,0.00000,0.00003
40.88000,1.02194,0.99996,0.00000,0.00000,0.00004
41.02000,1.02194,0.99995,0.00000,0.00000,0.00005
41.16000,1.02194,0.99988,0.00000,0.00000,0.00012
41.30000,1.02194,0.99977,0.00000,0.00000,0.00023
41.44000,1.02194,0.99906,0.00000,0.00000,0.00094
41.58000,1.02193,0.99997,0.00000,0.00000,0.00003
41.72000,1.02193,0.99999,0.00000,0.00000,0.00001
41.86000,1.02194,0.99999,0.00000,0.00000,0.00001
42.00000,1.02194,1.00000,0.00000,0.00000,0.00000
42.14000,1.02194,1.00000,0.00000,0.00000,0.00000
42.28000,1.02194,1.00000,0.00000,0.00000,0.00000
42.42000,1.02194,1.00000,0.00000,0.00000,0.00000
42.56000,1.02193,1.00000,0.00000,0.00000,0.00000
42.70000,1.02194,1.00000,0.00000,0.00000,0.00000
42.84000,1.02194,1.00000,0.00000,0.00000,0.00000
42.98000,1.02194,1.00000,0.00000,0.00000,0.00000
43.12000,1.02194,0.99999,0.00000,0.00000,0.00001
43.26000,1.02194,0.99999,0.00000,0.00000,0.00001
43.40000,1.02193,0.99981,0.00000,0.00000,0.00019
43.54000,1.02194,0.99949,0.00000,0.00000,0.00050
43.68000,1.02194,0.99988,0.00000,0.00000,0.00012
43.82000,1.02194,0.99970,0.00000,0.00000,0.00030
43.96000,1.02194,0.99927,0.00000,0.00000,0.00073
44.10000,1.02194,0.99944,0.00000,0.00000,0.00056
44.24000,1.02193,0.99893,0.00000,0.00000,0.00107
44.38000,1.02194,0.99966,0.00000,0.00000,0.00034
44.52000,1.02194,0.99991,0.00000,0.00000,0.00009
44.66000,1.02194,0.99993,0.00000,0.00000,0.00007
44.80000,1.02194,1.00000,0.00000,0.00000,0.00000
44.94000,1.02194,1.00000,0.00000,0.00000,0.00000
45.08000,1.02193,1.00000,0.00000,0.00000,0.00000
45.22000,1.02193,1.00000,0.00000,0.00000,0.00000
45.36000,1.02194,0.99998,0.00000,0.00000,0.00002
45.50000,1.02194,0.99999,0.00000,0.00000,0.00001
45.64000,1.02194,0.99999,0.00000,0.00000,0.00001
45.78000,1.02194,0.99988,0.00000,0.00000,0.00012
45.92000,1.02194,0.99782,0.00000,0.00000,0.00218
46.06000,1.02193,0.99082,0.00000,0.00000,0.00917
46.20000,1.02194,0.99159,0.00000,0.00000,0.00841
46.34000,1.02194,0.98960,0.00000,0.00000,0.01040
46.48000,1.02194,0.99301,0.00000,0.00000,0.00699
46.62000,1.02194,0.99781,0.00000,0.00000,0.00219
46.76000,1.02194,0.98620,0.00000,0.00000,0.01380
46.90000,1.02193,0.99085,0.00000,0.00000,0.00915
47.04000,1.02194,0.99377,0.00000,0.00000,0.00623
47.18000,1.02194,0.99828,0.00000,0.00000,0.00172
47.32000,1.02194,0.99906,0.00000,0.00000,0.00094
47.46000,1.02194,0.99912,0.00000,0.00000,0.00088
47.60000,1.02194,0.99997,0.00000,0.00000,0.00003
47.74000,1.02193,0.99998,0.00000,0.00000,0.00002
47.88000,1.02194,0.99997,0.00000,0.00000,0.00003
48.02000,1.02194,1.00000,0.00000,0.00000,0.00000
48.16000,1.02194,1.00000,0.00000,0.00000,0.00000
48.30000,1.02194,1.00000,0.00000,0.00000,0.00000
48.44000,1.02194,1.00000,0.00000,0.00000,0.00000
48.58000,1.02193,1.00000,0.00000,0.00000,0.00000
48.72000,1.02193,1.00000,0.00000,0.00000,0.00000
48.86000,1.02194,1.00000,0.00000,0.00000,0.00000
49.00000,1.02194,1.00000,0.00000,0.00000,0.00000
49.14000,1.02194,1.00000,0.00000,0.00000,0.00000
49.28000,1.02194,1.00000,0.00000,0.00000,0.00000
49.42000,1.02194,1.00000,0.00000,0.00000,0.00000
49.56000,1.02193,1.00000,0.00000,0.00000,0.00000
49.70000,1.02194,0.99999,0.00000,0.00000,0.00001
49.84000,1.02194,0.99999,0.00000,0.00000,0.00001
49.98000,1.02194,0.99998,0.00000,0.00000,0.00002
50.12000,1.02194,0.99998,0.00000,0.00000,0.00002
50.26000,1.02194,0.99998,0.00000,0.00000,0.00002
50.40000,1.02193,1.00000,0.00000,0.00000,0.00000
50.54000,1.02194,1.00000,0.00000,0.00000,0.00000
50.68000,1.02194,1.00000,0.00000,0.00000,0.00000
50.82000,1.02194,1.00000,0.00000,0.00000,0.00000
50.96000,1.02194,1.00000,0.00000,0.00000,0.00000
51.10000,1.02194,1.00000,0.00000,0.00000,0.00000
51.24000,1.02193,1.00000,0.00000,0.00000,0.00000
51.38000,1.02194,1.00000,0.00000,0.00000,0.00000
51.52000,1.02194,1.00000,0.00000,0.00000,0.00000
51.66000,1.02194,1.00000,0.00000,0.00000,0.00000
51.80000,1.02194,1.00000,0.00000,0.00000,0.00000
51.94000,1.02194,1.00000,0.00000,0.00000,0.00000
52.08000,1.02193,1.00000,0.00000,0.00000,0.00000
52.22000,1.02193,1.00000,0.00000,0.00000,0.00000
52.36000,1.02194,1.00000,0.00000,0.00000,0.00000
52.50000,1.02194,1.00000,0.00000,0.00000,0.00000
52.64000,1.02194,1.00000,0.00000,0.00000,0.00000
52.78000,1.02194,1.00000,0.00000,0.00000,0.00000
52.92000,1.02194,1.00000,0.00000,0.00000,0.00000
53.06000,1.02193,1.00000,0.00000,0.00000,0.00000
53.20000,1.02194,1.00000,0.00000,0.00000,0.00000
53.34000,1.02194,0.99999,0.00000,0.00000,0.00001
53.48000,1.02194,0.99998,0.00000,0.00000,0.00002
53.62000,1.02194,0.99992,0.00000,0.00000,0.00008
53.76000,1.02194,0.99994,0.00000,0.00000,0.00006
53.90000,1.02193,0.99997,0.00000,0.00000,0.00003
54.04000,1.02194,1.00000,0.00000,0.00000,0.00000
54.18000,1.02194,0.99999,0.00000,0.00000,0.00001
54.32000,1.02194,1.00000,0.00000,0.00000,0.00000
54.46000,1.02194,0.99999,0.00000,0.00000,0.00001
54.60000,1.02194,0.99965,0.00000,0.00000,0.00035
54.74000,1.02193,0.99980,0.00000,0.00000,0.00020
54.88000,1.02194,0.99981,0.00000,0.00000,0.00019
55.02000,1.02194,0.99937,0.00000,0.00000,0.00063
55.16000,1.02194,0.99918,0.00000,0.00000,0.00082
55.30000,1.02194,0.99972,0.00000,0.00000,0.00028
55.44000,1.02194,0.99987,0.00000,0.00000,0.00013
55.58000,1.02193,1.00000,0.00000,0.00000,0.00000
55.72000,1.02193,1.00000,0.00000,0.00000,0.00000
55.86000,1.02194,1.00000,0.00000,0.00000,0.00000
56.00000,1.02194,1.00000,0.00000,0.00000,0.00000
56.14000,1.02194,1.00000,0.00000,0.00000,0.00000
56.28000,1.02194,1.00000,0.00000,0.00000,0.00000
56.42000,1.02194,1.00000,0.00000,0.00000,0.00000
56.56000,1.02193,1.00000,0.00000,0.00000,0.00000
56.70000,1.02194,1.00000,0.00000,0.00000,0.00000
56.84000,1.02194,1.00000,0.00000,0.00000,0.00000
56.98000,1.02194,1.00000,0.00000,0.00000,0.00000
57.12000,1.02194,1.00000,0.00000,0.00000,0.00000
57.26000,1.02194,1.00000,0.00000,0.00000,0.00000
57.40000,1.02193,1.00000,0.00000,0.00000,0.00000
57.54000,1.02194,1.00000,0.00000,0.00000,0.00000
57.68000,1.02194,1.00000,0.00000,0.00000,0.00000
57.82000,1.02194,1.00000,0.00000,0.00000,0.00000
57.96000,1.02194,1.00000,0.00000,0.00000,0.00000
58.10000,1.02194,1.00000,0.00000,0.00000,0.00000
58.24000,1.02193,1.00000,0.00000,0.00000,0.00000
58.38000,1.02194,1.00000,0.00000,0.00000,0.00000
58.52000,1.02194,0.99999,0.00000,0.00000,0.00001
58.66000,1.02194,1.00000,0.00000,0.00000,0.00000
58.80000,1.02194,0.99996,0.00000,0.00000,0.00004
58.94000,1.02194,0.99998,0.00000,0.00000,0.00001
59.08000,1.02193,1.00000,0.00000,0.00000,0.00000
59.22000,1.02193,1.00000,0.00000,0.00000,0.00000
59.36000,1.02194,1.00000,0.00000,0.00000,0.00000
59.50000,1.02194,1.00000,0.00000,0.00000,0.00000
59.64000,1.02194,1.00000,0.00000,0.00000,0.00000
59.78000,1.02194,1.00000,0.00000,0.00000,0.00000
59.92000,1.02194,1.00000,0.00000,0.00000,0.00000
60.06000,1.02193,1.00000,0.00000,0.00000,0.00000
60.20000,1.02194,1.00000,0.00000,0.00000,0.00000
60.34000,1.02194,1.00000,0.00000,0.00000,0.00000
60.48000,1.02194,1.00000,0.00000,0.00000,0.00000
60.62000,1.02194,1.00000,0.00000,0.00000,0.00000
60.76000,1.02194,1.00000,0.00000,0.00000,0.00000
60.90000,1.02193,1.00000,0.00000,0.00000,0.00000
61.04000,1.02194,1.00000,0.00000,0.00000,0.00000
61.18000,1.02194,1.00000,0.00000,0.00000,0.00000
61.32000,1.02194,1.00000,0.00000,0.00000,0.00000
61.46000,1.02194,0.99999,0.00000,0.00000,0.00001
61.60000,1.02194,0.99984,0.00000,0.00000,0.00016
61.74000,1.02193,0.99976,0.00000,0.00000,0.00024
61.88000,1.02194,0.99967,0.00000,0.00000,0.00033
62.02000,1.02194,0.99992,0.00000,0.00000,0.00008
62.16000,1.02194,1.00000,0.00000,0.00000,0.00000
62.30000,1.02194,1.00000,0.00000,0.00000,0.00000
62.44000,1.02194,1.00000,0.00000,0.00000,0.00000
62.58000,1.02193,1.00000,0.00000,0.00000,0.00000
62.72000,1.02193,1.00000,0.00000,0.00000,0.00000
62.86000,1.02194,0.99996,0.00000,0.00000,0.00004
63.00000,1.02193,0.99991,0.00000,0.00000,0.00009
63.14000,1.02193,0.99904,0.00000,0.00000,0.00096
63.28000,1.02194,0.99624,0.00000,0.00000,0.00376
63.42000,1.02194,0.99787,0.00000,0.00000,0.00213
63.56000,1.02194,0.99930,0.00000,0.00000,0.00070
63.70000,1.02194,0.99984,0.00000,0.00000,0.00016
63.84000,1.02194,0.99996,0.00000,0.00000,0.00004
63.98000,1.02194,0.99984,0.00000,0.00000,0.00016
64.12000,1.02193,0.99992,0.00000,0.00000,0.00008
64.26000,1.02193,0.99937,0.00000,0.00000,0.00063
64.40000,1.02193,0.99798,0.00000,0.00000,0.00202
64.54000,1.02193,0.99888,0.00000,0.00000,0.00112
64.68000,1.02193,0.99706,0.00000,0.00000,0.00294
64.82000,1.02193,0.99648,0.00000,0.00000,0.00352
64.96000,1.02194,0.99945,0.00000,0.00000,0.00055
65.10000,1.02194,0.99956,0.00000,0.00000,0.00044
65.24000,1.02194,0.99995,0.00000,0.00000,0.00005
65.38000,1.02194,0.99979,0.00000,0.00000,0.00021
65.52000,1.02194,0.99983,0.00000,0.00000,0.00017
65.66000,1.02193,0.99985,0.00000,0.00000,0.00015
65.80000,1.02193,0.99972,0.00000,0.00000,0.00028
65.94000,1.02193,0.99905,0.00000,0.00000,0.00095
66.08000,1.02193,0.99942,0.00000,0.00000,0.00058
66.22000,1.02193,0.99806,0.00000,0.00000,0.00194
66.36000,1.02193,0.99489,0.00000,0.00000,0.00511
66.50000,1.02193,0.99371,0.00000,0.00000,0.00629
66.64000,1.02193,0.99426,0.00000,0.00000,0.00574
66.78000,1.02194,0.99661,0.00000,0.00000,0.00339
66.92000,1.02194,0.99930,0.00000,0.00000,0.00070
67.06000,1.02194,0.99927,0.00000,0.00000,0.00074
67.20000,1.02194,0.99964,0.00000,0.00000,0.00036
67.34000,1.02194,0.99991,0.00000,0.00000,0.00009
67.48000,1.02193,0.99999,0.00000,0.00000,0.00001
67.62000,1.02193,0.99999,0.00000,0.00000,0.00001
67.76000,1.02193,0.99999,0.00000,0.00000,0.00001
67.90000,1.02193,0.99999,0.00000,0.00000,0.00001
68.04000,1.02193,1.00000,0.00000,0.00000,0.00000
68.18000,1.02193,1.00000,0.00000,0.00000,0.00000
68.32000,1.02193,1.00000,0.00000,0.00000,0.00000
68.46000,1.02194,1.00000,0.00000,0.00000,0.00000
68.60000,1.02194,1.00000,0.00000,0.00000,0.00000
68.74000,1.02194,1.00000,0.00000,0.00000,0.00000
68.88000,1.02194,1.00000,0.00000,0.00000,0.00000
69.02000,1.02194,1.00000,0.00000,0.00000,0.00000
69.16000,1.02193,1.00000,0.00000,0.00000,0.00000
69.30000,1.02193,1.00000,0.00000,0.00000,0.00000
69.44000,1.02193,1.00000,0.00000,0.00000,0.00000
69.58000,1.02193,1.00000,0.00000,0.00000,0.00000
69.72000,1.02193,1.00000,0.00000,0.00000,0.00000
69.86000,1.02193,1.00000,0.00000,0.00000,0.00000
70.00000,1.02193,1.00000,0.00000,0.00000,0.00000
70.14000,1.02193,1.00000,0.00000,0.00000,0.00000
70.28000,1.02194,1.00000,0.00000,0.00000,0.00000
70.42000,1.02194,1.00000,0.00000,0.00000,0.00000
70.56000,1.02194,1.00000,0.00000,0.00000,0.00000
70.70000,1.02194,1.00000,0.00000,0.00000,0.00000
70.84000,1.02194,1.00000,0.00000,0.00000,0.00000
70.98000,1.02193,0.99986,0.00000,0.00000,0.00014
71.12000,1.02193,0.99739,0.00000,0.00000,0.00261
71.26000,1.02193,0.99342,0.00000,0.00001,0.00657
71.40000,1.02193,0.85328,0.00001,0.00160,0.14511
71.54000,1.02193,0.89698,0.00034,0.00328,0.09940
71.68000,1.02193,0.95757,0.00055,0.00049,0.04139
71.82000,1.02193,0.90982,0.01524,0.00145,0.07348
71.96000,1.02194,0.81469,0.07886,0.01127,0.09518
72.10000,1.02194,0.95475,0.00257,0.00017,0.04250
72.24000,1.02194,0.98522,0.00001,0.00000,0.01477
72.38000,1.02194,0.99633,0.00000,0.00000,0.00366
72.52000,1.02194,0.99581,0.00000,0.00000,0.00419
72.66000,1.02193,0.99691,0.00000,0.00000,0.00309
72.80000,1.02193,0.99841,0.00000,0.00000,0.00159
72.94000,1.02193,0.99970,0.00000,0.00000,0.00030
73.08000,1.02193,0.99952,0.00000,0.00000,0.00048
73.22000,1.02193,0.99839,0.00000,0.00000,0.00161
73.36000,1.02193,0.99187,0.00000,0.00000,0.00813
73.50000,1.02193,0.99248,0.00000,0.00001,0.00751
73.64000,1.02193,0.99463,0.00000,0.00001,0.00536
73.78000,1.02194,0.99305,0.00000,0.00001,0.00694
73.92000,1.02194,0.99923,0.00000,0.00000,0.00077
74.06000,1.02194,0.99906,0.00000,0.00000,0.00094
74.20000,1.02194,0.99897,0.00000,0.00000,0.00103
74.34000,1.02194,0.99901,0.00000,0.00001,0.00098
74.48000,1.02193,0.99941,0.00000,0.00000,0.00059
74.62000,1.02193,0.99966,0.00000,0.00007,0.00026
74.76000,1.02193,0.99889,0.00000,0.00006,0.00104
74.90000,1.02193,0.99215,0.00006,0.00103,0.00676
75.04000,1.02193,0.99662,0.00002,0.00189,0.00147
75.18000,1.02193,0.99983,0.00000,0.00000,0.00017
75.32000,1.02193,0.99962,0.00000,0.00000,0.00038
75.46000,1.02194,0.99969,0.00000,0.00000,0.00031
75.60000,1.02194,0.99985,0.00000,0.00000,0.00015
75.74000,1.02194,0.99982,0.00000,0.00001,0.00017
75.88000,1.02194,0.99974,0.00000,0.00000,0.00026
76.02000,1.02194,0.99789,0.00000,0.00017,0.00194
76.16000,1.02193,0.94835,0.00004,0.00681,0.04479
76.30000,1.02193,0.96495,0.00007,0.00502,0.02997
76.44000,1.02193,0.93900,0.00004,0.00173,0.05924
76.58000,1.02193,0.80356,0.00002,0.00032,0.19610
76.72000,1.02193,0.69555,0.00005,0.00035,0.30405
76.86000,1.02193,0.76891,0.00002,0.00012,0.23094
77.00000,1.02193,0.84570,0.00020,0.00084,0.15326
77.14000,1.02193,0.84178,0.00061,0.01517,0.14245
77.28000,1.02194,0.83258,0.00013,0.00412,0.16317
77.42000,1.02194,0.98264,0.00000,0.00016,0.01720
77.56000,1.02194,0.99787,0.00000,0.00000,0.00213
77.70000,1.02194,0.99989,0.00000,0.00000,0.00011
77.84000,1.02194,0.99934,0.00000,0.00000,0.00066
77.98000,1.02193,0.99896,0.00000,0.00000,0.00104
78.12000,1.02193,0.99967,0.00000,0.00000,0.00033
78.26000,1.02193,0.99970,0.00000,0.00000,0.00030
78.40000,1.02193,0.99952,0.00000,0.00003,0.00046
78.54000,1.02193,0.99267,0.00011,0.00154,0.00569
78.68000,1.02193,0.85691,0.00481,0.06631,0.07197
78.82000,1.02193,0.93992,0.00008,0.02436,0.03564
78.96000,1.02194,0.93217,0.00001,0.00049,0.06734
79.10000,1.02194,0.91229,0.00002,0.00042,0.08727
79.24000,1.02194,0.90303,0.00002,0.00023,0.09672
79.38000,1.02194,0.93791,0.00006,0.00217,0.05986
79.52000,1.02194,0.99887,0.00000,0.00000,0.00113
79.66000,1.02193,0.99984,0.00000,0.00000,0.00016
79.80000,1.02193,0.99916,0.00000,0.00001,0.00084
79.94000,1.02193,0.99962,0.00000,0.00008,0.00031
80.08000,1.02193,0.99975,0.00000,0.00008,0.00017
80.22000,1.02193,0.99982,0.00000,0.00002,0.00016
80.36000,1.02193,0.99824,0.00000,0.00001,0.00175
80.50000,1.02193,0.99486,0.00000,0.00004,0.00510
80.64000,1.02193,0.98488,0.00013,0.00155,0.01344
80.78000,1.02194,0.98720,0.00004,0.00730,0.00547
80.92000,1.02194,0.95773,0.00002,0.00102,0.04124
81.06000,1.02194,0.97761,0.00000,0.00003,0.02236
81.20000,1.02194,0.98662,0.00000,0.00002,0.01336
81.34000,1.02194,0.99938,0.00000,0.00000,0.00062
81.48000,1.02193,0.99999,0.00000,0.00000,0.00001
81.62000,1.02193,1.00000,0.00000,0.00000,0.00000
81.76000,1.02193,1.00000,0.00000,0.00000,0.00000
81.90000,1.02193,1.00000,0.00000,0.00000,0.00000
82.04000,1.02193,1.00000,0.00000,0.00000,0.00000
82.18000,1.02193,1.00000,0.00000,0.00000,0.00000
82.32000,1.02193,1.00000,0.00000,0.00000,0.00000
82.46000,1.02194,0.99999,0.00000,0.00000,0.00001
82.60000,1.02194,0.99993,0.00000,0.00000,0.00007
82.74000,1.02194,0.99965,0.00000,0.00000,0.00035
82.88000,1.02194,0.99862,0.00000,0.00000,0.00137
83.02000,1.02194,0.99925,0.00000,0.00002,0.00073
83.16000,1.02193,0.99995,0.00000,0.00000,0.00005
83.30000,1.02193,0.99997,0.00000,0.00000,0.00003
83.44000,1.02193,0.99999,0.00000,0.00000,0.00001
83.58000,1.02193,1.00000,0.00000,0.00000,0.00000
83.72000,1.02193,1.00000,0.00000,0.00000,0.00000
83.86000,1.02193,1.00000,0.00000,0.00000,0.00000
84.00000,1.02193,1.00000,0.00000,0.00000,0.00000
84.14000,1.02193,1.00000,0.00000,0.00000,0.00000
84.28000,1.02194,1.00000,0.00000,0.00000,0.00000
