Time (seconds), Duration (seconds),pred_(unlabeled),pred_brushing_teeth,pred_hair_drying,pred_showering
0.00000,0.12694,0.99998,0.00001,0.00000,0.00000
0.06600,0.12694,0.99998,0.00001,0.00000,0.00000
0.13200,0.12694,0.99998,0.00002,0.00000,0.00000
0.19800,0.12694,0.95310,0.00011,0.04675,0.00005
0.26400,0.12694,0.00049,0.00014,0.99935,0.00001
0.33000,0.12694,0.00030,0.00006,0.99964,0.00000
0.39600,0.12694,0.00032,0.00002,0.99965,0.00000
0.46200,0.12694,0.00063,0.00007,0.99929,0.00001
0.52800,0.12694,0.00040,0.00005,0.99955,0.00001
0.59400,0.12694,0.00033,0.00003,0.99965,0.00000
0.66000,0.12694,0.00013,0.00002,0.99985,0.00000
0.72600,0.12694,0.00026,0.00005,0.99969,0.00000
0.79200,0.12694,0.00023,0.00001,0.99976,0.00000
0.85800,0.12694,0.00080,0.00009,0.99910,0.00001
0.92400,0.12694,0.00015,0.00000,0.99985,0.00000
0.99000,0.12694,0.00038,0.00000,0.99962,0.00000
1.05600,0.12694,0.00089,0.00001,0.99910,0.00000
1.12200,0.12694,0.00105,0.00008,0.99885,0.00002
1.18800,0.12694,0.01736,0.00064,0.97912,0.00287
1.25400,0.12694,0.00479,0.00029,0.99427,0.00064
1.32000,0.12694,0.00543,0.00099,0.99299,0.00059
1.38600,0.12694,0.00242,0.00010,0.99740,0.00009
1.45200,0.12694,0.00138,0.00009,0.99847,0.00007
1.51800,0.12694,0.00070,0.00004,0.99924,0.00002
1.58400,0.12694,0.00040,0.00002,0.99956,0.00001
1.65000,0.12694,0.00075,0.00005,0.99919,0.00002
1.71600,0.12694,0.00126,0.00019,0.99849,0.00006
1.78200,0.12694,0.00126,0.00002,0.99869,0.00003
1.84800,0.12694,0.00044,0.00002,0.99954,0.00000
1.91400,0.12694,0.00014,0.00001,0.99985,0.00000
1.98000,0.12694,0.00057,0.00008,0.99934,0.00001
2.04600,0.12694,0.00101,0.00011,0.99885,0.00003
2.11200,0.12694,0.00031,0.00003,0.99966,0.00000
2.17800,0.12694,0.00010,0.00001,0.99989,0.00000
2.24400,0.12694,0.00026,0.00002,0.99973,0.00000
2.31000,0.12694,0.00031,0.00003,0.99966,0.00000
2.37600,0.12694,0.00015,0.00001,0.99985,0.00000
2.44200,0.12694,0.00015,0.00004,0.99981,0.00000
2.50800,0.12694,0.00011,0.00001,0.99987,0.00000
2.57400,0.12694,0.00006,0.00000,0.99994,0.00000
2.64000,0.12694,0.00010,0.00002,0.99988,0.00000
2.70600,0.12694,0.00008,0.00001,0.99991,0.00000
2.77200,0.12694,0.00015,0.00002,0.99982,0.00000
2.83800,0.12694,0.00013,0.00001,0.99986,0.00000
2.90400,0.12694,0.00003,0.00000,0.99997,0.00000
2.97000,0.12694,0.00016,0.00002,0.99983,0.00000
3.03600,0.12694,0.00005,0.00000,0.99995,0.00000
3.10200,0.12694,0.00007,0.00000,0.99993,0.00000
3.16800,0.12694,0.00123,0.00009,0.99866,0.00002
3.23400,0.12694,0.00023,0.00002,0.99975,0.00000
3.30000,0.12694,0.00008,0.00000,0.99992,0.00000
3.36600,0.12694,0.00034,0.00001,0.99965,0.00000
3.43200,0.12694,0.00015,0.00000,0.99985,0.00000
3.49800,0.12694,0.00028,0.00005,0.99966,0.00000
3.56400,0.12694,0.00013,0.00001,0.99985,0.00000
3.63000,0.12694,0.00019,0.00004,0.99977,0.00000
3.69600,0.12694,0.00040,0.00007,0.99953,0.00001
3.76200,0.12694,0.00045,0.00001,0.99953,0.00000
3.82800,0.12694,0.00064,0.00024,0.99912,0.00001
3.89400,0.12694,0.00009,0.00000,0.99991,0.00000
3.96000,0.12694,0.00005,0.00001,0.99994,0.00000
4.02600,0.12694,0.00005,0.00001,0.99994,0.00000
4.09200,0.12694,0.00002,0.00000,0.99997,0.00000
4.15800,0.12694,0.00007,0.00000,0.99993,0.00000
4.22400,0.12694,0.00017,0.00001,0.99982,0.00000
4.29000,0.12694,0.00010,0.00001,0.99989,0.00000
4.35600,0.12694,0.00099,0.00008,0.99891,0.00002
4.42200,0.12694,0.00050,0.00003,0.99946,0.00000
4.48800,0.12694,0.00013,0.00001,0.99987,0.00000
4.55400,0.12694,0.00024,0.00001,0.99975,0.00000
4.62000,0.12694,0.00018,0.00002,0.99980,0.00000
4.68600,0.12694,0.00009,0.00000,0.99991,0.00000
4.75200,0.12694,0.00018,0.00002,0.99980,0.00000
4.81800,0.12694,0.00013,0.00001,0.99986,0.00000
4.88400,0.12694,0.00029,0.00001,0.99970,0.00000
4.95000,0.12694,0.00010,0.00000,0.99990,0.00000
5.01600,0.12694,0.00035,0.00004,0.99960,0.00001
5.08200,0.12694,0.00014,0.00000,0.99986,0.00000
5.14800,0.12694,0.00006,0.00000,0.99994,0.00000
5.21400,0.12694,0.00009,0.00001,0.99990,0.00000
5.28000,0.12694,0.00044,0.00007,0.99949,0.00000
5.34600,0.12694,0.00027,0.00003,0.99969,0.00000
5.41200,0.12694,0.00025,0.00003,0.99972,0.00000
5.47800,0.12694,0.00018,0.00001,0.99981,0.00000
5.54400,0.12694,0.00136,0.00017,0.99844,0.00002
5.61000,0.12694,0.00149,0.00038,0.99810,0.00003
5.67600,0.12694,0.00026,0.00002,0.99971,0.00000
5.74200,0.12694,0.00017,0.00000,0.99983,0.00000
5.80800,0.12694,0.00009,0.00001,0.99990,0.00000
5.87400,0.12694,0.00014,0.00006,0.99980,0.00000
5.94000,0.12694,0.00008,0.00000,0.99992,0.00000
6.00600,0.12694,0.00018,0.00004,0.99978,0.00000
6.07200,0.12694,0.00011,0.00001,0.99988,0.00000
6.13800,0.12694,0.00005,0.00000,0.99995,0.00000
6.20400,0.12694,0.00006,0.00000,0.99994,0.00000
6.27000,0.12694,0.00019,0.00003,0.99978,0.00000
6.33600,0.12694,0.00004,0.00001,0.99995,0.00000
6.40200,0.12694,0.00004,0.00001,0.99996,0.00000
6.46800,0.12694,0.00018,0.00001,0.99981,0.00000
6.53400,0.12694,0.00040,0.00006,0.99954,0.00000
6.60000,0.12694,0.00019,0.00008,0.99973,0.00000
6.66600,0.12694,0.00005,0.00000,0.99995,0.00000
6.73200,0.12694,0.00014,0.00001,0.99985,0.00000
6.79800,0.12694,0.00039,0.00001,0.99959,0.00001
6.86400,0.12694,0.00016,0.00001,0.99983,0.00000
6.93000,0.12694,0.00009,0.00001,0.99990,0.00000
6.99600,0.12694,0.00008,0.00000,0.99991,0.00000
7.06200,0.12694,0.00016,0.00002,0.99983,0.00000
7.12800,0.12694,0.00022,0.00004,0.99974,0.00000
7.19400,0.12694,0.00029,0.00001,0.99970,0.00000
7.26000,0.12694,0.00060,0.00019,0.99919,0.00002
7.32600,0.12694,0.00013,0.00000,0.99986,0.00000
7.39200,0.12694,0.00031,0.00001,0.99968,0.00000
7.45800,0.12694,0.00038,0.00005,0.99957,0.00000
7.52400,0.12694,0.00045,0.00003,0.99952,0.00000
7.59000,0.12694,0.00018,0.00001,0.99981,0.00000
7.65600,0.12694,0.00021,0.00001,0.99977,0.00000
7.72200,0.12694,0.00179,0.00014,0.99801,0.00006
7.78800,0.12694,0.00078,0.00021,0.99900,0.00002
7.85400,0.12694,0.00004,0.00000,0.99996,0.00000
7.92000,0.12694,0.00036,0.00015,0.99949,0.00000
7.98600,0.12694,0.00018,0.00000,0.99982,0.00000
8.05200,0.12694,0.00009,0.00000,0.99991,0.00000
8.11800,0.12694,0.00007,0.00001,0.99992,0.00000
8.18400,0.12694,0.00008,0.00000,0.99992,0.00000
8.25000,0.12694,0.00015,0.00001,0.99983,0.00000
8.31600,0.12694,0.00007,0.00000,0.99993,0.00000
8.38200,0.12694,0.00011,0.00001,0.99988,0.00000
8.44800,0.12694,0.00092,0.00012,0.99891,0.00005
8.51400,0.12694,0.00042,0.00010,0.99947,0.00001
8.58000,0.12694,0.00025,0.00001,0.99974,0.00000
8.64600,0.12694,0.00042,0.00001,0.99956,0.00000
8.71200,0.12694,0.00045,0.00003,0.99952,0.00000
8.77800,0.12694,0.00028,0.00006,0.99966,0.00000
8.84400,0.12694,0.00012,0.00001,0.99988,0.00000
8.91000,0.12694,0.00008,0.00000,0.99991,0.00000
8.97600,0.12694,0.00029,0.00000,0.99970,0.00000
9.04200,0.12694,0.00027,0.00001,0.99972,0.00000
9.10800,0.12694,0.01726,0.00019,0.98159,0.00096
9.17400,0.12694,0.00407,0.00007,0.99571,0.00015
9.24000,0.12694,0.00006,0.00000,0.99994,0.00000
9.30600,0.12694,0.00011,0.00000,0.99989,0.00000
9.37200,0.12694,0.00005,0.00000,0.99995,0.00000
9.43800,0.12694,0.00010,0.00006,0.99984,0.00000
9.50400,0.12694,0.00005,0.00001,0.99994,0.00000
9.57000,0.12694,0.00018,0.00002,0.99980,0.00000
9.63600,0.12694,0.00014,0.00002,0.99984,0.00000
9.70200,0.12694,0.00011,0.00002,0.99987,0.00000
9.76800,0.12694,0.00004,0.00001,0.99995,0.00000
9.83400,0.12694,0.00011,0.00000,0.99989,0.00000
9.90000,0.12694,0.00022,0.00001,0.99977,0.00000
9.96600,0.12694,0.00024,0.00003,0.99973,0.00000
10.03200,0.12694,0.00010,0.00000,0.99990,0.00000
10.09800,0.12694,0.00006,0.00000,0.99994,0.00000
10.16400,0.12694,0.00019,0.00001,0.99980,0.00000
10.23000,0.12694,0.00022,0.00002,0.99975,0.00000
10.29600,0.12694,0.00039,0.00007,0.99953,0.00001
10.36200,0.12694,0.00018,0.00002,0.99980,0.00000
10.42800,0.12694,0.00003,0.00000,0.99997,0.00000
10.49400,0.12694,0.00007,0.00001,0.99992,0.00000
10.56000,0.12694,0.00013,0.00007,0.99980,0.00000
10.62600,0.12694,0.00003,0.00000,0.99997,0.00000
10.69200,0.12694,0.00006,0.00001,0.99993,0.00000
10.75800,0.12694,0.00012,0.00001,0.99987,0.00000
10.82400,0.12694,0.00009,0.00000,0.99991,0.00000
10.89000,0.12694,0.00018,0.00001,0.99982,0.00000
10.95600,0.12694,0.00004,0.00000,0.99995,0.00000
11.02200,0.12694,0.00006,0.00001,0.99994,0.00000
11.08800,0.12694,0.00014,0.00004,0.99982,0.00000
11.15400,0.12694,0.00007,0.00000,0.99993,0.00000
11.22000,0.12694,0.00003,0.00000,0.99997,0.00000
11.28600,0.12694,0.00013,0.00003,0.99984,0.00000
11.35200,0.12694,0.00021,0.00009,0.99970,0.00000
11.41800,0.12694,0.00014,0.00004,0.99982,0.00000
11.48400,0.12694,0.00008,0.00001,0.99991,0.00000
11.55000,0.12694,0.00007,0.00001,0.99992,0.00000
11.61600,0.12694,0.00003,0.00000,0.99996,0.00000
11.68200,0.12694,0.00003,0.00001,0.99996,0.00000
11.74800,0.12694,0.00005,0.00000,0.99995,0.00000
11.81400,0.12694,0.00007,0.00000,0.99992,0.00000
11.88000,0.12694,0.00032,0.00002,0.99967,0.00000
11.94600,0.12694,0.00015,0.00001,0.99984,0.00000
12.01200,0.12694,0.00024,0.00002,0.99974,0.00000
12.07800,0.12694,0.00053,0.00011,0.99936,0.00001
12.14400,0.12694,0.00008,0.00001,0.99991,0.00000
12.21000,0.12694,0.00013,0.00011,0.99976,0.00000
12.27600,0.12694,0.00011,0.00007,0.99981,0.00000
12.34200,0.12694,0.00021,0.00005,0.99974,0.00000
12.40800,0.12694,0.00025,0.00006,0.99969,0.00000
12.47400,0.12694,0.00003,0.00001,0.99996,0.00000
12.54000,0.12694,0.00045,0.00021,0.99933,0.00001
12.60600,0.12694,0.00021,0.00001,0.99978,0.00000
12.67200,0.12694,0.00009,0.00000,0.99991,0.00000
12.73800,0.12694,0.00019,0.00003,0.99977,0.00000
12.80400,0.12694,0.00039,0.00019,0.99941,0.00001
12.87000,0.12694,0.00059,0.00013,0.99926,0.00002
12.93600,0.12694,0.00007,0.00001,0.99992,0.00000
13.00200,0.12694,0.00012,0.00000,0.99988,0.00000
13.06800,0.12694,0.00024,0.00006,0.99970,0.00001
13.13400,0.12694,0.00010,0.00001,0.99990,0.00000
13.20000,0.12694,0.00010,0.00003,0.99987,0.00000
13.26600,0.12694,0.00011,0.00001,0.99988,0.00000
13.33200,0.12694,0.00058,0.00022,0.99919,0.00001
13.39800,0.12694,0.00032,0.00006,0.99962,0.00000
13.46400,0.12694,0.00019,0.00002,0.99978,0.00000
13.53000,0.12694,0.00012,0.00002,0.99986,0.00000
13.59600,0.12694,0.00045,0.00018,0.99937,0.00000
13.66200,0.12694,0.00020,0.00005,0.99975,0.00000
13.72800,0.12694,0.00033,0.00009,0.99957,0.00001
13.79400,0.12694,0.00028,0.00003,0.99969,0.00000
13.86000,0.12694,0.00021,0.00001,0.99978,0.00000
13.92600,0.12694,0.00016,0.00000,0.99984,0.00000
13.99200,0.12694,0.00114,0.00014,0.99869,0.00004
14.05800,0.12694,0.00023,0.00002,0.99975,0.00000
14.12400,0.12694,0.00012,0.00002,0.99986,0.00000
14.19000,0.12694,0.00006,0.00000,0.99993,0.00000
14.25600,0.12694,0.00007,0.00000,0.99993,0.00000
14.32200,0.12694,0.00036,0.00004,0.99959,0.00000
14.38800,0.12694,0.00023,0.00005,0.99972,0.00000
14.45400,0.12694,0.00010,0.00001,0.99989,0.00000
14.52000,0.12694,0.00030,0.00004,0.99965,0.00000
14.58600,0.12694,0.00049,0.00011,0.99940,0.00001
14.65200,0.12694,0.00032,0.00002,0.99966,0.00000
14.71800,0.12694,0.00016,0.00004,0.99980,0.00000
14.78400,0.12694,0.00029,0.00006,0.99964,0.00001
14.85000,0.12694,0.00018,0.00001,0.99981,0.00000
14.91600,0.12694,0.00008,0.00001,0.99991,0.00000
14.98200,0.12694,0.00005,0.00000,0.99995,0.00000
15.04800,0.12694,0.00005,0.00000,0.99994,0.00000
15.11400,0.12694,0.00011,0.00001,0.99988,0.00000
15.18000,0.12694,0.00014,0.00001,0.99986,0.00000
15.24600,0.12694,0.00010,0.00001,0.99989,0.00000
15.31200,0.12694,0.00010,0.00001,0.99990,0.00000
15.37800,0.12694,0.00015,0.00006,0.99978,0.00000
15.44400,0.12694,0.00009,0.00004,0.99986,0.00000
15.51000,0.12694,0.00007,0.00001,0.99991,0.00000
15.57600,0.12694,0.00012,0.00001,0.99987,0.00000
15.64200,0.12694,0.00012,0.00000,0.99988,0.00000
15.70800,0.12694,0.00023,0.00003,0.99975,0.00000
15.77400,0.12694,0.00012,0.00001,0.99988,0.00000
15.84000,0.12694,0.00014,0.00005,0.99981,0.00000
15.90600,0.12694,0.00015,0.00002,0.99983,0.00000
15.97200,0.12694,0.00015,0.00003,0.99983,0.00000
16.03800,0.12694,0.00080,0.00033,0.99884,0.00003
16.10400,0.12694,0.00038,0.00006,0.99955,0.00001
16.17000,0.12694,0.00026,0.00008,0.99966,0.00000
16.23600,0.12694,0.00025,0.00006,0.99968,0.00000
16.30200,0.12694,0.00039,0.00003,0.99958,0.00000
16.36800,0.12694,0.00057,0.00006,0.99937,0.00001
16.43400,0.12694,0.00013,0.00003,0.99984,0.00000
16.50000,0.12694,0.00057,0.00027,0.99914,0.00002
16.56600,0.12694,0.00006,0.00002,0.99992,0.00000
16.63200,0.12694,0.00004,0.00000,0.99996,0.00000
16.69800,0.12694,0.00048,0.00006,0.99945,0.00001
16.76400,0.12694,0.00008,0.00001,0.99992,0.00000
16.83000,0.12694,0.00015,0.00001,0.99984,0.00000
16.89600,0.12694,0.00025,0.00003,0.99972,0.00000
16.96200,0.12694,0.00013,0.00000,0.99987,0.00000
17.02800,0.12694,0.00063,0.00006,0.99930,0.00001
17.09400,0.12694,0.00021,0.00006,0.99972,0.00000
17.16000,0.12694,0.00017,0.00003,0.99979,0.00000
17.22600,0.12694,0.00009,0.00001,0.99990,0.00000
17.29200,0.12694,0.00007,0.00001,0.99992,0.00000
17.35800,0.12694,0.00008,0.00000,0.99992,0.00000
17.42400,0.12694,0.00011,0.00000,0.99989,0.00000
17.49000,0.12694,0.00012,0.00001,0.99987,0.00000
17.55600,0.12694,0.00015,0.00003,0.99982,0.00000
17.62200,0.12694,0.00007,0.00001,0.99992,0.00000
17.68800,0.12694,0.00022,0.00011,0.99966,0.00000
17.75400,0.12694,0.00003,0.00000,0.99997,0.00000
17.82000,0.12694,0.00016,0.00002,0.99981,0.00000
17.88600,0.12694,0.00048,0.00007,0.99943,0.00001
17.95200,0.12694,0.00025,0.00001,0.99973,0.00000
18.01800,0.12694,0.00019,0.00002,0.99980,0.00000
18.08400,0.12694,0.00010,0.00000,0.99990,0.00000
18.15000,0.12694,0.00010,0.00000,0.99990,0.00000
18.21600,0.12694,0.00005,0.00000,0.99995,0.00000
18.28200,0.12694,0.00012,0.00003,0.99985,0.00000
18.34800,0.12694,0.00023,0.00002,0.99975,0.00000
18.41400,0.12694,0.00027,0.00002,0.99971,0.00000
18.48000,0.12694,0.00036,0.00006,0.99957,0.00001
18.54600,0.12694,0.00021,0.00003,0.99975,0.00000
18.61200,0.12694,0.00012,0.00003,0.99985,0.00000
18.67800,0.12694,0.00010,0.00001,0.99989,0.00000
18.74400,0.12694,0.00004,0.00000,0.99996,0.00000
18.81000,0.12694,0.00025,0.00004,0.99971,0.00000
18.87600,0.12694,0.00033,0.00004,0.99963,0.00001
18.94200,0.12694,0.00016,0.00002,0.99982,0.00000
19.00800,0.12694,0.00021,0.00003,0.99976,0.00000
19.07400,0.12694,0.00006,0.00001,0.99993,0.00000
19.14000,0.12694,0.00044,0.00010,0.99946,0.00001
19.20600,0.12694,0.00021,0.00003,0.99976,0.00000
19.27200,0.12694,0.00035,0.00027,0.99937,0.00001
19.33800,0.12694,0.00021,0.00001,0.99978,0.00000
19.40400,0.12694,0.00070,0.00008,0.99921,0.00002
19.47000,0.12694,0.00030,0.00002,0.99967,0.00000
19.53600,0.12694,0.00030,0.00002,0.99968,0.00000
19.60200,0.12694,0.00024,0.00003,0.99973,0.00000
19.66800,0.12694,0.00005,0.00000,0.99994,0.00000
19.73400,0.12694,0.00007,0.00002,0.99991,0.00000
19.80000,0.12694,0.00019,0.00003,0.99978,0.00000
19.86600,0.12694,0.00008,0.00000,0.99991,0.00000
19.93200,0.12694,0.00012,0.00004,0.99984,0.00000
19.99800,0.12694,0.00006,0.00000,0.99993,0.00000
20.06400,0.12694,0.00026,0.00001,0.99973,0.00000
20.13000,0.12694,0.00032,0.00003,0.99964,0.00001
20.19600,0.12694,0.00029,0.00001,0.99970,0.00000
20.26200,0.12694,0.00039,0.00001,0.99959,0.00000
20.32800,0.12694,0.00048,0.00005,0.99946,0.00000
20.39400,0.12694,0.00046,0.00002,0.99952,0.00001
20.46000,0.12694,0.00017,0.00002,0.99980,0.00000
20.52600,0.12694,0.00034,0.00002,0.99963,0.00000
20.59200,0.12694,0.00050,0.00005,0.99944,0.00001
20.65800,0.12694,0.00039,0.00005,0.99955,0.00000
20.72400,0.12694,0.00067,0.00011,0.99920,0.00001
20.79000,0.12694,0.00029,0.00011,0.99959,0.00001
20.85600,0.12694,0.00003,0.00000,0.99996,0.00000
20.92200,0.12694,0.00016,0.00003,0.99980,0.00000
20.98800,0.12694,0.00028,0.00009,0.99962,0.00001
21.05400,0.12694,0.00006,0.00007,0.99987,0.00000
21.12000,0.12694,0.00015,0.00001,0.99985,0.00000
21.18600,0.12694,0.00067,0.00006,0.99925,0.00003
21.25200,0.12694,0.00053,0.00010,0.99936,0.00001
21.31800,0.12694,0.00019,0.00001,0.99980,0.00000
21.38400,0.12694,0.00016,0.00001,0.99983,0.00000
21.45000,0.12694,0.00007,0.00000,0.99993,0.00000
21.51600,0.12694,0.00013,0.00001,0.99986,0.00000
21.58200,0.12694,0.00019,0.00001,0.99980,0.00000
21.64800,0.12694,0.00020,0.00001,0.99979,0.00000
21.71400,0.12694,0.00015,0.00001,0.99984,0.00000
21.78000,0.12694,0.00022,0.00006,0.99972,0.00000
21.84600,0.12694,0.00027,0.00007,0.99966,0.00000
21.91200,0.12694,0.00020,0.00004,0.99975,0.00000
21.97800,0.12694,0.00016,0.00002,0.99983,0.00000
22.04400,0.12694,0.00006,0.00000,0.99994,0.00000
22.11000,0.12694,0.00029,0.00001,0.99970,0.00000
22.17600,0.12694,0.00005,0.00000,0.99995,0.00000
22.24200,0.12694,0.00009,0.00000,0.99991,0.00000
22.30800,0.12694,0.00039,0.00001,0.99960,0.00000
22.37400,0.12694,0.00013,0.00001,0.99986,0.00000
22.44000,0.12694,0.00008,0.00001,0.99991,0.00000
22.50600,0.12694,0.00009,0.00000,0.99991,0.00000
22.57200,0.12694,0.00012,0.00000,0.99987,0.00000
22.63800,0.12694,0.00011,0.00001,0.99989,0.00000
22.70400,0.12694,0.00007,0.00002,0.99991,0.00000
22.77000,0.12694,0.00007,0.00000,0.99992,0.00000
22.83600,0.12694,0.00013,0.00001,0.99987,0.00000
22.90200,0.12694,0.00006,0.00001,0.99993,0.00000
22.96800,0.12694,0.00005,0.00000,0.99995,0.00000
23.03400,0.12694,0.00015,0.00001,0.99984,0.00000
23.10000,0.12694,0.00007,0.00000,0.99993,0.00000
23.16600,0.12694,0.00013,0.00002,0.99985,0.00000
23.23200,0.12694,0.00007,0.00003,0.99990,0.00000
23.29800,0.12694,0.00027,0.00001,0.99971,0.00000
23.36400,0.12694,0.00010,0.00001,0.99990,0.00000
23.43000,0.12694,0.00006,0.00001,0.99993,0.00000
23.49600,0.12694,0.00009,0.00003,0.99988,0.00000
23.56200,0.12694,0.00010,0.00001,0.99989,0.00000
23.62800,0.12694,0.00006,0.00001,0.99993,0.00000
23.69400,0.12694,0.00012,0.00003,0.99985,0.00000
23.76000,0.12694,0.00029,0.00005,0.99966,0.00000
23.82600,0.12694,0.00118,0.00033,0.99847,0.00003
23.89200,0.12694,0.00021,0.00001,0.99978,0.00000
23.95800,0.12694,0.00015,0.00001,0.99984,0.00000
24.02400,0.12694,0.00083,0.00012,0.99904,0.00001
24.09000,0.12694,0.00016,0.00002,0.99981,0.00000
24.15600,0.12694,0.00012,0.00000,0.99988,0.00000
24.22200,0.12694,0.00021,0.00001,0.99979,0.00000
24.28800,0.12694,0.00029,0.00001,0.99970,0.00000
24.35400,0.12694,0.00072,0.00004,0.99924,0.00001
24.42000,0.12694,0.00015,0.00005,0.99981,0.00000
24.48600,0.12694,0.00015,0.00001,0.99984,0.00000
24.55200,0.12694,0.00029,0.00002,0.99969,0.00000
24.61800,0.12694,0.00016,0.00001,0.99983,0.00000
24.68400,0.12694,0.00012,0.00000,0.99988,0.00000
24.75000,0.12694,0.00034,0.00001,0.99965,0.00000
24.81600,0.12694,0.00043,0.00008,0.99949,0.00001
24.88200,0.12694,0.00012,0.00000,0.99988,0.00000
24.94800,0.12694,0.00016,0.00001,0.99983,0.00000
25.01400,0.12694,0.00013,0.00000,0.99987,0.00000
25.08000,0.12694,0.00010,0.00000,0.99990,0.00000
25.14600,0.12694,0.00012,0.00000,0.99988,0.00000
25.21200,0.12694,0.00005,0.00000,0.99994,0.00000
25.27800,0.12694,0.00007,0.00002,0.99991,0.00000
25.34400,0.12694,0.00020,0.00001,0.99978,0.00000
25.41000,0.12694,0.00012,0.00000,0.99988,0.00000
25.47600,0.12694,0.00029,0.00008,0.99963,0.00000
25.54200,0.12694,0.00023,0.00003,0.99974,0.00000
25.60800,0.12694,0.00019,0.00003,0.99979,0.00000
25.67400,0.12694,0.00011,0.00001,0.99988,0.00000
25.74000,0.12694,0.00046,0.00002,0.99951,0.00000
25.80600,0.12694,0.00006,0.00000,0.99994,0.00000
25.87200,0.12694,0.00008,0.00001,0.99991,0.00000
25.93800,0.12694,0.00041,0.00005,0.99954,0.00000
26.00400,0.12694,0.00018,0.00001,0.99980,0.00000
26.07000,0.12694,0.00022,0.00000,0.99978,0.00000
26.13600,0.12694,0.00020,0.00000,0.99980,0.00000
26.20200,0.12694,0.00030,0.00002,0.99967,0.00000
26.26800,0.12694,0.00026,0.00002,0.99972,0.00000
26.33400,0.12694,0.00004,0.00000,0.99996,0.00000
26.40000,0.12694,0.00002,0.00000,0.99998,0.00000
26.46600,0.12694,0.00003,0.00000,0.99997,0.00000
26.53200,0.12694,0.00001,0.00000,0.99999,0.00000
26.59800,0.12694,0.00018,0.00008,0.99974,0.00000
26.66400,0.12694,0.00030,0.00002,0.99968,0.00000
26.73000,0.12694,0.00026,0.00002,0.99972,0.00000
26.79600,0.12694,0.00022,0.00003,0.99974,0.00000
26.86200,0.12694,0.00016,0.00001,0.99983,0.00000
26.92800,0.12694,0.00009,0.00001,0.99990,0.00000
26.99400,0.12694,0.00040,0.00006,0.99954,0.00000
27.06000,0.12694,0.00035,0.00004,0.99960,0.00000
27.12600,0.12694,0.00019,0.00004,0.99976,0.00000
27.19200,0.12694,0.00005,0.00001,0.99994,0.00000
27.25800,0.12694,0.00017,0.00007,0.99975,0.00000
27.32400,0.12694,0.00012,0.00003,0.99985,0.00000
27.39000,0.12694,0.00006,0.00001,0.99993,0.00000
27.45600,0.12694,0.00008,0.00004,0.99988,0.00000
27.52200,0.12694,0.00006,0.00001,0.99993,0.00000
27.58800,0.12694,0.00006,0.00000,0.99994,0.00000
27.65400,0.12694,0.00129,0.00024,0.99841,0.00005
27.72000,0.12694,0.00075,0.00015,0.99908,0.00002
27.78600,0.12694,0.00025,0.00001,0.99975,0.00000
27.85200,0.12694,0.00035,0.00004,0.99961,0.00000
27.91800,0.12694,0.00008,0.00001,0.99991,0.00000
27.98400,0.12694,0.00017,0.00003,0.99979,0.00000
28.05000,0.12694,0.00010,0.00001,0.99989,0.00000
28.11600,0.12694,0.00003,0.00000,0.99996,0.00000
28.18200,0.12694,0.00006,0.00001,0.99993,0.00000
28.24800,0.12694,0.00005,0.00000,0.99995,0.00000
28.31400,0.12694,0.00007,0.00002,0.99991,0.00000
28.38000,0.12694,0.00002,0.00000,0.99997,0.00000
28.44600,0.12694,0.00012,0.00001,0.99987,0.00000
28.51200,0.12694,0.00019,0.00001,0.99980,0.00000
28.57800,0.12694,0.00015,0.00001,0.99984,0.00000
28.64400,0.12694,0.00022,0.00007,0.99971,0.00000
28.71000,0.12694,0.00016,0.00002,0.99982,0.00000
28.77600,0.12694,0.00008,0.00000,0.99992,0.00000
28.84200,0.12694,0.00010,0.00002,0.99988,0.00000
28.90800,0.12694,0.00014,0.00002,0.99983,0.00000
28.97400,0.12694,0.00016,0.00003,0.99981,0.00000
29.04000,0.12694,0.00010,0.00002,0.99988,0.00000
29.10600,0.12694,0.00007,0.00001,0.99992,0.00000
29.17200,0.12694,0.00009,0.00002,0.99989,0.00000
29.23800,0.12694,0.00008,0.00001,0.99992,0.00000
29.30400,0.12694,0.00005,0.00001,0.99995,0.00000
29.37000,0.12694,0.00011,0.00002,0.99987,0.00000
29.43600,0.12694,0.00006,0.00000,0.99994,0.00000
29.50200,0.12694,0.00004,0.00000,0.99996,0.00000
29.56800,0.12694,0.00009,0.00001,0.99990,0.00000
29.63400,0.12694,0.00014,0.00001,0.99985,0.00000
29.70000,0.12694,0.00009,0.00009,0.99983,0.00000
29.76600,0.12694,0.00010,0.00002,0.99988,0.00000
29.83200,0.12694,0.00018,0.00001,0.99981,0.00000
29.89800,0.12694,0.00076,0.00023,0.99899,0.00001
29.96400,0.12694,0.00022,0.00001,0.99977,0.00000
30.03000,0.12694,0.00012,0.00001,0.99987,0.00000
30.09600,0.12694,0.00030,0.00002,0.99968,0.00000
30.16200,0.12694,0.00051,0.00004,0.99944,0.00000
30.22800,0.12694,0.00055,0.00003,0.99941,0.00000
