Time (seconds), Duration (seconds),pred_(unlabeled),pred_brushing_teeth,pred_hair_drying,pred_showering
0.00000,0.62194,1.00000,0.00000,0.00000,0.00000
0.33000,0.62194,0.57564,0.00000,0.01224,0.41212
0.66000,0.62194,0.62813,0.00000,0.01528,0.35659
0.99000,0.62194,0.57283,0.00001,0.02542,0.40174
1.32000,0.62194,0.61434,0.00001,0.01279,0.37286
1.65000,0.62194,0.69312,0.00000,0.01292,0.29396
1.98000,0.62194,0.64639,0.00001,0.02296,0.33064
2.31000,0.62194,0.66702,0.00001,0.02669,0.30629
2.64000,0.62194,0.65118,0.00001,0.02469,0.32412
2.97000,0.62194,0.70149,0.00000,0.01867,0.27984
3.30000,0.62194,0.72161,0.00001,0.02796,0.25042
3.63000,0.62194,0.77245,0.00000,0.02634,0.20120
3.96000,0.62194,0.78161,0.00000,0.02132,0.19707
4.29000,0.62194,0.82017,0.00027,0.02319,0.15637
4.62000,0.62194,0.87234,0.00006,0.02164,0.10596
4.95000,0.62194,0.85624,0.00000,0.01942,0.12433
5.28000,0.62194,0.77247,0.00001,0.02024,0.20728
5.61000,0.62194,0.86900,0.00001,0.00716,0.12383
5.94000,0.62194,0.81784,0.00006,0.01252,0.16958
6.27000,0.62194,0.92715,0.00002,0.00127,0.07156
6.60000,0.62194,0.58395,0.00004,0.01062,0.40540
6.93000,0.62194,0.71446,0.00000,0.02144,0.26409
7.26000,0.62194,0.83359,0.00000,0.01523,0.15118
7.59000,0.62194,0.77259,0.00000,0.01902,0.20839
7.92000,0.62194,0.77917,0.00000,0.02263,0.19820
8.25000,0.62194,0.76676,0.00000,0.02752,0.20571
8.58000,0.62194,0.96299,0.00001,0.00543,0.03157
8.91000,0.62194,0.99999,0.00000,0.00000,0.00000
9.24000,0.62194,0.89707,0.00002,0.00499,0.09792
9.57000,0.62194,0.49996,0.00001,0.01829,0.48174
9.90000,0.62194,0.68458,0.00001,0.02326,0.29215
10.23000,0.62194,0.65005,0.00001,0.03893,0.31100
10.56000,0.62194,0.61006,0.00034,0.01849,0.37111
10.89000,0.62194,0.72831,0.00040,0.00036,0.27093
11.22000,0.62194,0.65548,0.00006,0.00055,0.34391
11.55000,0.62194,0.57288,0.00000,0.00546,0.42165
11.88000,0.62194,0.56104,0.00008,0.03866,0.40022
12.21000,0.62194,0.53733,0.00001,0.01275,0.44991
12.54000,0.62194,0.07110,0.00102,0.00070,0.92717
12.87000,0.62194,0.11569,0.00051,0.00015,0.88365
13.20000,0.62194,0.08282,0.00057,0.00010,0.91652
13.53000,0.62194,0.34116,0.00019,0.00010,0.65855
13.86000,0.62194,0.73211,0.01131,0.00012,0.25646
14.19000,0.62194,0.83009,0.00970,0.00003,0.16017
14.52000,0.62194,0.74476,0.00109,0.00015,0.25400
14.85000,0.62194,0.13344,0.00002,0.00001,0.86654
15.18000,0.62194,0.55290,0.00006,0.00011,0.44693
15.51000,0.62194,0.55081,0.00001,0.01064,0.43854
15.84000,0.62194,0.54192,0.00000,0.01792,0.44016
16.17000,0.62194,0.64371,0.00001,0.01531,0.34098
16.50000,0.62194,0.89946,0.00005,0.01574,0.08476
16.83000,0.62194,0.85396,0.00007,0.07214,0.07383
17.16000,0.62194,0.97166,0.00000,0.00037,0.02797
17.49000,0.62194,0.64099,0.00018,0.04003,0.31880
17.82000,0.62194,0.35158,0.00969,0.00142,0.63731
18.15000,0.62194,0.06135,0.00416,0.00024,0.93425
18.48000,0.62194,0.00271,0.00006,0.00000,0.99723
18.81000,0.62194,0.00834,0.00008,0.00002,0.99157
19.14000,0.62194,0.00346,0.00010,0.00000,0.99645
19.47000,0.62194,0.00441,0.00023,0.00001,0.99536
19.80000,0.62194,0.00425,0.00008,0.00001,0.99566
20.13000,0.62194,0.00360,0.00006,0.00000,0.99633
20.46000,0.62194,0.00445,0.00039,0.00001,0.99516
20.79000,0.62194,0.00276,0.00014,0.00000,0.99710
21.12000,0.62194,0.00225,0.00016,0.00000,0.99759
21.45000,0.62194,0.00160,0.00026,0.00000,0.99814
21.78000,0.62194,0.00179,0.00016,0.00000,0.99805
22.11000,0.62194,0.00500,0.00010,0.00000,0.99490
22.44000,0.62194,0.00325,0.00019,0.00000,0.99655
22.77000,0.62194,0.00373,0.00025,0.00000,0.99602
23.10000,0.62194,0.00233,0.00006,0.00000,0.99761
23.43000,0.62194,0.00387,0.00001,0.00000,0.99612
23.76000,0.62194,0.00509,0.00006,0.00000,0.99485
24.09000,0.62194,0.00314,0.00021,0.00000,0.99665
24.42000,0.62194,0.00560,0.00017,0.00001,0.99423
24.75000,0.62194,0.00280,0.00010,0.00000,0.99709
25.08000,0.62194,0.00418,0.00011,0.00000,0.99570
25.41000,0.62194,0.00401,0.00011,0.00001,0.99587
25.74000,0.62194,0.00237,0.00014,0.00000,0.99749
26.07000,0.62194,0.00375,0.00007,0.00000,0.99617
26.40000,0.62194,0.00293,0.00003,0.00000,0.99704
26.73000,0.62194,0.00825,0.00012,0.00004,0.99159
27.06000,0.62194,0.00459,0.00013,0.00000,0.99527
27.39000,0.62194,0.00698,0.00005,0.00002,0.99295
27.72000,0.62194,0.00572,0.00004,0.00000,0.99423
28.05000,0.62194,0.00478,0.00006,0.00001,0.99515
28.38000,0.62194,0.00965,0.00010,0.00003,0.99022
28.71000,0.62194,0.00631,0.00037,0.00001,0.99331
29.04000,0.62194,0.00234,0.00012,0.00000,0.99753
29.37000,0.62194,0.00178,0.00008,0.00000,0.99814
29.70000,0.62194,0.00630,0.00007,0.00002,0.99361
30.03000,0.62194,0.00299,0.00006,0.00000,0.99695
30.36000,0.62194,0.00280,0.00013,0.00000,0.99707
30.69000,0.62194,0.00376,0.00007,0.00000,0.99617
31.02000,0.62194,0.00442,0.00005,0.00000,0.99552
31.35000,0.62194,0.00224,0.00009,0.00000,0.99767
31.68000,0.62194,0.00478,0.00003,0.00001,0.99519
32.01000,0.62194,0.00456,0.00004,0.00000,0.99540
32.34000,0.62194,0.00565,0.00008,0.00001,0.99427
32.67000,0.62194,0.00242,0.00007,0.00000,0.99751
33.00000,0.62194,0.00243,0.00005,0.00000,0.99752
33.33000,0.62194,0.00327,0.00035,0.00000,0.99638
33.66000,0.62194,0.00217,0.00031,0.00000,0.99751
33.99000,0.62194,0.00360,0.00023,0.00000,0.99617
34.32000,0.62194,0.00219,0.00003,0.00000,0.99778
34.65000,0.62194,0.00394,0.00014,0.00001,0.99592
34.98000,0.62194,0.00336,0.00009,0.00000,0.99655
35.31000,0.62194,0.00286,0.00018,0.00000,0.99696
35.64000,0.62194,0.00330,0.00039,0.00001,0.99630
35.97000,0.62194,0.00319,0.00027,0.00001,0.99654
36.30000,0.62194,0.00351,0.00015,0.00000,0.99634
36.63000,0.62194,0.00211,0.00011,0.00000,0.99777
36.96000,0.62194,0.00353,0.00006,0.00000,0.99641
37.29000,0.62194,0.00249,0.00004,0.00000,0.99747
37.62000,0.62194,0.00287,0.00007,0.00000,0.99706
37.95000,0.62194,0.00346,0.00007,0.00000,0.99647
38.28000,0.62194,0.00292,0.00011,0.00000,0.99697
38.61000,0.62194,0.00328,0.00003,0.00000,0.99669
38.94000,0.62194,0.00239,0.00004,0.00000,0.99757
39.27000,0.62194,0.00487,0.00006,0.00000,0.99506
39.60000,0.62194,0.00450,0.00008,0.00001,0.99542
39.93000,0.62194,0.00501,0.00005,0.00001,0.99493
40.26000,0.62194,0.00448,0.00016,0.00000,0.99536
40.59000,0.62194,0.01409,0.00031,0.00002,0.98557
40.92000,0.62194,0.01040,0.00051,0.00001,0.98908
41.25000,0.62194,0.00448,0.00014,0.00001,0.99537
41.58000,0.62194,0.00530,0.00023,0.00002,0.99444
41.91000,0.62194,0.00914,0.00009,0.00004,0.99073
42.24000,0.62194,0.00368,0.00022,0.00000,0.99609
42.57000,0.62194,0.00260,0.00020,0.00000,0.99720
42.90000,0.62194,0.00414,0.00006,0.00000,0.99579
43.23000,0.62194,0.00415,0.00039,0.00000,0.99546
43.56000,0.62194,0.00670,0.00025,0.00002,0.99303
43.89000,0.62194,0.00397,0.00062,0.00001,0.99540
44.22000,0.62194,0.00556,0.00012,0.00001,0.99431
44.55000,0.62194,0.00507,0.00022,0.00001,0.99471
44.88000,0.62194,0.00266,0.00139,0.00000,0.99595
45.21000,0.62194,0.00377,0.00035,0.00000,0.99588
45.54000,0.62194,0.00383,0.00034,0.00000,0.99583
45.87000,0.62194,0.00569,0.00010,0.00001,0.99420
46.20000,0.62194,0.00910,0.00004,0.00002,0.99084
46.53000,0.62194,0.00543,0.00011,0.00000,0.99446
46.86000,0.62194,0.00539,0.00006,0.00000,0.99454
47.19000,0.62194,0.00851,0.00021,0.00002,0.99127
47.52000,0.62194,0.01000,0.00020,0.00003,0.98977
47.85000,0.62194,0.00293,0.00053,0.00000,0.99654
48.18000,0.62194,0.00657,0.00058,0.00002,0.99284
48.51000,0.62194,0.01055,0.00040,0.00005,0.98900
48.84000,0.62194,0.00393,0.00005,0.00000,0.99602
49.17000,0.62194,0.00938,0.00010,0.00000,0.99051
49.50000,0.62194,0.00612,0.00269,0.00002,0.99117
49.83000,0.62194,0.00547,0.00240,0.00001,0.99212
50.16000,0.62194,0.00386,0.00143,0.00000,0.99470
50.49000,0.62194,0.00574,0.00033,0.00002,0.99391
50.82000,0.62194,0.00670,0.00025,0.00001,0.99304
51.15000,0.62194,0.00489,0.00371,0.00000,0.99139
51.48000,0.62194,0.00341,0.00400,0.00000,0.99259
51.81000,0.62194,0.00836,0.00037,0.00002,0.99125
52.14000,0.62194,0.00392,0.00088,0.00001,0.99519
52.47000,0.62194,0.00629,0.00051,0.00002,0.99318
52.80000,0.62194,0.00206,0.00012,0.00000,0.99782
53.13000,0.62194,0.00476,0.00014,0.00001,0.99510
53.46000,0.62194,0.00314,0.00030,0.00000,0.99655
53.79000,0.62194,0.00247,0.00056,0.00000,0.99697
54.12000,0.62194,0.00730,0.00036,0.00002,0.99232
54.45000,0.62194,0.00647,0.00023,0.00002,0.99328
54.78000,0.62194,0.01210,0.00003,0.00006,0.98781
55.11000,0.62194,0.00890,0.00002,0.00003,0.99105
55.44000,0.62194,0.00723,0.00002,0.00000,0.99274
55.77000,0.62194,0.00839,0.00777,0.00001,0.98383
56.10000,0.62194,0.00859,0.00074,0.00003,0.99064
56.43000,0.62194,0.00755,0.00052,0.00002,0.99191
56.76000,0.62194,0.00859,0.00052,0.00000,0.99089
57.09000,0.62194,0.00148,0.00017,0.00000,0.99835
57.42000,0.62194,0.00201,0.00025,0.00000,0.99774
57.75000,0.62194,0.00464,0.00026,0.00001,0.99508
58.08000,0.62194,0.00202,0.00028,0.00000,0.99770
58.41000,0.62194,0.00336,0.00009,0.00000,0.99654
58.74000,0.62194,0.00236,0.00021,0.00000,0.99743
59.07000,0.62194,0.00423,0.00094,0.00001,0.99483
59.40000,0.62194,0.00552,0.00226,0.00002,0.99220
59.73000,0.62194,0.00789,0.00273,0.00004,0.98933
60.06000,0.62194,0.02104,0.02699,0.00002,0.95195
60.39000,0.62194,0.00635,0.00097,0.00001,0.99267
60.72000,0.62194,0.00329,0.00003,0.00000,0.99668
61.05000,0.62194,0.01526,0.00079,0.00008,0.98387
61.38000,0.62194,0.00610,0.00693,0.00000,0.98697
61.71000,0.62194,0.00429,0.00396,0.00001,0.99174
62.04000,0.62194,0.00487,0.00046,0.00000,0.99467
62.37000,0.62194,0.00239,0.00012,0.00000,0.99749
62.70000,0.62194,0.00393,0.00005,0.00000,0.99601
63.03000,0.62194,0.00234,0.00005,0.00000,0.99761
63.36000,0.62194,0.00313,0.00011,0.00000,0.99676
63.69000,0.62194,0.00282,0.00022,0.00000,0.99696
64.02000,0.62194,0.00229,0.00021,0.00000,0.99749
64.35000,0.62194,0.00288,0.00019,0.00000,0.99693
64.68000,0.62194,0.00270,0.00043,0.00000,0.99687
65.01000,0.62193,0.01331,0.00518,0.00001,0.98149
65.34000,0.62194,0.00988,0.00490,0.00002,0.98520
65.67000,0.62194,0.00239,0.00056,0.00000,0.99705
66.00000,0.62194,0.01286,0.00148,0.00002,0.98564
66.33000,0.62193,0.00785,0.00213,0.00001,0.99001
66.66000,0.62193,0.00320,0.00075,0.00000,0.99604
66.99000,0.62194,0.00365,0.00038,0.00001,0.99597
67.32000,0.62194,0.00419,0.00203,0.00000,0.99378
67.65000,0.62193,0.00313,0.00074,0.00000,0.99613
67.98000,0.62193,0.00510,0.00250,0.00000,0.99239
68.31000,0.62194,0.00460,0.00151,0.00001,0.99388
68.64000,0.62194,0.00466,0.00062,0.00001,0.99472
68.97000,0.62193,0.01202,0.01548,0.00002,0.97249
69.30000,0.62193,0.00309,0.00047,0.00000,0.99643
69.63000,0.62194,0.00251,0.00056,0.00000,0.99694
69.96000,0.62194,0.00698,0.00392,0.00000,0.98909
70.29000,0.62193,0.01899,0.00155,0.00008,0.97938
70.62000,0.62193,0.01171,0.00461,0.00001,0.98368
70.95000,0.62194,0.00862,0.00293,0.00001,0.98844
71.28000,0.62194,0.00310,0.00121,0.00000,0.99568
71.61000,0.62194,0.00604,0.00051,0.00002,0.99343
71.94000,0.62193,0.00465,0.00064,0.00000,0.99471
72.27000,0.62194,0.00847,0.00048,0.00004,0.99102
72.60000,0.62194,0.00274,0.00026,0.00000,0.99700
72.93000,0.62194,0.00918,0.00591,0.00000,0.98490
73.26000,0.62193,0.00408,0.00048,0.00000,0.99543
73.59000,0.62194,0.00424,0.00042,0.00001,0.99534
73.92000,0.62194,0.00255,0.00011,0.00000,0.99734
74.25000,0.62194,0.00828,0.00008,0.00001,0.99163
74.58000,0.62193,0.00756,0.00004,0.00001,0.99239
74.91000,0.62193,0.00589,0.00012,0.00001,0.99398
75.24000,0.62194,0.00218,0.00010,0.00000,0.99773
75.57000,0.62194,0.00347,0.00081,0.00000,0.99572
75.90000,0.62193,0.00340,0.00014,0.00000,0.99645
76.23000,0.62193,0.00821,0.00040,0.00001,0.99138
76.56000,0.62194,0.00677,0.00030,0.00001,0.99292
76.89000,0.62194,0.00329,0.00010,0.00000,0.99661
77.22000,0.62193,0.00558,0.00032,0.00001,0.99410
77.55000,0.62193,0.00676,0.00093,0.00001,0.99229
77.88000,0.62194,0.00490,0.00085,0.00001,0.99424
78.21000,0.62194,0.00487,0.00026,0.00000,0.99486
78.54000,0.62193,0.00789,0.00009,0.00003,0.99199
78.87000,0.62193,0.00796,0.00017,0.00000,0.99187
79.20000,0.62194,0.00351,0.00047,0.00001,0.99601
79.53000,0.62194,0.00404,0.00146,0.00000,0.99450
79.86000,0.62194,0.00767,0.01066,0.00002,0.98165
80.19000,0.62193,0.00369,0.00084,0.00001,0.99547
80.52000,0.62194,0.00282,0.00056,0.00000,0.99662
80.85000,0.62194,0.00241,0.00043,0.00000,0.99715
81.18000,0.62194,0.00641,0.00040,0.00001,0.99318
81.51000,0.62193,0.00641,0.00033,0.00003,0.99323
81.84000,0.62194,0.01049,0.00267,0.00004,0.98679
82.17000,0.62194,0.00352,0.00106,0.00000,0.99541
82.50000,0.62194,0.00700,0.00074,0.00002,0.99224
82.83000,0.62193,0.00400,0.00005,0.00000,0.99594
83.16000,0.62193,0.00339,0.00012,0.00000,0.99649
83.49000,0.62194,0.00399,0.00011,0.00000,0.99590
83.82000,0.62194,0.00517,0.00029,0.00001,0.99453
84.15000,0.62193,0.00519,0.00044,0.00001,0.99436
84.48000,0.62193,0.00253,0.00058,0.00000,0.99688
84.81000,0.62194,0.00810,0.00019,0.00007,0.99163
85.14000,0.62194,0.00914,0.00011,0.00001,0.99074
85.47000,0.62193,0.00671,0.00027,0.00002,0.99301
85.80000,0.62193,0.00659,0.00034,0.00001,0.99306
86.13000,0.62194,0.00643,0.00042,0.00002,0.99313
86.46000,0.62194,0.00568,0.00052,0.00000,0.99379
86.79000,0.62193,0.00239,0.00032,0.00000,0.99729
87.12000,0.62193,0.00594,0.00007,0.00000,0.99399
87.45000,0.62194,0.00583,0.00026,0.00002,0.99388
87.78000,0.62194,0.00521,0.00117,0.00000,0.99361
88.11000,0.62194,0.00272,0.00034,0.00000,0.99694
88.44000,0.62193,0.00337,0.00015,0.00000,0.99648
88.77000,0.62194,0.00467,0.00017,0.00001,0.99515
89.10000,0.62194,0.00732,0.00655,0.00001,0.98612
89.43000,0.62194,0.01193,0.00235,0.00004,0.98568
89.76000,0.62193,0.00414,0.00299,0.00001,0.99286
90.09000,0.62194,0.00607,0.00022,0.00001,0.99370
90.42000,0.62194,0.00571,0.00005,0.00001,0.99424
90.75000,0.62194,0.00388,0.00077,0.00000,0.99535
91.08000,0.62193,0.00177,0.00006,0.00000,0.99817
91.41000,0.62193,0.00320,0.00021,0.00000,0.99658
91.74000,0.62194,0.00902,0.00033,0.00003,0.99061
92.07000,0.62194,0.00333,0.00058,0.00000,0.99609
92.40000,0.62193,0.00692,0.00017,0.00002,0.99289
92.73000,0.62193,0.00362,0.00029,0.00000,0.99609
93.06000,0.62194,0.00426,0.00036,0.00001,0.99538
93.39000,0.62194,0.00763,0.00015,0.00001,0.99221
93.72000,0.62193,0.00554,0.00056,0.00001,0.99390
94.05000,0.62193,0.00235,0.00050,0.00000,0.99715
94.38000,0.62194,0.00384,0.00128,0.00000,0.99488
94.71000,0.62194,0.00268,0.00104,0.00000,0.99628
95.04000,0.62193,0.00232,0.00037,0.00000,0.99731
95.37000,0.62193,0.00251,0.00020,0.00000,0.99728
95.70000,0.62194,0.00329,0.00010,0.00000,0.99661
96.03000,0.62194,0.00195,0.00031,0.00000,0.99774
96.36000,0.62194,0.00219,0.00015,0.00000,0.99766
96.69000,0.62193,0.00396,0.00022,0.00001,0.99581
97.02000,0.62194,0.00332,0.00028,0.00000,0.99640
97.35000,0.62194,0.00376,0.00017,0.00001,0.99606
97.68000,0.62194,0.00242,0.00030,0.00000,0.99729
98.01000,0.62193,0.00176,0.00042,0.00000,0.99782
98.34000,0.62194,0.00340,0.00031,0.00000,0.99629
98.67000,0.62194,0.00462,0.00288,0.00001,0.99249
99.00000,0.62194,0.01209,0.00271,0.00000,0.98519
99.33000,0.62193,0.00232,0.00074,0.00000,0.99694
99.66000,0.62193,0.00234,0.00015,0.00000,0.99750
99.99000,0.62194,0.00267,0.00018,0.00000,0.99715
100.32000,0.62194,0.00415,0.00005,0.00000,0.99581
100.65000,0.62193,0.00415,0.00016,0.00000,0.99569
100.98000,0.62193,0.00499,0.00040,0.00001,0.99460
101.31000,0.62194,0.00282,0.00048,0.00000,0.99670
101.64000,0.62194,0.00358,0.00071,0.00000,0.99571
101.97000,0.62193,0.00723,0.00044,0.00003,0.99230
102.30000,0.62193,0.00417,0.00093,0.00000,0.99490
102.63000,0.62194,0.00369,0.00020,0.00000,0.99611
102.96000,0.62194,0.00359,0.00036,0.00000,0.99604
103.29000,0.62193,0.00279,0.00037,0.00000,0.99684
103.62000,0.62193,0.00999,0.00096,0.00004,0.98902
103.95000,0.62194,0.00286,0.00016,0.00000,0.99698
104.28000,0.62194,0.00317,0.00028,0.00000,0.99655
104.61000,0.62194,0.00352,0.00068,0.00000,0.99580
104.94000,0.62193,0.00202,0.00014,0.00000,0.99784
105.27000,0.62194,0.00164,0.00009,0.00000,0.99827
105.60000,0.62194,0.00204,0.00009,0.00000,0.99787
105.93000,0.62194,0.00283,0.00014,0.00000,0.99703
106.26000,0.62193,0.00372,0.00012,0.00000,0.99616
106.59000,0.62194,0.00290,0.00008,0.00000,0.99701
106.92000,0.62194,0.00269,0.00007,0.00000,0.99724
107.25000,0.62194,0.00201,0.00015,0.00000,0.99785
107.58000,0.62193,0.00178,0.00030,0.00000,0.99792
107.91000,0.62193,0.00358,0.00466,0.00001,0.99176
108.24000,0.62194,0.00340,0.00071,0.00000,0.99589
108.57000,0.62194,0.00247,0.00034,0.00000,0.99719
108.90000,0.62193,0.00276,0.00071,0.00000,0.99652
109.23000,0.62193,0.00197,0.00007,0.00000,0.99796
109.56000,0.62194,0.00416,0.00008,0.00000,0.99576
109.89000,0.62194,0.00301,0.00089,0.00000,0.99610
110.22000,0.62193,0.00234,0.00038,0.00000,0.99727
110.55000,0.62193,0.00858,0.00015,0.00006,0.99121
110.88000,0.62194,0.00770,0.00107,0.00002,0.99121
111.21000,0.62194,0.00673,0.00048,0.00002,0.99278
111.54000,0.62193,0.00390,0.00076,0.00000,0.99533
111.87000,0.62193,0.00661,0.00050,0.00001,0.99287
112.20000,0.62194,0.00803,0.00045,0.00003,0.99149
112.53000,0.62194,0.01057,0.00036,0.00004,0.98903
112.86000,0.62194,0.00308,0.00039,0.00000,0.99653
113.19000,0.62193,0.00293,0.00020,0.00000,0.99687
113.52000,0.62194,0.00660,0.00013,0.00001,0.99326
113.85000,0.62194,0.01032,0.00010,0.00008,0.98951
114.18000,0.62194,0.00774,0.00024,0.00001,0.99201
114.51000,0.62193,0.00282,0.00053,0.00000,0.99664
114.84000,0.62194,0.00321,0.00110,0.00001,0.99569
115.17000,0.62194,0.00354,0.00034,0.00000,0.99611
115.50000,0.62194,0.00517,0.00005,0.00000,0.99478
115.83000,0.62193,0.00339,0.00056,0.00000,0.99605
116.16000,0.62193,0.02080,0.00024,0.00000,0.97895
116.49000,0.62194,0.00333,0.00156,0.00000,0.99511
116.82000,0.62194,0.00385,0.00057,0.00000,0.99557
117.15000,0.62193,0.00488,0.00014,0.00000,0.99498
117.48000,0.62193,0.00736,0.00119,0.00001,0.99143
117.81000,0.62194,0.00328,0.00059,0.00000,0.99613
118.14000,0.62194,0.00524,0.00096,0.00002,0.99378
118.47000,0.62193,0.00268,0.00050,0.00000,0.99682
118.80000,0.62193,0.00180,0.00008,0.00000,0.99812
119.13000,0.62194,0.00263,0.00009,0.00000,0.99728
119.46000,0.62194,0.00229,0.00012,0.00000,0.99759
119.79000,0.62193,0.00484,0.00025,0.00001,0.99491
120.12000,0.62193,0.00340,0.00009,0.00001,0.99650
120.45000,0.62194,0.00658,0.00001,0.00000,0.99341
120.78000,0.62194,0.00343,0.00046,0.00000,0.99612
121.11000,0.62194,0.00331,0.00035,0.00000,0.99633
121.44000,0.62193,0.00293,0.00038,0.00000,0.99669
121.77000,0.62194,0.00818,0.00016,0.00002,0.99164
122.10000,0.62194,0.00490,0.00010,0.00001,0.99500
122.43000,0.62194,0.00824,0.00017,0.00001,0.99159
122.76000,0.62193,0.00476,0.00019,0.00001,0.99505
123.09000,0.62194,0.00548,0.00035,0.00001,0.99416
123.42000,0.62194,0.00243,0.00041,0.00000,0.99715
123.75000,0.62194,0.00514,0.00014,0.00002,0.99470
124.08000,0.62193,0.04202,0.00004,0.00004,0.95790
124.41000,0.62193,0.10805,0.00064,0.01057,0.88074
124.74000,0.62194,0.01665,0.00062,0.00002,0.98270
125.07000,0.62194,0.00290,0.00028,0.00000,0.99682
125.40000,0.62193,0.00131,0.00004,0.00000,0.99866
125.73000,0.62193,0.00402,0.00016,0.00000,0.99581
126.06000,0.62194,0.00592,0.00052,0.00001,0.99356
126.39000,0.62194,0.00283,0.00069,0.00000,0.99648
126.72000,0.62193,0.00480,0.00079,0.00001,0.99439
127.05000,0.62193,0.00536,0.00051,0.00001,0.99411
127.38000,0.62194,0.00491,0.00030,0.00001,0.99479
127.71000,0.62194,0.00320,0.00029,0.00000,0.99651
128.03999,0.62195,0.00447,0.00021,0.00000,0.99531
128.37000,0.62195,0.00277,0.00028,0.00000,0.99695
128.70000,0.62193,0.00348,0.00026,0.00000,0.99625
129.03000,0.62193,0.00385,0.00116,0.00000,0.99499
129.36000,0.62193,0.00475,0.00127,0.00001,0.99396
129.69000,0.62193,0.00227,0.00010,0.00000,0.99762
130.02000,0.62193,0.00514,0.00024,0.00001,0.99461
130.35001,0.62193,0.00286,0.00006,0.00000,0.99707
130.67999,0.62195,0.00156,0.00008,0.00000,0.99836
131.00999,0.62195,0.00362,0.00010,0.00000,0.99628
131.34000,0.62195,0.00421,0.00092,0.00001,0.99486
131.67000,0.62193,0.00395,0.00177,0.00001,0.99427
132.00000,0.62193,0.00335,0.00052,0.00001,0.99612
132.33000,0.62193,0.00409,0.00084,0.00001,0.99507
132.66000,0.62193,0.00247,0.00108,0.00000,0.99645
132.99001,0.62193,0.00335,0.00013,0.00000,0.99652
133.32001,0.62193,0.00388,0.00020,0.00000,0.99592
133.64999,0.62195,0.00452,0.00115,0.00001,0.99432
133.98000,0.62195,0.00188,0.00008,0.00000,0.99804
134.31000,0.62193,0.00819,0.00015,0.00001,0.99164
134.64000,0.62193,0.00266,0.00059,0.00000,0.99675
134.97000,0.62193,0.00267,0.00018,0.00000,0.99715
135.30000,0.62193,0.00300,0.00013,0.00000,0.99686
135.63000,0.62193,0.00179,0.00028,0.00000,0.99793
135.96001,0.62193,0.00186,0.00036,0.00000,0.99778
136.28999,0.62195,0.00181,0.00023,0.00000,0.99796
136.62000,0.62195,0.00248,0.00024,0.00000,0.99728
136.95000,0.62193,0.00304,0.00079,0.00000,0.99616
137.28000,0.62193,0.00243,0.00039,0.00000,0.99719
137.61000,0.62193,0.00253,0.00028,0.00000,0.99719
137.94000,0.62193,0.00325,0.00032,0.00000,0.99643
138.27000,0.62193,0.03649,0.00039,0.00001,0.96311
138.60001,0.62193,0.06126,0.00129,0.00134,0.93611
138.92999,0.62195,0.00909,0.00091,0.00001,0.99000
139.25999,0.62195,0.00519,0.00052,0.00001,0.99428
139.59000,0.62195,0.00300,0.00016,0.00000,0.99684
139.92000,0.62193,0.00357,0.00147,0.00000,0.99496
140.25000,0.62193,0.00681,0.00449,0.00001,0.98869
140.58000,0.62193,0.00845,0.00013,0.00004,0.99138
140.91000,0.62193,0.01114,0.00006,0.00005,0.98874
141.24001,0.62193,0.00467,0.00004,0.00000,0.99529
141.57001,0.62193,0.00759,0.00080,0.00004,0.99157
141.89999,0.62195,0.00428,0.00080,0.00001,0.99491
142.23000,0.62195,0.00408,0.00007,0.00000,0.99584
142.56000,0.62193,0.00203,0.00021,0.00000,0.99777
142.89000,0.62193,0.00293,0.00126,0.00000,0.99580
143.22000,0.62193,0.00251,0.00095,0.00000,0.99654
143.55000,0.62193,0.00198,0.00039,0.00000,0.99763
143.88000,0.62193,0.00221,0.00024,0.00000,0.99755
144.21001,0.62193,0.00540,0.00007,0.00001,0.99452
144.53999,0.62195,0.00931,0.00104,0.00003,0.98962
144.87000,0.62195,0.01128,0.00803,0.00001,0.98069
145.20000,0.62193,0.00270,0.00067,0.00000,0.99663
145.53000,0.62193,0.00189,0.00052,0.00000,0.99760
145.86000,0.62193,0.00280,0.00023,0.00000,0.99697
146.19000,0.62193,0.00322,0.00032,0.00000,0.99646
146.52000,0.62193,0.00312,0.00157,0.00000,0.99531
146.85001,0.62193,0.00234,0.00207,0.00000,0.99558
147.17999,0.62195,0.00312,0.00030,0.00000,0.99658
147.50999,0.62195,0.00297,0.00048,0.00000,0.99654
147.84000,0.62195,0.00330,0.00050,0.00000,0.99620
148.17000,0.62193,0.00678,0.00021,0.00002,0.99300
148.50000,0.62193,0.00557,0.00020,0.00002,0.99421
148.83000,0.62193,0.00290,0.00010,0.00000,0.99700
149.16000,0.62193,0.00326,0.00007,0.00000,0.99667
149.49001,0.62193,0.00700,0.00015,0.00001,0.99285
149.82001,0.62193,0.00910,0.00024,0.00003,0.99063
150.14999,0.62195,0.00978,0.00012,0.00001,0.99008
150.48000,0.62195,0.00464,0.00005,0.00000,0.99530
150.81000,0.62193,0.00279,0.00035,0.00000,0.99686
151.14000,0.62193,0.00726,0.00003,0.00004,0.99267
151.47000,0.62193,0.01195,0.00001,0.00003,0.98802
151.80000,0.62193,0.01918,0.00009,0.00011,0.98062
152.13000,0.62193,0.00730,0.00017,0.00003,0.99249
152.46001,0.62193,0.00850,0.00010,0.00001,0.99139
152.78999,0.62195,0.01150,0.00013,0.00004,0.98833
153.12000,0.62195,0.00560,0.00043,0.00000,0.99396
153.45000,0.62193,0.00490,0.00028,0.00001,0.99482
153.78000,0.62193,0.00398,0.00007,0.00000,0.99595
154.11000,0.62193,0.00484,0.00006,0.00000,0.99510
154.44000,0.62193,0.00793,0.00063,0.00002,0.99143
154.77000,0.62193,0.00485,0.00034,0.00001,0.99480
155.10001,0.62193,0.00194,0.00037,0.00000,0.99769
155.42999,0.62195,0.00276,0.00005,0.00000,0.99719
155.75999,0.62195,0.00486,0.00028,0.00000,0.99485
156.09000,0.62195,0.00344,0.00007,0.00000,0.99649
156.42000,0.62193,0.00514,0.00003,0.00000,0.99483
156.75000,0.62193,0.00433,0.00004,0.00000,0.99563
157.08000,0.62193,0.00615,0.00035,0.00001,0.99350
157.41000,0.62193,0.00221,0.00036,0.00000,0.99743
157.74001,0.62193,0.00451,0.00126,0.00000,0.99423
158.07001,0.62193,0.00667,0.00017,0.00002,0.99313
158.39999,0.62195,0.00454,0.00016,0.00001,0.99530
158.73000,0.62195,0.00132,0.00005,0.00000,0.99863
159.06000,0.62193,0.00140,0.00011,0.00000,0.99849
159.39000,0.62193,0.00166,0.00016,0.00000,0.99818
159.72000,0.62193,0.00328,0.00012,0.00000,0.99660
160.05000,0.62193,0.00379,0.00050,0.00000,0.99571
160.38000,0.62193,0.00263,0.00075,0.00000,0.99661
160.71001,0.62193,0.00160,0.00011,0.00000,0.99829
161.03999,0.62195,0.00167,0.00017,0.00000,0.99816
161.37000,0.62195,0.00211,0.00019,0.00000,0.99770
161.70000,0.62193,0.00584,0.00028,0.00001,0.99388
162.03000,0.62193,0.00395,0.00131,0.00001,0.99474
162.36000,0.62193,0.00990,0.00026,0.00006,0.98978
162.69000,0.62193,0.00544,0.00006,0.00000,0.99450
163.02000,0.62193,0.00411,0.00021,0.00000,0.99567
163.35001,0.62193,0.00294,0.00004,0.00000,0.99702
163.67999,0.62195,0.00353,0.00016,0.00000,0.99631
164.00999,0.62195,0.00186,0.00018,0.00000,0.99796
164.34000,0.62195,0.00269,0.00016,0.00000,0.99715
164.67000,0.62193,0.00584,0.00037,0.00001,0.99377
165.00000,0.62193,0.00412,0.00132,0.00001,0.99455
165.33000,0.62193,0.00343,0.00027,0.00000,0.99630
165.66000,0.62193,0.00419,0.00215,0.00001,0.99366
165.99001,0.62193,0.00327,0.00035,0.00001,0.99638
166.32001,0.62193,0.00192,0.00021,0.00000,0.99787
166.64999,0.62195,0.00288,0.00043,0.00000,0.99669
166.98000,0.62195,0.00303,0.00109,0.00000,0.99588
167.31000,0.62193,0.00263,0.00021,0.00000,0.99716
167.64000,0.62193,0.00451,0.00094,0.00001,0.99453
167.97000,0.62193,0.00227,0.00023,0.00000,0.99750
168.30000,0.62193,0.00198,0.00018,0.00000,0.99784
168.63000,0.62193,0.00314,0.00019,0.00000,0.99666
168.96001,0.62193,0.00534,0.00014,0.00000,0.99452
169.28999,0.62195,0.00278,0.00045,0.00000,0.99676
169.62000,0.62195,0.00339,0.00089,0.00001,0.99571
169.95000,0.62193,0.00213,0.00015,0.00000,0.99771
170.28000,0.62193,0.00570,0.00004,0.00001,0.99424
170.61000,0.62193,0.00451,0.00011,0.00000,0.99539
170.94000,0.62193,0.00491,0.00008,0.00001,0.99500
171.27000,0.62193,0.00302,0.00032,0.00000,0.99666
171.60001,0.62193,0.00244,0.00039,0.00000,0.99717
171.92999,0.62195,0.00174,0.00010,0.00000,0.99816
172.25999,0.62195,0.00580,0.00007,0.00000,0.99413
172.59000,0.62195,0.00227,0.00021,0.00000,0.99753
172.92000,0.62193,0.00295,0.00027,0.00000,0.99677
173.25000,0.62193,0.00246,0.00031,0.00000,0.99722
173.58000,0.62193,0.00523,0.00107,0.00001,0.99369
173.91000,0.62193,0.00165,0.00019,0.00000,0.99816
174.24001,0.62193,0.00189,0.00015,0.00000,0.99795
174.57001,0.62193,0.00504,0.00021,0.00001,0.99475
174.89999,0.62195,0.00307,0.00034,0.00000,0.99659
175.23000,0.62195,0.00546,0.00061,0.00000,0.99393
175.56000,0.62193,0.00490,0.00031,0.00000,0.99479
175.89000,0.62193,0.01289,0.00021,0.00020,0.98670
176.22000,0.62193,0.02399,0.00017,0.00011,0.97573
176.55000,0.62193,0.00629,0.00006,0.00000,0.99366
176.88000,0.62193,0.00382,0.00022,0.00000,0.99595
177.21001,0.62193,0.00868,0.00069,0.00003,0.99060
177.53999,0.62195,0.00465,0.00076,0.00001,0.99458
177.87000,0.62195,0.01256,0.00018,0.00011,0.98716
178.20000,0.62193,0.00884,0.00041,0.00000,0.99075
178.53000,0.62193,0.00612,0.00058,0.00001,0.99328
178.86000,0.62193,0.00606,0.00216,0.00001,0.99176
179.19000,0.62193,0.00563,0.00059,0.00002,0.99376
179.52000,0.62193,0.00315,0.00007,0.00000,0.99679
179.85001,0.62193,0.00570,0.00010,0.00001,0.99419
180.17999,0.62195,0.00288,0.00012,0.00000,0.99699
180.50999,0.62195,0.00255,0.00059,0.00000,0.99686
180.84000,0.62195,0.00238,0.00029,0.00000,0.99733
181.17000,0.62193,0.00243,0.00041,0.00000,0.99716
181.50000,0.62193,0.00646,0.00093,0.00001,0.99260
181.83000,0.62193,0.00314,0.00048,0.00000,0.99638
182.16000,0.62193,0.00668,0.00020,0.00001,0.99311
182.49001,0.62193,0.00361,0.00043,0.00000,0.99596
182.82001,0.62193,0.00595,0.00006,0.00002,0.99398
183.14999,0.62195,0.00325,0.00012,0.00000,0.99663
183.48000,0.62195,0.00247,0.00031,0.00000,0.99721
183.81000,0.62193,0.00280,0.00012,0.00000,0.99709
184.14000,0.62193,0.00625,0.00007,0.00002,0.99366
184.47000,0.62193,0.00906,0.00004,0.00002,0.99088
184.80000,0.62193,0.00347,0.00065,0.00000,0.99588
185.13000,0.62193,0.00317,0.00022,0.00000,0.99660
185.46001,0.62193,0.00397,0.00008,0.00000,0.99595
185.78999,0.62195,0.00513,0.00008,0.00000,0.99478
186.12000,0.62195,0.00257,0.00061,0.00000,0.99682
186.45000,0.62193,0.00309,0.00014,0.00000,0.99677
186.78000,0.62193,0.00513,0.00013,0.00000,0.99474
187.11000,0.62193,0.00543,0.00009,0.00001,0.99447
187.44000,0.62193,0.00684,0.00040,0.00002,0.99274
187.77000,0.62193,0.00442,0.00035,0.00001,0.99522
188.10001,0.62193,0.00761,0.00108,0.00003,0.99128
188.42999,0.62195,0.00279,0.00048,0.00000,0.99672
188.75999,0.62195,0.00185,0.00038,0.00000,0.99777
189.09000,0.62195,0.00489,0.00039,0.00001,0.99472
189.42000,0.62193,0.00188,0.00004,0.00000,0.99808
189.75000,0.62193,0.00292,0.00006,0.00000,0.99702
190.08000,0.62193,0.00411,0.00019,0.00001,0.99569
190.41000,0.62193,0.00268,0.00053,0.00000,0.99678
190.74001,0.62193,0.00493,0.00054,0.00001,0.99452
191.07001,0.62193,0.00419,0.00111,0.00001,0.99469
191.39999,0.62195,0.00258,0.00027,0.00000,0.99716
191.73000,0.62195,0.00165,0.00006,0.00000,0.99829
192.06000,0.62193,0.00213,0.00022,0.00000,0.99764
192.39000,0.62193,0.00231,0.00019,0.00000,0.99750
192.72000,0.62193,0.00199,0.00009,0.00000,0.99792
193.05000,0.62193,0.00399,0.00031,0.00001,0.99569
193.38000,0.62193,0.00380,0.00023,0.00001,0.99597
193.71001,0.62193,0.00386,0.00009,0.00000,0.99606
194.03999,0.62195,0.00511,0.00035,0.00002,0.99453
194.37000,0.62195,0.00264,0.00007,0.00000,0.99729
194.70000,0.62193,0.00412,0.00035,0.00000,0.99553
195.03000,0.62193,0.00235,0.00100,0.00000,0.99665
195.36000,0.62193,0.00364,0.00102,0.00001,0.99534
195.69000,0.62193,0.00471,0.00047,0.00001,0.99481
196.02000,0.62193,0.00332,0.00025,0.00000,0.99643
196.35001,0.62193,0.00392,0.00019,0.00001,0.99589
196.67999,0.62195,0.00541,0.00046,0.00001,0.99412
197.00999,0.62195,0.00240,0.00039,0.00000,0.99721
197.34000,0.62195,0.00215,0.00010,0.00000,0.99775
197.67000,0.62193,0.00409,0.00003,0.00000,0.99587
198.00000,0.62193,0.00193,0.00003,0.00000,0.99804
198.33000,0.62193,0.00347,0.00013,0.00000,0.99640
198.66000,0.62193,0.00395,0.00053,0.00001,0.99552
198.99001,0.62193,0.00478,0.00026,0.00001,0.99495
199.32001,0.62193,0.00551,0.00023,0.00001,0.99425
199.64999,0.62195,0.00781,0.00108,0.00003,0.99108
199.98000,0.62195,0.00297,0.00110,0.00000,0.99593
200.31000,0.62193,0.00375,0.00098,0.00001,0.99527
200.64000,0.62193,0.00191,0.00030,0.00000,0.99778
200.97000,0.62193,0.00904,0.00098,0.00005,0.98993
201.30000,0.62193,0.00399,0.00034,0.00000,0.99566
201.63000,0.62193,0.00484,0.00025,0.00000,0.99490
201.96001,0.62193,0.00206,0.00030,0.00000,0.99763
202.28999,0.62195,0.00197,0.00023,0.00000,0.99780
202.62000,0.62195,0.00279,0.00015,0.00000,0.99706
202.95000,0.62193,0.00549,0.00063,0.00002,0.99386
203.28000,0.62193,0.00242,0.00030,0.00000,0.99728
203.61000,0.62193,0.00227,0.00013,0.00000,0.99760
203.94000,0.62193,0.00259,0.00013,0.00000,0.99728
204.27000,0.62193,0.00276,0.00033,0.00000,0.99691
204.60001,0.62193,0.00186,0.00040,0.00000,0.99774
204.92999,0.62195,0.00750,0.00015,0.00002,0.99233
205.25999,0.62195,0.01019,0.00042,0.00003,0.98935
205.59000,0.62195,0.00383,0.00109,0.00000,0.99507
205.92000,0.62193,0.00196,0.00057,0.00000,0.99747
206.25000,0.62193,0.00501,0.00007,0.00001,0.99492
206.58000,0.62193,0.00291,0.00012,0.00000,0.99697
206.91000,0.62193,0.00592,0.00268,0.00002,0.99138
207.24001,0.62193,0.00965,0.00102,0.00004,0.98929
207.57001,0.62193,0.00223,0.00017,0.00000,0.99760
207.89999,0.62195,0.00311,0.00050,0.00000,0.99638
208.23000,0.62195,0.00274,0.00059,0.00000,0.99667
208.56000,0.62193,0.00465,0.00041,0.00001,0.99493
208.89000,0.62193,0.00308,0.00070,0.00000,0.99622
209.22000,0.62193,0.00430,0.00210,0.00000,0.99360
209.55000,0.62193,0.00541,0.00126,0.00000,0.99332
209.88000,0.62193,0.00268,0.00017,0.00000,0.99715
210.21001,0.62193,0.00375,0.00009,0.00000,0.99616
210.53999,0.62195,0.00561,0.00008,0.00002,0.99430
210.87000,0.62195,0.00252,0.00007,0.00000,0.99741
211.20000,0.62193,0.00335,0.00020,0.00000,0.99645
211.53000,0.62193,0.00215,0.00005,0.00000,0.99780
211.86000,0.62193,0.00702,0.00008,0.00001,0.99289
212.19000,0.62193,0.00252,0.00008,0.00000,0.99740
212.52000,0.62193,0.00240,0.00018,0.00000,0.99741
212.85001,0.62193,0.00224,0.00030,0.00000,0.99746
213.17999,0.62195,0.00194,0.00021,0.00000,0.99785
213.50999,0.62195,0.00267,0.00046,0.00000,0.99686
213.84000,0.62195,0.00333,0.00035,0.00000,0.99632
214.17000,0.62193,0.00270,0.00069,0.00000,0.99660
214.50000,0.62193,0.00368,0.00045,0.00001,0.99587
214.83000,0.62193,0.00479,0.00071,0.00001,0.99449
215.16000,0.62193,0.00428,0.00010,0.00001,0.99562
215.49001,0.62193,0.00404,0.00017,0.00000,0.99579
215.82001,0.62193,0.00738,0.00047,0.00002,0.99213
216.14999,0.62195,0.00492,0.00066,0.00001,0.99441
216.48000,0.62195,0.00390,0.00047,0.00001,0.99562
216.81000,0.62193,0.00453,0.00094,0.00001,0.99452
217.14000,0.62193,0.00208,0.00007,0.00000,0.99786
217.47000,0.62193,0.00263,0.00005,0.00000,0.99732
217.80000,0.62193,0.00435,0.00011,0.00000,0.99553
218.13000,0.62193,0.00338,0.00008,0.00000,0.99654
218.46001,0.62193,0.00522,0.00018,0.00000,0.99461
218.78999,0.62195,0.00185,0.00012,0.00000,0.99803
219.12000,0.62195,0.00270,0.00012,0.00000,0.99718
219.45000,0.62193,0.00260,0.00027,0.00000,0.99713
219.78000,0.62193,0.00533,0.00055,0.00001,0.99410
220.11000,0.62193,0.00182,0.00026,0.00000,0.99792
220.44000,0.62193,0.00534,0.00084,0.00002,0.99380
220.77000,0.62193,0.00400,0.00019,0.00001,0.99580
221.10001,0.62193,0.00502,0.00013,0.00001,0.99485
221.42999,0.62195,0.00541,0.00060,0.00001,0.99398
221.75999,0.62195,0.00719,0.00018,0.00003,0.99260
222.09000,0.62195,0.00484,0.00000,0.00001,0.99514
222.42000,0.62193,0.01089,0.00006,0.00000,0.98905
222.75000,0.62193,0.00395,0.00045,0.00000,0.99560
223.08000,0.62193,0.00496,0.00341,0.00001,0.99163
223.41000,0.62193,0.00199,0.00047,0.00000,0.99755
223.74001,0.62193,0.00693,0.00357,0.00002,0.98948
224.07001,0.62193,0.00604,0.00108,0.00001,0.99287
224.39999,0.62195,0.00235,0.00066,0.00000,0.99699
224.73000,0.62195,0.00275,0.00097,0.00000,0.99628
225.06000,0.62193,0.00470,0.00031,0.00001,0.99498
225.39000,0.62193,0.00282,0.00002,0.00000,0.99716
225.72000,0.62193,0.00403,0.00038,0.00000,0.99559
226.05000,0.62193,0.00315,0.00078,0.00000,0.99607
226.38000,0.62193,0.00274,0.00118,0.00000,0.99608
226.71001,0.62193,0.00902,0.00065,0.00001,0.99032
227.03999,0.62195,0.00828,0.00045,0.00001,0.99125
227.37000,0.62195,0.00484,0.00080,0.00000,0.99435
227.70000,0.62193,0.01254,0.00330,0.00004,0.98412
228.03000,0.62193,0.00600,0.00100,0.00003,0.99297
228.36000,0.62193,0.00529,0.00026,0.00001,0.99445
228.69000,0.62193,0.00620,0.00017,0.00002,0.99361
229.02000,0.62193,0.00246,0.00021,0.00000,0.99733
229.35001,0.62193,0.00309,0.00191,0.00000,0.99500
229.67999,0.62195,0.00822,0.00009,0.00005,0.99163
230.00999,0.62195,0.00944,0.00015,0.00001,0.99040
230.34000,0.62195,0.00467,0.00123,0.00001,0.99409
230.67000,0.62193,0.00477,0.00221,0.00001,0.99301
231.00000,0.62193,0.00293,0.00064,0.00000,0.99643
231.33000,0.62193,0.00292,0.00052,0.00000,0.99656
231.66000,0.62193,0.00250,0.00025,0.00000,0.99725
231.99001,0.62193,0.00292,0.00121,0.00000,0.99587
232.32001,0.62193,0.00507,0.00426,0.00001,0.99066
232.64999,0.62195,0.01004,0.00033,0.00007,0.98956
232.98000,0.62195,0.01061,0.00056,0.00003,0.98880
233.31000,0.62193,0.00349,0.00059,0.00000,0.99592
233.64000,0.62193,0.00693,0.00116,0.00000,0.99191
233.97000,0.62193,0.00343,0.00120,0.00000,0.99536
234.30000,0.62193,0.00776,0.00042,0.00002,0.99180
234.63000,0.62193,0.00552,0.00049,0.00002,0.99397
234.96001,0.62193,0.00850,0.00051,0.00004,0.99095
235.28999,0.62195,0.00608,0.00017,0.00001,0.99374
235.62000,0.62195,0.00221,0.00035,0.00000,0.99743
235.95000,0.62193,0.00245,0.00064,0.00000,0.99691
236.28000,0.62193,0.00327,0.00083,0.00000,0.99589
236.61000,0.62193,0.00379,0.00047,0.00001,0.99573
236.94000,0.62193,0.00973,0.00031,0.00005,0.98992
237.27000,0.62193,0.00413,0.00082,0.00001,0.99504
237.60001,0.62193,0.00225,0.00009,0.00000,0.99766
237.92999,0.62195,0.00190,0.00011,0.00000,0.99799
238.25999,0.62195,0.00755,0.00058,0.00001,0.99187
238.59000,0.62195,0.00678,0.00014,0.00002,0.99306
238.92000,0.62193,0.00498,0.00017,0.00001,0.99484
239.25000,0.62193,0.00768,0.00001,0.00001,0.99229
239.58000,0.62193,0.00659,0.00002,0.00001,0.99339
239.91000,0.62193,0.00373,0.00015,0.00000,0.99612
240.24001,0.62193,0.00282,0.00008,0.00000,0.99710
240.57001,0.62193,0.00390,0.00135,0.00000,0.99476
240.89999,0.62195,0.00535,0.00131,0.00000,0.99334
241.23000,0.62195,0.00366,0.00095,0.00000,0.99538
241.56000,0.62193,0.00716,0.00049,0.00003,0.99232
241.89000,0.62193,0.00336,0.00011,0.00000,0.99653
242.22000,0.62193,0.00440,0.00003,0.00000,0.99556
242.55000,0.62193,0.00243,0.00011,0.00000,0.99746
242.88000,0.62193,0.00309,0.00016,0.00000,0.99675
243.21001,0.62193,0.00225,0.00028,0.00000,0.99747
243.53999,0.62195,0.00248,0.00012,0.00000,0.99739
243.87000,0.62195,0.00459,0.00007,0.00001,0.99533
244.20000,0.62193,0.00166,0.00008,0.00000,0.99826
244.53000,0.62193,0.00461,0.00005,0.00000,0.99534
244.86000,0.62193,0.00846,0.00003,0.00005,0.99146
245.19000,0.62193,0.00301,0.00017,0.00000,0.99682
245.52000,0.62193,0.00392,0.00016,0.00000,0.99592
245.85001,0.62193,0.00429,0.00012,0.00000,0.99559
246.17999,0.62195,0.00491,0.00012,0.00001,0.99496
246.50999,0.62195,0.00505,0.00030,0.00001,0.99464
246.84000,0.62195,0.00447,0.00038,0.00000,0.99515
247.17000,0.62193,0.00337,0.00084,0.00001,0.99578
247.50000,0.62193,0.00272,0.00031,0.00000,0.99697
247.83000,0.62193,0.00222,0.00011,0.00000,0.99767
248.16000,0.62193,0.00476,0.00023,0.00001,0.99500
248.49001,0.62193,0.00323,0.00111,0.00000,0.99565
248.82001,0.62193,0.01068,0.00034,0.00011,0.98888
249.14999,0.62195,0.00510,0.00058,0.00000,0.99431
249.48000,0.62195,0.00937,0.00027,0.00005,0.99031
249.81000,0.62193,0.00332,0.00019,0.00000,0.99649
250.14000,0.62193,0.00250,0.00017,0.00000,0.99733
250.47000,0.62193,0.00284,0.00031,0.00000,0.99685
250.80000,0.62193,0.00204,0.00023,0.00000,0.99773
251.13000,0.62193,0.00262,0.00007,0.00000,0.99730
251.46001,0.62193,0.00470,0.00011,0.00000,0.99518
251.78999,0.62195,0.00577,0.00022,0.00001,0.99401
252.12000,0.62195,0.00388,0.00056,0.00000,0.99556
252.45000,0.62193,0.00309,0.00081,0.00001,0.99610
252.78000,0.62193,0.00469,0.00571,0.00001,0.98958
253.11000,0.62193,0.00487,0.00450,0.00001,0.99062
253.44000,0.62193,0.00304,0.00045,0.00000,0.99651
253.77000,0.62193,0.00525,0.00032,0.00001,0.99442
254.10001,0.62193,0.00217,0.00046,0.00000,0.99738
254.42999,0.62195,0.00308,0.00216,0.00000,0.99475
254.75999,0.62195,0.00447,0.00050,0.00001,0.99503
255.09000,0.62195,0.00474,0.00007,0.00000,0.99518
255.42000,0.62193,0.00736,0.00016,0.00002,0.99246
255.75000,0.62195,0.00396,0.00008,0.00000,0.99596
256.07999,0.62195,0.00433,0.00094,0.00001,0.99472
256.41000,0.62195,0.00279,0.00174,0.00000,0.99547
256.73999,0.62195,0.00336,0.00063,0.00000,0.99600
257.07001,0.62192,0.00251,0.00131,0.00000,0.99618
257.39999,0.62195,0.00400,0.00270,0.00001,0.99329
257.73001,0.62192,0.00242,0.00027,0.00000,0.99731
258.06000,0.62195,0.00236,0.00010,0.00000,0.99754
258.39001,0.62192,0.00246,0.00027,0.00000,0.99727
258.72000,0.62195,0.00261,0.00035,0.00000,0.99704
259.04999,0.62195,0.00279,0.00020,0.00000,0.99700
259.38000,0.62192,0.00481,0.00013,0.00000,0.99505
259.70999,0.62195,0.00495,0.00038,0.00001,0.99466
260.04001,0.62192,0.00240,0.00031,0.00000,0.99729
260.37000,0.62195,0.00326,0.00051,0.00000,0.99623
260.70001,0.62192,0.00219,0.00060,0.00000,0.99720
261.03000,0.62195,0.00168,0.00014,0.00000,0.99818
261.35999,0.62195,0.00424,0.00021,0.00000,0.99555
261.69000,0.62195,0.00308,0.00046,0.00000,0.99645
262.01999,0.62195,0.00371,0.00023,0.00000,0.99606
262.35001,0.62192,0.00277,0.00019,0.00000,0.99704
262.67999,0.62195,0.00258,0.00032,0.00000,0.99710
263.01001,0.62192,0.00345,0.00032,0.00000,0.99622
263.34000,0.62195,0.00331,0.00020,0.00000,0.99649
263.67001,0.62192,0.00412,0.00019,0.00000,0.99568
264.00000,0.62195,0.00573,0.00081,0.00000,0.99346
264.32999,0.62195,0.00781,0.00168,0.00002,0.99048
264.66000,0.62195,0.00486,0.00022,0.00000,0.99492
264.98999,0.62195,0.00761,0.00010,0.00001,0.99228
265.32001,0.62192,0.00328,0.00028,0.00000,0.99644
265.64999,0.62195,0.00276,0.00030,0.00000,0.99694
265.98001,0.62192,0.00267,0.00018,0.00000,0.99715
266.31000,0.62195,0.00217,0.00051,0.00000,0.99732
266.64001,0.62192,0.00247,0.00085,0.00000,0.99668
266.97000,0.62195,0.00338,0.00138,0.00000,0.99524
267.29999,0.62195,0.00435,0.00282,0.00001,0.99282
267.63000,0.62192,0.00368,0.00058,0.00001,0.99573
267.95999,0.62195,0.00632,0.00038,0.00001,0.99330
268.29001,0.62192,0.00591,0.00043,0.00001,0.99365
268.62000,0.62195,0.00537,0.00012,0.00001,0.99449
268.95001,0.62192,0.00224,0.00010,0.00000,0.99766
269.28000,0.62195,0.00189,0.00042,0.00000,0.99770
269.60999,0.62195,0.00767,0.01010,0.00000,0.98223
269.94000,0.62195,0.00765,0.01044,0.00000,0.98191
270.26999,0.62195,0.00666,0.00118,0.00002,0.99214
270.60001,0.62192,0.00408,0.00016,0.00001,0.99575
270.92999,0.62195,0.00747,0.00030,0.00001,0.99222
271.26001,0.62192,0.00232,0.00021,0.00000,0.99747
271.59000,0.62195,0.00220,0.00057,0.00000,0.99723
271.92001,0.62192,0.00713,0.00108,0.00000,0.99179
272.25000,0.62195,0.01170,0.00130,0.00002,0.98699
272.57999,0.62195,0.00431,0.00137,0.00000,0.99432
272.91000,0.62195,0.00866,0.01977,0.00000,0.97157
273.23999,0.62195,0.00261,0.00055,0.00000,0.99684
273.57001,0.62192,0.00348,0.00009,0.00000,0.99643
273.89999,0.62195,0.00874,0.00059,0.00003,0.99063
274.23001,0.62192,0.09350,0.00049,0.00007,0.90594
274.56000,0.62195,0.06144,0.01773,0.00007,0.92075
274.89001,0.62192,0.06609,0.00418,0.00006,0.92966
275.22000,0.62195,0.00823,0.00044,0.00002,0.99131
275.54999,0.62195,0.01378,0.00017,0.00003,0.98601
275.88000,0.62192,0.02088,0.00009,0.00006,0.97897
276.20999,0.62195,0.06480,0.00435,0.00036,0.93048
276.54001,0.62192,0.60497,0.00028,0.00067,0.39408
276.87000,0.62195,0.10664,0.00010,0.00024,0.89301
277.20001,0.62192,0.15560,0.00398,0.00039,0.84004
277.53000,0.62195,0.47377,0.01926,0.00042,0.50655
277.85999,0.62195,0.30890,0.00255,0.00001,0.68853
278.19000,0.62195,0.01608,0.00003,0.00002,0.98387
278.51999,0.62195,0.03340,0.00004,0.00006,0.96651
278.85001,0.62192,0.03526,0.00002,0.00001,0.96470
279.17999,0.62195,0.03016,0.00002,0.00001,0.96981
279.51001,0.62192,0.01266,0.00002,0.00001,0.98731
279.84000,0.62195,0.02187,0.00001,0.00005,0.97807
280.17001,0.62192,0.67313,0.00099,0.00112,0.32475
280.50000,0.62195,0.03426,0.00012,0.00008,0.96554
280.82999,0.62195,0.03068,0.00010,0.00004,0.96919
281.16000,0.62195,0.03031,0.00025,0.00006,0.96938
281.48999,0.62195,0.04425,0.00022,0.00009,0.95545
281.82001,0.62192,0.02787,0.00034,0.00003,0.97176
282.14999,0.62195,0.04890,0.00016,0.00005,0.95089
282.48001,0.62192,0.07681,0.00032,0.00011,0.92277
282.81000,0.62195,0.08666,0.00054,0.00010,0.91270
283.14001,0.62192,0.13567,0.00016,0.00009,0.86407
283.47000,0.62195,0.27093,0.00119,0.00028,0.72760
283.79999,0.62195,0.24215,0.00034,0.00002,0.75749
284.13000,0.62192,0.15516,0.00021,0.00018,0.84446
284.45999,0.62195,0.29626,0.00050,0.00015,0.70310
284.79001,0.62192,0.10934,0.00017,0.00012,0.89037
285.12000,0.62195,0.06665,0.00012,0.00006,0.93318
285.45001,0.62192,0.01156,0.00010,0.00003,0.98831
285.78000,0.62195,0.07042,0.00016,0.00007,0.92935
286.10999,0.62195,0.14331,0.00021,0.00010,0.85638
286.44000,0.62195,0.22059,0.00033,0.00020,0.77887
286.76999,0.62195,0.27185,0.00048,0.00017,0.72750
287.10001,0.62192,0.18771,0.00060,0.00011,0.81158
287.42999,0.62195,0.12907,0.00029,0.00010,0.87053
287.76001,0.62192,0.24950,0.00085,0.00034,0.74931
288.09000,0.62195,0.18595,0.00030,0.00009,0.81367
288.42001,0.62192,0.16148,0.00043,0.00009,0.83800
288.75000,0.62195,0.31541,0.00075,0.00012,0.68372
289.07999,0.62195,0.15763,0.00092,0.00008,0.84137
289.41000,0.62195,0.17384,0.00040,0.00007,0.82569
289.73999,0.62195,0.07127,0.00057,0.00011,0.92805
290.07001,0.62192,0.04464,0.00006,0.00003,0.95527
290.39999,0.62195,0.04791,0.00005,0.00006,0.95197
290.73001,0.62192,0.07041,0.00013,0.00010,0.92936
291.06000,0.62195,0.13725,0.00010,0.00026,0.86239
291.39001,0.62192,0.09234,0.00203,0.00057,0.90506
291.72000,0.62195,0.11809,0.00014,0.00007,0.88171
292.04999,0.62195,0.09241,0.00016,0.00011,0.90732
292.38000,0.62192,0.16804,0.00007,0.00017,0.83171
292.70999,0.62195,0.06385,0.00057,0.00033,0.93525
293.04001,0.62192,0.07531,0.00019,0.00008,0.92442
293.37000,0.62195,0.09963,0.00015,0.00012,0.90010
293.70001,0.62192,0.06837,0.00016,0.00012,0.93135
294.03000,0.62195,0.03282,0.00007,0.00006,0.96704
294.35999,0.62195,0.05289,0.00009,0.00004,0.94698
294.69000,0.62195,0.04124,0.00006,0.00005,0.95865
295.01999,0.62195,0.01280,0.00003,0.00003,0.98714
295.35001,0.62192,0.04079,0.00009,0.00012,0.95900
295.67999,0.62195,0.11701,0.00009,0.00003,0.88287
296.01001,0.62192,0.18316,0.00009,0.00006,0.81668
296.34000,0.62195,0.04371,0.00005,0.00006,0.95618
296.67001,0.62192,0.29683,0.00080,0.00094,0.70143
297.00000,0.62195,0.04511,0.00041,0.00005,0.95443
297.32999,0.62195,0.05925,0.00019,0.00002,0.94054
297.66000,0.62195,0.07205,0.00040,0.00003,0.92752
297.98999,0.62195,0.12488,0.00174,0.00008,0.87331
298.32001,0.62192,0.11578,0.00216,0.00005,0.88201
298.64999,0.62195,0.18760,0.00220,0.00009,0.81011
298.98001,0.62192,0.15904,0.00019,0.00007,0.84070
299.31000,0.62195,0.09686,0.00005,0.00010,0.90299
299.64001,0.62192,0.10431,0.00010,0.00013,0.89545
299.97000,0.62195,0.13401,0.00012,0.00014,0.86573
300.29999,0.62195,0.07883,0.00006,0.00011,0.92100
300.63000,0.62192,0.09689,0.00005,0.00011,0.90295
300.95999,0.62195,0.23152,0.00010,0.00020,0.76818
301.29001,0.62192,0.30036,0.00179,0.00062,0.69723
301.62000,0.62195,0.22842,0.00147,0.00015,0.76996
301.95001,0.62192,0.43130,0.00251,0.00010,0.56609
302.28000,0.62195,0.45641,0.00678,0.00005,0.53677
302.60999,0.62195,0.28795,0.00484,0.00005,0.70716
302.94000,0.62195,0.38667,0.00548,0.00008,0.60777
303.26999,0.62195,0.22469,0.00027,0.00008,0.77497
303.60001,0.62192,0.15644,0.00017,0.00019,0.84320
303.92999,0.62195,0.14064,0.00223,0.00023,0.85690
304.26001,0.62192,0.11904,0.00010,0.00007,0.88078
304.59000,0.62195,0.08596,0.00012,0.00019,0.91373
304.92001,0.62192,0.15694,0.00009,0.00016,0.84280
305.25000,0.62195,0.36352,0.00022,0.00017,0.63609
305.57999,0.62195,0.25302,0.00190,0.00040,0.74468
305.91000,0.62195,0.15981,0.00032,0.00010,0.83977
306.23999,0.62195,0.18909,0.00039,0.00013,0.81039
306.57001,0.62192,0.14192,0.00046,0.00007,0.85755
306.89999,0.62195,0.15379,0.00013,0.00007,0.84601
307.23001,0.62192,0.12295,0.00018,0.00009,0.87678
307.56000,0.62195,0.13682,0.00013,0.00011,0.86295
307.89001,0.62192,0.04756,0.00014,0.00003,0.95227
308.22000,0.62195,0.18267,0.00005,0.00017,0.81711
308.54999,0.62195,0.21922,0.00025,0.00021,0.78033
308.88000,0.62192,0.12267,0.00015,0.00015,0.87702
309.20999,0.62195,0.09791,0.00006,0.00009,0.90193
309.54001,0.62192,0.09779,0.00025,0.00010,0.90186
309.87000,0.62195,0.20246,0.00018,0.00017,0.79719
310.20001,0.62192,0.10009,0.00018,0.00020,0.89953
310.53000,0.62195,0.07136,0.00003,0.00009,0.92852
310.85999,0.62195,0.53470,0.00003,0.00089,0.46438
311.19000,0.62195,0.30913,0.00006,0.00162,0.68919
311.51999,0.62195,0.02627,0.00093,0.00008,0.97272
311.85001,0.62192,0.02420,0.00041,0.00023,0.97515
312.17999,0.62195,0.00366,0.00027,0.00000,0.99607
312.51001,0.62192,0.00204,0.00064,0.00000,0.99732
312.84000,0.62195,0.00232,0.00260,0.00000,0.99508
313.17001,0.62192,0.00571,0.00772,0.00000,0.98656
313.50000,0.62195,0.00319,0.00321,0.00000,0.99360
313.82999,0.62195,0.00208,0.00149,0.00000,0.99642
314.16000,0.62195,0.00404,0.00406,0.00000,0.99189
314.48999,0.62195,0.00431,0.00322,0.00001,0.99246
314.82001,0.62192,0.00375,0.00139,0.00001,0.99486
315.14999,0.62195,0.00258,0.00057,0.00000,0.99685
315.48001,0.62192,0.01763,0.00657,0.00000,0.97580
315.81000,0.62195,0.01110,0.00929,0.00000,0.97960
316.14001,0.62192,0.00213,0.00024,0.00000,0.99763
316.47000,0.62195,0.00362,0.00043,0.00000,0.99595
316.79999,0.62195,0.00398,0.00160,0.00000,0.99442
317.13000,0.62192,0.00386,0.00180,0.00000,0.99433
317.45999,0.62195,0.00851,0.00024,0.00004,0.99121
317.79001,0.62192,0.00265,0.00008,0.00000,0.99726
318.12000,0.62195,0.00313,0.00062,0.00000,0.99625
318.45001,0.62192,0.01243,0.00875,0.00001,0.97882
318.78000,0.62195,0.00433,0.00237,0.00000,0.99329
319.10999,0.62195,0.00221,0.00039,0.00000,0.99740
319.44000,0.62195,0.00165,0.00025,0.00000,0.99810
319.76999,0.62195,0.00327,0.00016,0.00000,0.99656
320.10001,0.62192,0.00372,0.00076,0.00000,0.99551
320.42999,0.62195,0.01945,0.01042,0.00000,0.97012
320.76001,0.62192,0.01152,0.02701,0.00001,0.96146
321.09000,0.62195,0.00577,0.00190,0.00000,0.99233
321.42001,0.62192,0.00727,0.00308,0.00001,0.98965
321.75000,0.62195,0.00229,0.00075,0.00000,0.99696
322.07999,0.62195,0.00697,0.00157,0.00003,0.99143
322.41000,0.62195,0.00212,0.00028,0.00000,0.99760
322.73999,0.62195,0.00718,0.00024,0.00001,0.99256
323.07001,0.62192,0.00639,0.00073,0.00002,0.99286
323.39999,0.62195,0.00579,0.00134,0.00002,0.99285
323.73001,0.62192,0.00897,0.00069,0.00005,0.99029
324.06000,0.62195,0.00392,0.00058,0.00000,0.99549
324.39001,0.62192,0.00506,0.00056,0.00001,0.99437
324.72000,0.62195,0.00370,0.00047,0.00000,0.99582
325.04999,0.62195,0.00534,0.00075,0.00001,0.99390
325.38000,0.62192,0.00493,0.00023,0.00001,0.99483
325.70999,0.62195,0.00206,0.00025,0.00000,0.99769
326.04001,0.62192,0.00305,0.00017,0.00000,0.99678
326.37000,0.62195,0.00256,0.00016,0.00000,0.99728
326.70001,0.62192,0.00336,0.00021,0.00000,0.99643
327.03000,0.62195,0.00279,0.00038,0.00000,0.99683
327.35999,0.62195,0.00821,0.00086,0.00002,0.99091
327.69000,0.62195,0.00318,0.00055,0.00000,0.99626
328.01999,0.62195,0.00312,0.00026,0.00000,0.99661
328.35001,0.62192,0.00357,0.00116,0.00001,0.99526
328.67999,0.62195,0.00549,0.00052,0.00002,0.99397
329.01001,0.62192,0.00636,0.00045,0.00002,0.99317
329.34000,0.62195,0.00794,0.00091,0.00001,0.99114
329.67001,0.62192,0.00313,0.00020,0.00001,0.99667
330.00000,0.62195,0.00290,0.00032,0.00000,0.99677
330.32999,0.62195,0.00368,0.00129,0.00000,0.99503
330.66000,0.62195,0.00820,0.00099,0.00002,0.99079
330.98999,0.62195,0.00379,0.00025,0.00000,0.99595
331.32001,0.62192,0.00655,0.00021,0.00002,0.99322
331.64999,0.62195,0.00571,0.00086,0.00001,0.99342
331.98001,0.62192,0.00626,0.00146,0.00002,0.99226
332.31000,0.62195,0.00623,0.00011,0.00002,0.99364
332.64001,0.62192,0.00791,0.00034,0.00001,0.99174
332.97000,0.62195,0.00483,0.00062,0.00001,0.99455
333.29999,0.62195,0.00766,0.00249,0.00003,0.98982
333.63000,0.62192,0.01835,0.01536,0.00002,0.96627
333.95999,0.62195,0.00278,0.00026,0.00000,0.99696
334.29001,0.62192,0.00333,0.00009,0.00000,0.99658
334.62000,0.62195,0.00849,0.00022,0.00002,0.99127
334.95001,0.62192,0.00224,0.00022,0.00000,0.99754
335.28000,0.62195,0.00710,0.00127,0.00001,0.99163
335.60999,0.62195,0.01203,0.00366,0.00001,0.98430
335.94000,0.62195,0.00518,0.00158,0.00001,0.99323
336.26999,0.62195,0.00965,0.00069,0.00001,0.98965
336.60001,0.62192,0.00485,0.00293,0.00001,0.99221
336.92999,0.62195,0.00593,0.00316,0.00002,0.99089
337.26001,0.62192,0.00963,0.00096,0.00002,0.98939
337.59000,0.62195,0.00553,0.00118,0.00001,0.99327
337.92001,0.62192,0.00133,0.00010,0.00000,0.99858
338.25000,0.62195,0.00461,0.00104,0.00001,0.99433
338.57999,0.62195,0.00391,0.00054,0.00000,0.99554
338.91000,0.62195,0.00385,0.00019,0.00001,0.99596
339.23999,0.62195,0.00315,0.00008,0.00000,0.99677
339.57001,0.62192,0.00212,0.00022,0.00000,0.99766
339.89999,0.62195,0.00240,0.00049,0.00000,0.99711
340.23001,0.62192,0.00194,0.00013,0.00000,0.99794
340.56000,0.62195,0.00814,0.00024,0.00000,0.99161
340.89001,0.62192,0.00348,0.00082,0.00000,0.99570
341.22000,0.62195,0.00322,0.00035,0.00001,0.99642
341.54999,0.62195,0.00328,0.00019,0.00000,0.99653
341.88000,0.62192,0.00203,0.00060,0.00000,0.99737
342.20999,0.62195,0.00543,0.00109,0.00001,0.99347
342.54001,0.62192,0.00486,0.00136,0.00000,0.99378
342.87000,0.62195,0.00243,0.00082,0.00000,0.99675
343.20001,0.62192,0.00483,0.00031,0.00001,0.99485
343.53000,0.62195,0.00401,0.00108,0.00001,0.99490
343.85999,0.62195,0.00625,0.00016,0.00002,0.99357
344.19000,0.62195,0.00661,0.00007,0.00001,0.99332
344.51999,0.62195,0.00341,0.00050,0.00000,0.99609
344.85001,0.62192,0.00410,0.00223,0.00001,0.99367
345.17999,0.62195,0.00500,0.00095,0.00001,0.99404
345.51001,0.62192,0.00281,0.00083,0.00000,0.99636
345.84000,0.62195,0.00214,0.00074,0.00000,0.99713
346.17001,0.62192,0.00221,0.00042,0.00000,0.99737
346.50000,0.62195,0.00320,0.00086,0.00000,0.99593
346.82999,0.62195,0.00587,0.00019,0.00000,0.99394
347.16000,0.62195,0.00796,0.00164,0.00001,0.99040
347.48999,0.62195,0.00487,0.00507,0.00001,0.99005
347.82001,0.62192,0.00783,0.00265,0.00003,0.98948
348.14999,0.62195,0.00811,0.00170,0.00001,0.99018
348.48001,0.62192,0.00482,0.00098,0.00001,0.99419
348.81000,0.62195,0.00433,0.00246,0.00000,0.99321
349.14001,0.62192,0.00794,0.00081,0.00003,0.99122
349.47000,0.62195,0.00775,0.00147,0.00004,0.99074
349.79999,0.62195,0.01040,0.00005,0.00011,0.98945
350.13000,0.62192,0.02376,0.00924,0.00000,0.96699
350.45999,0.62195,0.00493,0.00177,0.00000,0.99329
350.79001,0.62192,0.00450,0.00058,0.00001,0.99491
351.12000,0.62195,0.01618,0.00046,0.00059,0.98277
351.45001,0.62192,0.01577,0.00294,0.00005,0.98124
351.78000,0.62195,0.00278,0.00063,0.00000,0.99659
352.10999,0.62195,0.00534,0.00816,0.00000,0.98650
352.44000,0.62195,0.01296,0.00017,0.00004,0.98683
352.76999,0.62195,0.00721,0.00009,0.00000,0.99270
353.10001,0.62192,0.00323,0.00165,0.00000,0.99512
353.42999,0.62195,0.00392,0.00315,0.00000,0.99292
353.76001,0.62192,0.00311,0.00045,0.00000,0.99643
354.09000,0.62195,0.00343,0.00492,0.00000,0.99165
354.42001,0.62192,0.00468,0.00113,0.00001,0.99418
354.75000,0.62195,0.01119,0.00001,0.00005,0.98875
355.07999,0.62195,0.00464,0.00016,0.00000,0.99519
355.41000,0.62195,0.00283,0.00071,0.00000,0.99646
355.73999,0.62195,0.00826,0.00830,0.00002,0.98342
356.07001,0.62192,0.00586,0.00122,0.00001,0.99291
356.39999,0.62195,0.00835,0.00010,0.00001,0.99153
356.73001,0.62192,0.00680,0.00013,0.00002,0.99306
357.06000,0.62195,0.01242,0.00033,0.00001,0.98725
357.39001,0.62192,0.00344,0.00032,0.00000,0.99624
357.72000,0.62195,0.00266,0.00012,0.00000,0.99723
358.04999,0.62195,0.00442,0.00123,0.00001,0.99434
358.38000,0.62192,0.00661,0.00007,0.00000,0.99332
358.70999,0.62195,0.00404,0.00002,0.00000,0.99594
359.04001,0.62192,0.00575,0.00073,0.00000,0.99351
359.37000,0.62195,0.00562,0.00094,0.00002,0.99343
359.70001,0.62192,0.00220,0.00094,0.00000,0.99686
360.03000,0.62195,0.01060,0.00022,0.00011,0.98908
360.35999,0.62195,0.01011,0.00108,0.00002,0.98879
360.69000,0.62195,0.01182,0.00808,0.00005,0.98005
361.01999,0.62195,0.00561,0.00228,0.00001,0.99210
361.35001,0.62192,0.00507,0.00025,0.00001,0.99467
361.67999,0.62195,0.00238,0.00022,0.00000,0.99740
362.01001,0.62192,0.00298,0.00170,0.00000,0.99532
362.34000,0.62195,0.00650,0.00236,0.00000,0.99113
362.67001,0.62192,0.00302,0.00157,0.00000,0.99541
363.00000,0.62195,0.00217,0.00052,0.00000,0.99731
363.32999,0.62195,0.00846,0.00126,0.00000,0.99028
363.66000,0.62195,0.00546,0.00081,0.00001,0.99372
363.98999,0.62195,0.00407,0.00087,0.00000,0.99506
364.32001,0.62192,0.00478,0.00148,0.00001,0.99374
364.64999,0.62195,0.00557,0.00652,0.00002,0.98789
364.98001,0.62192,0.03424,0.01462,0.00016,0.95099
365.31000,0.62195,0.00261,0.00047,0.00000,0.99691
365.64001,0.62192,0.00265,0.00191,0.00000,0.99543
365.97000,0.62195,0.00377,0.00107,0.00000,0.99517
366.29999,0.62195,0.00245,0.00092,0.00000,0.99663
366.63000,0.62192,0.00498,0.00082,0.00001,0.99419
366.95999,0.62195,0.00323,0.00012,0.00000,0.99664
367.29001,0.62192,0.00242,0.00033,0.00000,0.99725
367.62000,0.62195,0.00546,0.00146,0.00001,0.99307
367.95001,0.62192,0.00595,0.00091,0.00002,0.99312
368.28000,0.62195,0.02438,0.03472,0.00004,0.94085
368.60999,0.62195,0.02890,0.00699,0.00011,0.96400
368.94000,0.62195,0.00217,0.00110,0.00000,0.99672
369.26999,0.62195,0.01984,0.00026,0.00017,0.97973
369.60001,0.62192,0.00399,0.00004,0.00000,0.99597
369.92999,0.62195,0.00451,0.00017,0.00000,0.99531
370.26001,0.62192,0.00236,0.00050,0.00000,0.99714
370.59000,0.62195,0.00754,0.01369,0.00003,0.97873
370.92001,0.62192,0.02887,0.02271,0.00026,0.94816
371.25000,0.62195,0.00203,0.00032,0.00000,0.99766
371.57999,0.62195,0.00447,0.00043,0.00000,0.99509
371.91000,0.62195,0.00384,0.00022,0.00000,0.99593
372.23999,0.62195,0.00756,0.00024,0.00001,0.99218
372.57001,0.62192,0.00215,0.00024,0.00000,0.99761
372.89999,0.62195,0.00337,0.00070,0.00000,0.99592
373.23001,0.62192,0.00617,0.00010,0.00000,0.99372
373.56000,0.62195,0.00317,0.00030,0.00000,0.99652
373.89001,0.62192,0.00373,0.00016,0.00001,0.99610
374.22000,0.62195,0.00322,0.00030,0.00000,0.99648
374.54999,0.62195,0.00386,0.00363,0.00000,0.99251
374.88000,0.62192,0.00803,0.00006,0.00001,0.99190
375.20999,0.62195,0.00341,0.00076,0.00000,0.99583
375.54001,0.62192,0.00321,0.00096,0.00000,0.99583
375.87000,0.62195,0.00374,0.00037,0.00000,0.99589
376.20001,0.62192,0.00286,0.00139,0.00000,0.99575
376.53000,0.62195,0.00298,0.00023,0.00000,0.99678
376.85999,0.62195,0.00424,0.00303,0.00000,0.99272
377.19000,0.62195,0.00507,0.00181,0.00001,0.99310
377.51999,0.62195,0.00533,0.00440,0.00000,0.99027
377.85001,0.62192,0.01148,0.01258,0.00001,0.97592
378.17999,0.62195,0.00873,0.00107,0.00002,0.99019
378.51001,0.62192,0.00324,0.00204,0.00000,0.99472
378.84000,0.62195,0.00200,0.00014,0.00000,0.99786
379.17001,0.62192,0.00226,0.00029,0.00000,0.99746
379.50000,0.62195,0.00249,0.00100,0.00000,0.99652
379.82999,0.62195,0.00261,0.00190,0.00000,0.99549
380.16000,0.62195,0.00598,0.00001,0.00001,0.99399
380.48999,0.62195,0.01299,0.00004,0.00005,0.98691
380.82001,0.62192,0.01315,0.00184,0.00000,0.98500
381.14999,0.62195,0.00198,0.00036,0.00000,0.99766
381.48001,0.62192,0.00144,0.00023,0.00000,0.99833
381.81000,0.62195,0.00172,0.00005,0.00000,0.99823
382.14001,0.62192,0.00784,0.00044,0.00001,0.99171
382.47000,0.62195,0.01714,0.00125,0.00006,0.98154
382.79999,0.62195,0.00644,0.00072,0.00002,0.99282
383.13000,0.62192,0.00622,0.00309,0.00001,0.99068
383.45999,0.62195,0.01172,0.00205,0.00000,0.98622
383.79001,0.62192,0.00413,0.00176,0.00000,0.99410
384.12000,0.62195,0.00367,0.00200,0.00001,0.99433
384.45001,0.62192,0.00440,0.00067,0.00000,0.99492
384.78000,0.62195,0.00207,0.00048,0.00000,0.99745
385.10999,0.62195,0.00855,0.00011,0.00000,0.99134
385.44000,0.62195,0.00866,0.00031,0.00001,0.99101
385.76999,0.62195,0.00601,0.00181,0.00002,0.99216
386.10001,0.62192,0.00597,0.00026,0.00002,0.99375
386.42999,0.62195,0.01738,0.00011,0.00004,0.98247
386.76001,0.62192,0.01914,0.00005,0.00003,0.98079
387.09000,0.62195,0.01616,0.00004,0.00004,0.98376
387.42001,0.62192,0.01666,0.00102,0.00010,0.98222
387.75000,0.62195,0.01442,0.00023,0.00003,0.98532
388.07999,0.62195,0.01403,0.00011,0.00003,0.98583
388.41000,0.62195,0.01979,0.00023,0.00006,0.97992
388.73999,0.62195,0.02017,0.00036,0.00004,0.97943
389.07001,0.62192,0.03790,0.00014,0.00004,0.96192
389.39999,0.62195,0.33105,0.00123,0.00011,0.66761
389.73001,0.62192,0.16910,0.00056,0.00006,0.83028
390.06000,0.62195,0.02238,0.00010,0.00007,0.97744
390.39001,0.62192,0.01952,0.00028,0.00003,0.98017
390.72000,0.62195,0.07043,0.00011,0.00004,0.92942
391.04999,0.62195,0.05132,0.00008,0.00006,0.94854
391.38000,0.62192,0.05844,0.00002,0.00008,0.94146
391.70999,0.62195,0.05766,0.00002,0.00020,0.94213
392.04001,0.62192,0.01601,0.00042,0.00003,0.98355
392.37000,0.62195,0.08791,0.00022,0.00004,0.91183
392.70001,0.62192,0.10741,0.00037,0.00028,0.89194
393.03000,0.62195,0.01400,0.00017,0.00031,0.98553
393.35999,0.62195,0.00665,0.00005,0.00001,0.99328
393.69000,0.62195,0.01165,0.00004,0.00012,0.98819
394.01999,0.62195,0.00893,0.00001,0.00002,0.99104
394.35001,0.62192,0.00814,0.00001,0.00004,0.99181
394.67999,0.62195,0.01105,0.00004,0.00007,0.98884
395.01001,0.62192,0.07353,0.00007,0.00001,0.92639
395.34000,0.62195,0.03847,0.00037,0.00010,0.96106
395.67001,0.62192,0.24619,0.00044,0.00081,0.75256
396.00000,0.62195,0.18694,0.00027,0.00390,0.80888
396.32999,0.62195,0.07982,0.00006,0.00016,0.91996
396.66000,0.62195,0.05266,0.00463,0.00020,0.94250
396.98999,0.62195,0.43286,0.00131,0.00010,0.56574
397.32001,0.62192,0.04118,0.00438,0.00013,0.95432
397.64999,0.62195,0.07373,0.00028,0.00007,0.92592
397.98001,0.62192,0.05374,0.00015,0.00013,0.94598
398.31000,0.62195,0.02874,0.00022,0.00008,0.97096
398.64001,0.62192,0.05677,0.00015,0.00005,0.94303
398.97000,0.62195,0.06600,0.00018,0.00009,0.93374
399.29999,0.62195,0.03273,0.00004,0.00003,0.96721
399.63000,0.62192,0.00659,0.00061,0.00002,0.99278
399.95999,0.62195,0.04472,0.02250,0.00003,0.93275
400.29001,0.62192,0.36621,0.00279,0.00149,0.62951
400.62000,0.62195,0.17092,0.01726,0.00019,0.81163
400.95001,0.62192,0.00656,0.00011,0.00000,0.99332
401.28000,0.62195,0.19545,0.00004,0.00000,0.80451
401.60999,0.62195,0.17771,0.00031,0.00029,0.82168
401.94000,0.62195,0.05544,0.00002,0.00028,0.94426
402.26999,0.62195,0.04827,0.00018,0.00079,0.95076
402.60001,0.62192,0.01312,0.00001,0.00003,0.98684
402.92999,0.62195,0.02123,0.00002,0.00003,0.97873
403.26001,0.62192,0.07332,0.00007,0.00010,0.92652
403.59000,0.62195,0.12748,0.00007,0.00012,0.87234
403.92001,0.62192,0.09271,0.00003,0.00014,0.90712
404.25000,0.62195,0.09223,0.00004,0.00026,0.90748
404.57999,0.62195,0.01148,0.00003,0.00001,0.98847
404.91000,0.62195,0.04095,0.00004,0.00005,0.95896
405.23999,0.62195,0.06182,0.00006,0.00011,0.93801
405.57001,0.62192,0.19801,0.00005,0.00023,0.80171
405.89999,0.62195,0.09043,0.00782,0.00026,0.90149
406.23001,0.62192,0.28100,0.00060,0.00005,0.71835
406.56000,0.62195,0.08217,0.00006,0.00008,0.91769
406.89001,0.62192,0.07457,0.00002,0.00007,0.92535
407.22000,0.62195,0.17952,0.00003,0.00012,0.82033
407.54999,0.62195,0.12181,0.00004,0.00010,0.87805
407.88000,0.62192,0.08696,0.00011,0.00015,0.91278
408.20999,0.62195,0.16884,0.00069,0.00035,0.83011
408.54001,0.62192,0.14447,0.00011,0.00014,0.85527
408.87000,0.62195,0.09668,0.00003,0.00010,0.90320
409.20001,0.62192,0.04891,0.00027,0.00010,0.95072
409.53000,0.62195,0.12234,0.00017,0.00011,0.87738
409.85999,0.62195,0.03907,0.00005,0.00005,0.96084
410.19000,0.62195,0.05123,0.00007,0.00008,0.94863
410.51999,0.62195,0.19386,0.00023,0.00014,0.80576
410.85001,0.62192,0.15718,0.00008,0.00010,0.84264
411.17999,0.62195,0.11392,0.00057,0.00048,0.88503
411.51001,0.62192,0.18004,0.00012,0.00008,0.81975
411.84000,0.62195,0.10370,0.00019,0.00015,0.89596
412.17001,0.62192,0.36922,0.00105,0.00174,0.62799
412.50000,0.62195,0.42758,0.00019,0.00088,0.57135
412.82999,0.62195,0.21731,0.00005,0.00044,0.78220
413.16000,0.62195,0.09624,0.00002,0.00021,0.90354
413.48999,0.62195,0.08733,0.00003,0.00032,0.91231
413.82001,0.62192,0.06659,0.00004,0.00013,0.93324
414.14999,0.62195,0.12386,0.00003,0.00014,0.87597
414.48001,0.62192,0.11645,0.00003,0.00020,0.88332
414.81000,0.62195,0.06947,0.00003,0.00014,0.93037
415.14001,0.62192,0.04857,0.00003,0.00012,0.95128
415.47000,0.62195,0.05680,0.00003,0.00007,0.94310
415.79999,0.62195,0.07784,0.00006,0.00012,0.92198
416.13000,0.62192,0.05900,0.00005,0.00009,0.94086
416.45999,0.62195,0.08739,0.00006,0.00010,0.91246
416.79001,0.62192,0.15447,0.00008,0.00012,0.84533
417.12000,0.62195,0.09530,0.00008,0.00015,0.90446
417.45001,0.62192,0.09817,0.00008,0.00009,0.90165
417.78000,0.62195,0.13430,0.00010,0.00023,0.86536
418.10999,0.62195,0.92046,0.00001,0.00001,0.07952
418.44000,0.62195,0.99105,0.00000,0.00010,0.00885
418.76999,0.62195,0.54920,0.02839,0.00911,0.41330
419.10001,0.62192,0.37038,0.00003,0.00046,0.62913
419.42999,0.62195,0.27876,0.00095,0.00319,0.71710
419.76001,0.62192,0.18951,0.00003,0.00081,0.80965
420.09000,0.62195,0.20598,0.00007,0.00049,0.79345
420.42001,0.62192,0.10401,0.00006,0.00010,0.89582
420.75000,0.62195,0.09166,0.00011,0.00008,0.90815
421.07999,0.62195,0.27495,0.00009,0.00027,0.72469
421.41000,0.62195,0.64893,0.00040,0.00528,0.34539
421.73999,0.62195,0.61986,0.00015,0.00054,0.37946
422.07001,0.62192,0.45447,0.00002,0.00255,0.54297
422.39999,0.62195,0.52862,0.00016,0.00258,0.46863
422.73001,0.62192,0.53495,0.00019,0.00094,0.46392
423.06000,0.62195,0.43243,0.00007,0.00072,0.56678
423.39001,0.62192,0.40161,0.00006,0.00179,0.59654
423.72000,0.62195,0.50690,0.00003,0.00427,0.48880
424.04999,0.62195,0.48142,0.00004,0.00247,0.51606
424.38000,0.62192,0.53625,0.00002,0.00411,0.45962
424.70999,0.62195,0.60744,0.00002,0.00478,0.38776
425.04001,0.62192,0.56349,0.00002,0.00419,0.43230
425.37000,0.62195,0.56348,0.00003,0.00398,0.43252
425.70001,0.62192,0.49624,0.00006,0.00292,0.50079
426.03000,0.62195,0.49441,0.00017,0.00127,0.50415
426.35999,0.62195,0.42360,0.00008,0.00129,0.57503
426.69000,0.62195,0.41705,0.00006,0.00191,0.58097
427.01999,0.62195,0.41441,0.00007,0.00191,0.58361
427.35001,0.62192,0.46240,0.00008,0.00200,0.53551
427.67999,0.62195,0.43180,0.00006,0.00178,0.56636
428.01001,0.62192,0.38490,0.00002,0.00228,0.61280
428.34000,0.62195,0.45691,0.00002,0.00462,0.53845
428.67001,0.62192,0.57452,0.00001,0.00431,0.42115
429.00000,0.62195,0.56632,0.00002,0.00830,0.42536
429.32999,0.62195,0.51134,0.00004,0.00995,0.47867
429.66000,0.62195,0.62384,0.00002,0.00323,0.37291
429.98999,0.62195,0.65976,0.00002,0.00484,0.33538
430.32001,0.62192,0.60131,0.00002,0.00920,0.38947
430.64999,0.62195,0.59201,0.00002,0.00311,0.40486
430.98001,0.62192,0.58608,0.00002,0.00313,0.41077
431.31000,0.62195,0.67775,0.00002,0.00748,0.31475
431.64001,0.62192,0.60976,0.00001,0.00504,0.38519
431.97000,0.62195,0.60326,0.00001,0.00520,0.39153
432.29999,0.62195,0.53855,0.00000,0.00013,0.46132
432.63000,0.62192,0.76657,0.00001,0.00103,0.23240
432.95999,0.62195,0.60102,0.00002,0.00388,0.39509
433.29001,0.62192,0.46761,0.00003,0.00408,0.52829
