Time (seconds), Duration (seconds),pred_(unlabeled),pred_brushing_teeth,pred_hair_drying,pred_showering
0.00000,0.62194,1.00000,0.00000,0.00000,0.00000
0.33000,0.62194,1.00000,0.00000,0.00000,0.00000
0.66000,0.62194,1.00000,0.00000,0.00000,0.00000
0.99000,0.62194,1.00000,0.00000,0.00000,0.00000
1.32000,0.62194,0.99999,0.00000,0.00000,0.00000
1.65000,0.62194,1.00000,0.00000,0.00000,0.00000
1.98000,0.62194,1.00000,0.00000,0.00000,0.00000
2.31000,0.62194,0.99999,0.00000,0.00001,0.00000
2.64000,0.62194,0.99977,0.00003,0.00018,0.00002
2.97000,0.62194,0.99964,0.00005,0.00027,0.00004
3.30000,0.62194,0.99988,0.00000,0.00012,0.00000
3.63000,0.62194,0.99185,0.00017,0.00784,0.00015
3.96000,0.62194,0.99926,0.00001,0.00072,0.00001
4.29000,0.62194,0.99999,0.00000,0.00001,0.00000
4.62000,0.62194,0.99993,0.00001,0.00006,0.00000
4.95000,0.62194,0.99987,0.00001,0.00011,0.00001
5.28000,0.62194,0.88729,0.01125,0.01012,0.09134
5.61000,0.62194,0.87519,0.00853,0.00582,0.11045
5.94000,0.62194,0.98849,0.00069,0.00226,0.00855
6.27000,0.62194,0.70859,0.00318,0.02908,0.25914
6.60000,0.62194,0.11166,0.00819,0.00835,0.87180
6.93000,0.62194,0.21277,0.01107,0.00669,0.76947
7.26000,0.62194,0.63656,0.00710,0.02052,0.33582
7.59000,0.62194,0.94984,0.00027,0.01327,0.03662
7.92000,0.62194,0.65301,0.05029,0.03256,0.26413
8.25000,0.62194,0.01708,0.92620,0.00165,0.05508
8.58000,0.62194,0.02532,0.94267,0.00072,0.03129
8.91000,0.62194,0.07374,0.45426,0.00449,0.46751
9.24000,0.62194,0.05925,0.06645,0.00549,0.86881
9.57000,0.62194,0.02708,0.01157,0.00602,0.95533
9.90000,0.62194,0.02652,0.00461,0.00666,0.96221
10.23000,0.62194,0.02974,0.00219,0.00611,0.96196
10.56000,0.62194,0.03483,0.00812,0.00405,0.95300
10.89000,0.62194,0.04809,0.00828,0.00486,0.93876
11.22000,0.62194,0.05015,0.00867,0.00411,0.93708
11.55000,0.62194,0.04516,0.00843,0.00489,0.94152
11.88000,0.62194,0.02560,0.00074,0.00583,0.96784
12.21000,0.62194,0.02778,0.00045,0.00613,0.96564
12.54000,0.62194,0.03037,0.00080,0.00554,0.96328
12.87000,0.62194,0.02747,0.00181,0.00653,0.96419
13.20000,0.62194,0.03720,0.00087,0.00631,0.95563
13.53000,0.62194,0.03313,0.00084,0.00449,0.96155
13.86000,0.62194,0.04552,0.00115,0.00448,0.94885
14.19000,0.62194,0.03206,0.00136,0.00515,0.96143
14.52000,0.62194,0.04453,0.00145,0.00472,0.94930
14.85000,0.62194,0.05350,0.00096,0.00443,0.94112
15.18000,0.62194,0.04510,0.00145,0.00509,0.94837
15.51000,0.62194,0.04241,0.00410,0.00543,0.94806
15.84000,0.62194,0.02342,0.01018,0.00701,0.95939
16.17000,0.62194,0.02188,0.00175,0.00679,0.96958
16.50000,0.62194,0.01960,0.00086,0.00747,0.97208
16.83000,0.62194,0.02201,0.00114,0.00763,0.96923
17.16000,0.62194,0.02458,0.00089,0.00666,0.96787
17.49000,0.62194,0.03551,0.00094,0.00494,0.95862
17.82000,0.62194,0.04050,0.00211,0.00385,0.95355
18.15000,0.62194,0.06116,0.00200,0.00364,0.93320
18.48000,0.62194,0.07723,0.00635,0.00488,0.91155
18.81000,0.62194,0.08336,0.00236,0.00418,0.91010
19.14000,0.62194,0.05456,0.00116,0.00420,0.94008
19.47000,0.62194,0.06672,0.00160,0.00345,0.92823
19.80000,0.62194,0.08770,0.03452,0.00468,0.87310
20.13000,0.62194,0.05673,0.01230,0.00468,0.92628
20.46000,0.62194,0.05362,0.00232,0.00339,0.94068
20.79000,0.62194,0.04752,0.00139,0.00392,0.94717
21.12000,0.62194,0.05667,0.00136,0.00390,0.93807
21.45000,0.62194,0.06769,0.00196,0.00349,0.92686
21.78000,0.62194,0.03716,0.00341,0.00417,0.95526
22.11000,0.62194,0.04433,0.00324,0.00430,0.94813
22.44000,0.62194,0.07900,0.01634,0.00417,0.90048
22.77000,0.62194,0.08487,0.05752,0.00474,0.85287
23.10000,0.62194,0.06079,0.01696,0.00363,0.91862
23.43000,0.62194,0.06208,0.00624,0.00367,0.92800
23.76000,0.62194,0.05271,0.00171,0.00370,0.94189
24.09000,0.62194,0.07081,0.00741,0.00356,0.91822
24.42000,0.62194,0.07307,0.00707,0.00436,0.91551
24.75000,0.62194,0.07156,0.00313,0.00338,0.92193
25.08000,0.62194,0.07650,0.00487,0.00418,0.91445
25.41000,0.62194,0.04513,0.00370,0.00498,0.94620
25.74000,0.62194,0.05190,0.00790,0.00465,0.93555
26.07000,0.62194,0.09682,0.00155,0.01666,0.88497
26.40000,0.62194,0.06954,0.00077,0.02609,0.90360
26.73000,0.62194,0.05224,0.00128,0.00436,0.94212
27.06000,0.62194,0.07379,0.00041,0.00349,0.92231
27.39000,0.62194,0.05919,0.00158,0.00397,0.93527
27.72000,0.62194,0.08202,0.00433,0.00456,0.90909
28.05000,0.62194,0.10195,0.04781,0.00478,0.84547
28.38000,0.62194,0.04695,0.05056,0.00567,0.89682
28.71000,0.62194,0.03819,0.00997,0.00557,0.94628
29.04000,0.62194,0.06384,0.01007,0.00445,0.92163
29.37000,0.62194,0.05435,0.00380,0.00387,0.93798
29.70000,0.62194,0.06651,0.00380,0.00456,0.92514
30.03000,0.62194,0.07684,0.00145,0.00460,0.91711
30.36000,0.62194,0.05989,0.00046,0.00397,0.93568
30.69000,0.62194,0.04878,0.00048,0.00456,0.94618
31.02000,0.62194,0.03498,0.00056,0.00419,0.96028
31.35000,0.62194,0.04293,0.00144,0.00614,0.94949
31.68000,0.62194,0.03840,0.00100,0.00577,0.95483
32.01000,0.62194,0.01672,0.00044,0.00578,0.97706
32.34000,0.62194,0.01859,0.00120,0.00629,0.97391
32.67000,0.62194,0.03438,0.00079,0.00518,0.95965
33.00000,0.62194,0.03277,0.00112,0.00574,0.96037
33.33000,0.62194,0.04726,0.00505,0.00612,0.94156
33.66000,0.62194,0.03354,0.00961,0.00826,0.94859
33.99000,0.62194,0.02600,0.00604,0.00732,0.96063
34.32000,0.62194,0.02666,0.00060,0.00554,0.96719
34.65000,0.62194,0.03348,0.00103,0.00571,0.95977
34.98000,0.62194,0.02735,0.00109,0.00533,0.96623
35.31000,0.62194,0.03418,0.00107,0.00478,0.95996
35.64000,0.62194,0.03297,0.00245,0.00606,0.95851
35.97000,0.62194,0.04611,0.00277,0.00376,0.94736
36.30000,0.62194,0.05334,0.00047,0.00463,0.94156
36.63000,0.62194,0.03728,0.00085,0.00961,0.95226
36.96000,0.62194,0.01554,0.00908,0.00872,0.96666
37.29000,0.62194,0.02235,0.00626,0.00605,0.96534
37.62000,0.62194,0.02466,0.00218,0.00577,0.96739
37.95000,0.62194,0.04452,0.00121,0.00553,0.94873
38.28000,0.62194,0.08021,0.00422,0.00444,0.91113
38.61000,0.62194,0.04413,0.00249,0.00416,0.94922
38.94000,0.62194,0.03771,0.00087,0.00600,0.95542
39.27000,0.62194,0.04552,0.00092,0.00456,0.94900
39.60000,0.62194,0.04807,0.00074,0.00420,0.94699
39.93000,0.62194,0.06018,0.00073,0.00327,0.93583
40.26000,0.62194,0.06048,0.00083,0.00371,0.93498
40.59000,0.62194,0.06503,0.00082,0.00388,0.93027
40.92000,0.62194,0.05699,0.00108,0.00380,0.93812
41.25000,0.62194,0.05417,0.00284,0.00341,0.93958
41.58000,0.62194,0.03977,0.00278,0.00433,0.95312
41.91000,0.62194,0.04939,0.00076,0.00427,0.94559
42.24000,0.62194,0.06326,0.00088,0.00380,0.93206
42.57000,0.62194,0.07786,0.00129,0.00381,0.91703
42.90000,0.62194,0.07639,0.00067,0.00343,0.91951
43.23000,0.62194,0.09312,0.00258,0.00382,0.90048
43.56000,0.62194,0.07490,0.00410,0.00516,0.91584
43.89000,0.62194,0.04672,0.00205,0.00521,0.94602
44.22000,0.62194,0.12705,0.00121,0.00340,0.86833
44.55000,0.62194,0.06819,0.00209,0.00386,0.92585
44.88000,0.62194,0.04845,0.00496,0.00460,0.94200
45.21000,0.62194,0.06077,0.00201,0.00368,0.93353
45.54000,0.62194,0.08541,0.00037,0.00311,0.91111
45.87000,0.62194,0.07224,0.00030,0.00303,0.92443
46.20000,0.62194,0.04158,0.00044,0.00515,0.95284
46.53000,0.62194,0.03992,0.00056,0.00483,0.95469
46.86000,0.62194,0.03717,0.00138,0.00543,0.95601
47.19000,0.62194,0.07021,0.00064,0.00396,0.92519
47.52000,0.62194,0.09889,0.00056,0.00438,0.89617
47.85000,0.62194,0.07475,0.00154,0.00465,0.91906
48.18000,0.62194,0.04431,0.00599,0.00490,0.94479
48.51000,0.62194,0.04462,0.00191,0.00490,0.94858
48.84000,0.62194,0.08863,0.00398,0.00418,0.90321
49.17000,0.62194,0.09234,0.00211,0.00331,0.90225
49.50000,0.62194,0.05984,0.00064,0.00381,0.93571
49.83000,0.62194,0.08243,0.00033,0.00339,0.91385
50.16000,0.62194,0.09385,0.00167,0.00327,0.90121
50.49000,0.62194,0.06256,0.00176,0.00396,0.93172
50.82000,0.62194,0.05557,0.00223,0.00365,0.93855
51.15000,0.62194,0.06064,0.00055,0.00354,0.93528
51.48000,0.62194,0.08460,0.00059,0.00385,0.91097
51.81000,0.62194,0.06871,0.00116,0.00309,0.92704
52.14000,0.62194,0.05132,0.00057,0.00410,0.94401
52.47000,0.62194,0.03912,0.00076,0.00473,0.95539
52.80000,0.62194,0.05267,0.00288,0.00442,0.94003
53.13000,0.62194,0.05790,0.00196,0.00469,0.93544
53.46000,0.62194,0.06802,0.00445,0.00434,0.92318
53.79000,0.62194,0.07274,0.00092,0.00422,0.92212
54.12000,0.62194,0.07250,0.00073,0.00309,0.92368
54.45000,0.62194,0.07630,0.00103,0.00335,0.91931
54.78000,0.62194,0.07544,0.00227,0.00365,0.91864
55.11000,0.62194,0.12083,0.00126,0.00365,0.87426
55.44000,0.62194,0.13092,0.00068,0.00365,0.86476
55.77000,0.62194,0.05862,0.00313,0.00542,0.93282
56.10000,0.62194,0.05354,0.00383,0.00486,0.93777
56.43000,0.62194,0.07251,0.00188,0.00498,0.92064
56.76000,0.62194,0.03270,0.00198,0.00384,0.96149
57.09000,0.62194,0.08124,0.00222,0.00375,0.91279
57.42000,0.62194,0.08173,0.00357,0.00386,0.91084
57.75000,0.62194,0.09127,0.00233,0.00429,0.90210
58.08000,0.62194,0.06806,0.00145,0.00348,0.92701
58.41000,0.62194,0.06416,0.00197,0.00347,0.93040
58.74000,0.62194,0.05963,0.00213,0.00425,0.93399
59.07000,0.62194,0.05958,0.00134,0.00421,0.93487
59.40000,0.62194,0.07385,0.00209,0.00395,0.92012
59.73000,0.62194,0.06582,0.00282,0.00406,0.92731
60.06000,0.62194,0.05732,0.00099,0.00374,0.93796
60.39000,0.62194,0.05337,0.00109,0.00419,0.94135
60.72000,0.62194,0.05763,0.00133,0.00372,0.93732
61.05000,0.62194,0.06111,0.00102,0.00370,0.93417
61.38000,0.62194,0.04506,0.00168,0.00408,0.94919
61.71000,0.62194,0.05396,0.00159,0.00360,0.94086
62.04000,0.62194,0.06557,0.00225,0.00355,0.92863
62.37000,0.62194,0.06482,0.00395,0.00436,0.92686
62.70000,0.62194,0.06921,0.00648,0.00398,0.92033
63.03000,0.62194,0.04797,0.00144,0.00455,0.94603
63.36000,0.62194,0.05486,0.00120,0.00367,0.94027
63.69000,0.62194,0.06213,0.00539,0.00354,0.92895
64.02000,0.62194,0.06859,0.00332,0.00351,0.92458
64.35000,0.62194,0.06417,0.00247,0.00422,0.92914
64.68000,0.62194,0.08526,0.00161,0.00365,0.90948
65.01000,0.62193,0.08360,0.00243,0.00348,0.91048
65.34000,0.62194,0.05256,0.00251,0.00446,0.94047
65.67000,0.62194,0.04308,0.00286,0.00394,0.95013
66.00000,0.62194,0.05549,0.00174,0.00401,0.93876
66.33000,0.62193,0.04199,0.00220,0.00409,0.95171
66.66000,0.62193,0.06307,0.00368,0.00427,0.92898
66.99000,0.62194,0.02483,0.01056,0.00564,0.95896
67.32000,0.62194,0.01966,0.00770,0.00823,0.96441
67.65000,0.62193,0.02929,0.00051,0.00596,0.96424
67.98000,0.62193,0.03777,0.00025,0.00454,0.95744
68.31000,0.62194,0.02241,0.00034,0.00527,0.97197
68.64000,0.62194,0.02406,0.00080,0.00509,0.97005
68.97000,0.62193,0.06318,0.00113,0.00378,0.93190
69.30000,0.62193,0.07508,0.00099,0.00306,0.92087
69.63000,0.62194,0.06567,0.00648,0.00341,0.92444
69.96000,0.62194,0.13247,0.00417,0.00375,0.85960
70.29000,0.62193,0.07007,0.00179,0.00422,0.92392
70.62000,0.62193,0.05317,0.00100,0.00417,0.94165
70.95000,0.62194,0.06846,0.15826,0.00803,0.76526
71.28000,0.62194,0.11037,0.21489,0.00775,0.66700
71.61000,0.62194,0.07829,0.00950,0.00571,0.90650
71.94000,0.62193,0.05605,0.00146,0.00454,0.93795
72.27000,0.62194,0.04190,0.00025,0.00450,0.95335
72.60000,0.62194,0.04392,0.00081,0.00368,0.95159
72.93000,0.62194,0.06043,0.00116,0.00405,0.93436
73.26000,0.62193,0.06076,0.00334,0.00508,0.93082
73.59000,0.62194,0.06791,0.00267,0.00533,0.92409
73.92000,0.62194,0.07688,0.00575,0.00471,0.91266
74.25000,0.62194,0.06721,0.00352,0.00414,0.92513
74.58000,0.62193,0.01438,0.00058,0.00511,0.97993
74.91000,0.62193,0.01945,0.00028,0.00523,0.97504
75.24000,0.62194,0.03057,0.00097,0.00596,0.96250
75.57000,0.62194,0.02747,0.00225,0.00608,0.96421
75.90000,0.62193,0.03779,0.00135,0.00537,0.95548
76.23000,0.62193,0.03233,0.00069,0.00593,0.96105
76.56000,0.62194,0.04610,0.00055,0.00484,0.94851
76.89000,0.62194,0.04766,0.00140,0.00583,0.94511
77.22000,0.62193,0.05268,0.00095,0.00566,0.94072
77.55000,0.62193,0.07212,0.00047,0.00367,0.92373
77.88000,0.62194,0.07893,0.00075,0.00325,0.91707
78.21000,0.62194,0.06679,0.00129,0.00381,0.92810
78.54000,0.62193,0.05587,0.00095,0.00427,0.93891
78.87000,0.62193,0.02737,0.00054,0.00616,0.96593
79.20000,0.62194,0.01904,0.00074,0.00970,0.97053
79.53000,0.62194,0.02557,0.00056,0.00675,0.96713
79.86000,0.62194,0.03451,0.00048,0.00570,0.95932
80.19000,0.62193,0.03447,0.00030,0.00531,0.95992
80.52000,0.62194,0.04743,0.00046,0.00364,0.94847
80.85000,0.62194,0.04943,0.00089,0.00428,0.94540
81.18000,0.62194,0.05010,0.00071,0.00437,0.94482
81.51000,0.62193,0.04247,0.00064,0.00396,0.95293
81.84000,0.62194,0.03047,0.00068,0.00575,0.96310
82.17000,0.62194,0.02679,0.00119,0.00768,0.96434
82.50000,0.62194,0.04983,0.00061,0.00517,0.94439
82.83000,0.62193,0.04505,0.00068,0.00488,0.94938
83.16000,0.62193,0.05144,0.00037,0.00586,0.94233
83.49000,0.62194,0.06747,0.00068,0.00384,0.92801
83.82000,0.62194,0.08173,0.00077,0.00356,0.91395
84.15000,0.62193,0.06931,0.00062,0.00358,0.92649
84.48000,0.62193,0.06209,0.00062,0.00358,0.93371
84.81000,0.62194,0.05560,0.00325,0.00459,0.93656
85.14000,0.62194,0.05278,0.00788,0.00534,0.93400
85.47000,0.62193,0.08773,0.00218,0.00301,0.90708
85.80000,0.62193,0.21578,0.00127,0.00385,0.77910
86.13000,0.62194,0.27667,0.00233,0.04970,0.67130
86.46000,0.62194,0.12729,0.00221,0.00447,0.86603
86.79000,0.62193,0.13129,0.00561,0.00471,0.85839
87.12000,0.62193,0.09097,0.01196,0.00459,0.89248
87.45000,0.62194,0.15119,0.00105,0.00360,0.84416
87.78000,0.62194,0.21258,0.00160,0.01452,0.77131
88.11000,0.62194,0.08288,0.00179,0.00388,0.91146
88.44000,0.62193,0.08942,0.00203,0.00496,0.90359
88.77000,0.62194,0.10962,0.00319,0.00414,0.88306
89.10000,0.62194,0.08379,0.00454,0.00514,0.90653
89.43000,0.62194,0.08225,0.00588,0.00557,0.90629
89.76000,0.62193,0.15010,0.00238,0.00362,0.84390
90.09000,0.62194,0.12053,0.00202,0.00310,0.87435
90.42000,0.62194,0.08232,0.00226,0.00351,0.91191
90.75000,0.62194,0.04898,0.00272,0.00534,0.94297
91.08000,0.62193,0.06036,0.00195,0.00471,0.93299
91.41000,0.62193,0.09097,0.00368,0.00391,0.90143
91.74000,0.62194,0.06129,0.00448,0.00473,0.92950
92.07000,0.62194,0.05917,0.00369,0.00430,0.93284
92.40000,0.62193,0.04264,0.00425,0.00515,0.94796
92.73000,0.62193,0.04779,0.00334,0.00437,0.94449
93.06000,0.62194,0.03475,0.00115,0.00427,0.95983
93.39000,0.62194,0.03156,0.00994,0.00511,0.95340
93.72000,0.62193,0.03779,0.00266,0.00361,0.95593
94.05000,0.62193,0.06268,0.00047,0.00325,0.93360
94.38000,0.62194,0.07571,0.00044,0.00345,0.92040
94.71000,0.62194,0.07953,0.00064,0.00335,0.91648
95.04000,0.62193,0.10278,0.00239,0.00370,0.89113
95.37000,0.62193,0.10114,0.00120,0.00312,0.89453
95.70000,0.62194,0.05930,0.00032,0.00394,0.93644
96.03000,0.62194,0.03516,0.00062,0.00410,0.96013
96.36000,0.62194,0.07835,0.00060,0.00351,0.91755
96.69000,0.62193,0.14359,0.00033,0.00290,0.85317
97.02000,0.62194,0.12099,0.00145,0.00352,0.87403
97.35000,0.62194,0.18909,0.00105,0.00338,0.80648
97.68000,0.62194,0.12579,0.00058,0.00312,0.87051
98.01000,0.62193,0.09201,0.00107,0.00311,0.90381
98.34000,0.62194,0.09300,0.00136,0.00394,0.90170
98.67000,0.62194,0.10484,0.00137,0.00362,0.89017
99.00000,0.62194,0.11410,0.00076,0.00345,0.88169
99.33000,0.62193,0.10282,0.00158,0.00422,0.89138
99.66000,0.62193,0.07769,0.00039,0.00361,0.91831
99.99000,0.62194,0.07620,0.00023,0.00323,0.92035
100.32000,0.62194,0.08519,0.00065,0.00390,0.91026
100.65000,0.62193,0.07806,0.00078,0.00372,0.91745
100.98000,0.62193,0.07330,0.00152,0.00339,0.92179
101.31000,0.62194,0.05951,0.00379,0.00364,0.93306
101.64000,0.62194,0.06801,0.00145,0.00407,0.92648
101.97000,0.62193,0.07581,0.00175,0.00517,0.91728
102.30000,0.62193,0.05727,0.00088,0.00347,0.93838
102.63000,0.62194,0.08551,0.00049,0.00426,0.90974
102.96000,0.62194,0.09465,0.00086,0.00431,0.90018
103.29000,0.62193,0.16003,0.00763,0.00386,0.82847
103.62000,0.62193,0.18202,0.00852,0.00346,0.80600
103.95000,0.62194,0.07231,0.00214,0.00424,0.92131
104.28000,0.62194,0.10281,0.00145,0.00363,0.89212
104.61000,0.62194,0.13092,0.00230,0.00360,0.86318
104.94000,0.62193,0.21354,0.00960,0.00426,0.77260
105.27000,0.62194,0.18073,0.02182,0.00469,0.79276
105.60000,0.62194,0.13628,0.01175,0.00367,0.84830
105.93000,0.62194,0.18883,0.00126,0.00303,0.80688
106.26000,0.62193,0.17708,0.00122,0.00361,0.81809
106.59000,0.62194,0.10713,0.00074,0.00296,0.88917
106.92000,0.62194,0.11513,0.00044,0.00309,0.88135
107.25000,0.62194,0.09465,0.00042,0.00337,0.90156
107.58000,0.62193,0.06724,0.00047,0.00422,0.92807
107.91000,0.62193,0.05217,0.00045,0.00447,0.94291
108.24000,0.62194,0.04759,0.00049,0.00502,0.94690
108.57000,0.62194,0.06150,0.00070,0.00418,0.93361
108.90000,0.62193,0.12510,0.00087,0.00357,0.87046
109.23000,0.62193,0.07871,0.00099,0.00347,0.91683
109.56000,0.62194,0.10615,0.00069,0.00340,0.88976
109.89000,0.62194,0.09227,0.00077,0.00333,0.90363
110.22000,0.62193,0.08170,0.00108,0.00348,0.91374
110.55000,0.62193,0.08939,0.00116,0.00391,0.90554
110.88000,0.62194,0.09877,0.00145,0.00335,0.89643
111.21000,0.62194,0.10020,0.00077,0.00361,0.89541
111.54000,0.62193,0.10202,0.00168,0.00371,0.89260
111.87000,0.62193,0.07529,0.00117,0.00351,0.92003
112.20000,0.62194,0.06754,0.00075,0.00370,0.92800
112.53000,0.62194,0.07697,0.00018,0.00353,0.91932
112.86000,0.62194,0.06690,0.00070,0.00395,0.92845
113.19000,0.62193,0.10002,0.00107,0.00389,0.89502
113.52000,0.62194,0.11647,0.00044,0.00279,0.88029
113.85000,0.62194,0.17539,0.00082,0.00352,0.82027
114.18000,0.62194,0.17084,0.00103,0.00330,0.82482
114.51000,0.62193,0.10698,0.00070,0.00289,0.88943
114.84000,0.62194,0.12995,0.00124,0.00302,0.86580
115.17000,0.62194,0.10892,0.00098,0.00319,0.88691
115.50000,0.62194,0.08925,0.00034,0.00397,0.90643
115.83000,0.62193,0.04948,0.00034,0.00461,0.94557
116.16000,0.62193,0.07400,0.00055,0.00318,0.92227
116.49000,0.62194,0.06252,0.00063,0.00438,0.93247
116.82000,0.62194,0.04360,0.00043,0.00528,0.95069
117.15000,0.62193,0.04507,0.00081,0.00602,0.94810
117.48000,0.62193,0.05846,0.00070,0.00445,0.93639
117.81000,0.62194,0.06566,0.00051,0.00351,0.93033
118.14000,0.62194,0.07923,0.00037,0.00333,0.91707
118.47000,0.62193,0.10585,0.00054,0.00311,0.89050
118.80000,0.62193,0.08320,0.00124,0.00470,0.91086
119.13000,0.62194,0.12361,0.00027,0.00311,0.87301
119.46000,0.62194,0.17838,0.00156,0.00341,0.81665
119.79000,0.62193,0.19942,0.00380,0.00360,0.79317
120.12000,0.62193,0.13619,0.00185,0.00356,0.85840
120.45000,0.62194,0.10186,0.00082,0.00385,0.89347
120.78000,0.62194,0.17220,0.00065,0.00347,0.82368
121.11000,0.62194,0.14745,0.00096,0.00360,0.84799
121.44000,0.62193,0.11304,0.00116,0.00354,0.88227
121.77000,0.62194,0.08392,0.00059,0.00360,0.91189
122.10000,0.62194,0.07713,0.00033,0.00326,0.91928
122.43000,0.62194,0.06862,0.00045,0.00338,0.92755
122.76000,0.62193,0.06693,0.00049,0.00350,0.92908
123.09000,0.62194,0.08033,0.00156,0.00365,0.91446
123.42000,0.62194,0.04777,0.00126,0.00561,0.94536
123.75000,0.62194,0.04417,0.00067,0.00480,0.95036
124.08000,0.62193,0.06745,0.00051,0.00428,0.92775
124.41000,0.62193,0.06256,0.00040,0.00431,0.93273
124.74000,0.62194,0.09337,0.00052,0.00319,0.90292
125.07000,0.62194,0.09024,0.00057,0.00315,0.90604
125.40000,0.62193,0.09683,0.00097,0.00298,0.89921
125.73000,0.62193,0.08443,0.00073,0.00310,0.91174
126.06000,0.62194,0.12178,0.00047,0.00302,0.87474
126.39000,0.62194,0.11936,0.00061,0.00349,0.87654
126.72000,0.62193,0.03772,0.00086,0.00634,0.95508
127.05000,0.62193,0.03584,0.00037,0.00501,0.95878
127.38000,0.62194,0.03053,0.00019,0.00614,0.96314
127.71000,0.62194,0.02324,0.00023,0.00854,0.96799
128.03999,0.62195,0.04110,0.00024,0.00479,0.95386
128.37000,0.62195,0.06928,0.00039,0.00351,0.92683
128.70000,0.62193,0.04296,0.00027,0.00713,0.94965
129.03000,0.62193,0.03518,0.00060,0.00556,0.95866
129.36000,0.62193,0.04102,0.00060,0.00491,0.95347
129.69000,0.62193,0.06295,0.00041,0.00371,0.93293
130.02000,0.62193,0.04105,0.00061,0.00460,0.95374
130.35001,0.62193,0.03809,0.00041,0.00562,0.95589
130.67999,0.62195,0.06491,0.00024,0.00348,0.93137
131.00999,0.62195,0.06543,0.00027,0.00403,0.93027
131.34000,0.62195,0.06737,0.00025,0.00328,0.92909
131.67000,0.62193,0.06747,0.00046,0.00336,0.92871
132.00000,0.62193,0.05358,0.00028,0.00378,0.94235
132.33000,0.62193,0.06321,0.00050,0.00373,0.93257
132.66000,0.62193,0.04484,0.00068,0.00496,0.94953
132.99001,0.62193,0.02726,0.00070,0.00689,0.96514
133.32001,0.62193,0.03599,0.00050,0.00529,0.95821
133.64999,0.62195,0.05651,0.00039,0.00318,0.93992
133.98000,0.62195,0.03778,0.00108,0.00516,0.95598
134.31000,0.62193,0.06684,0.00180,0.00493,0.92643
134.64000,0.62193,0.15283,0.00147,0.00320,0.84251
134.97000,0.62193,0.09175,0.00179,0.00438,0.90209
135.30000,0.62193,0.05856,0.00066,0.00451,0.93628
135.63000,0.62193,0.07784,0.00035,0.00303,0.91878
135.96001,0.62193,0.09289,0.00045,0.00318,0.90347
136.28999,0.62195,0.06936,0.00103,0.00349,0.92611
136.62000,0.62195,0.08249,0.00083,0.00400,0.91268
136.95000,0.62193,0.04360,0.00096,0.00384,0.95160
137.28000,0.62193,0.05976,0.00057,0.00363,0.93604
137.61000,0.62193,0.06960,0.00017,0.00399,0.92624
137.94000,0.62193,0.14301,0.00062,0.00279,0.85358
138.27000,0.62193,0.12461,0.00117,0.00320,0.87102
138.60001,0.62193,0.15592,0.00127,0.00353,0.83929
138.92999,0.62195,0.21358,0.00259,0.00329,0.78054
139.25999,0.62195,0.24996,0.00142,0.00302,0.74559
139.59000,0.62195,0.14359,0.00364,0.00366,0.84910
139.92000,0.62193,0.13866,0.00268,0.00347,0.85519
140.25000,0.62193,0.15895,0.00176,0.00359,0.83570
140.58000,0.62193,0.15299,0.00214,0.00328,0.84159
140.91000,0.62193,0.21573,0.00226,0.00318,0.77882
141.24001,0.62193,0.29785,0.00181,0.00341,0.69692
141.57001,0.62193,0.19597,0.00197,0.00324,0.79882
141.89999,0.62195,0.16161,0.00195,0.00345,0.83299
142.23000,0.62195,0.14970,0.00252,0.00384,0.84395
142.56000,0.62193,0.13196,0.00387,0.00377,0.86040
142.89000,0.62193,0.18491,0.00227,0.00338,0.80945
143.22000,0.62193,0.18993,0.00165,0.00306,0.80536
143.55000,0.62193,0.24704,0.00186,0.00328,0.74783
143.88000,0.62193,0.20423,0.00215,0.00364,0.78999
144.21001,0.62193,0.20246,0.00163,0.00339,0.79252
144.53999,0.62195,0.24549,0.00166,0.00331,0.74954
144.87000,0.62195,0.24216,0.00148,0.00296,0.75340
145.20000,0.62193,0.24857,0.00150,0.00326,0.74668
145.53000,0.62193,0.13873,0.00267,0.00547,0.85313
145.86000,0.62193,0.15106,0.00180,0.00514,0.84200
146.19000,0.62193,0.23975,0.00139,0.00306,0.75580
146.52000,0.62193,0.25150,0.00128,0.00326,0.74396
146.85001,0.62193,0.24581,0.00094,0.00295,0.75030
147.17999,0.62195,0.25458,0.00082,0.00336,0.74123
147.50999,0.62195,0.16300,0.00293,0.00458,0.82949
147.84000,0.62195,0.15270,0.00452,0.00456,0.83821
148.17000,0.62193,0.20585,0.00181,0.00339,0.78895
148.50000,0.62193,0.66779,0.00460,0.03671,0.29090
148.83000,0.62193,0.11916,0.00436,0.00576,0.87072
149.16000,0.62193,0.16535,0.00148,0.00360,0.82957
149.49001,0.62193,0.14157,0.00178,0.00506,0.85159
149.82001,0.62193,0.16331,0.00161,0.00433,0.83075
150.14999,0.62195,0.18737,0.00159,0.00264,0.80840
150.48000,0.62195,0.23287,0.00171,0.00298,0.76243
150.81000,0.62193,0.14966,0.00494,0.00383,0.84157
151.14000,0.62193,0.17711,0.00489,0.00360,0.81440
151.47000,0.62193,0.17122,0.00330,0.00372,0.82175
151.80000,0.62193,0.12260,0.00219,0.00341,0.87181
152.13000,0.62193,0.27647,0.00173,0.00323,0.71857
152.46001,0.62193,0.18023,0.00431,0.00382,0.81164
152.78999,0.62195,0.10070,0.00389,0.00395,0.89146
153.12000,0.62195,0.12895,0.00315,0.00348,0.86442
153.45000,0.62193,0.09998,0.00268,0.00362,0.89372
153.78000,0.62193,0.12404,0.00134,0.00351,0.87111
154.11000,0.62193,0.13485,0.00112,0.00329,0.86075
154.44000,0.62193,0.09426,0.00127,0.00307,0.90140
154.77000,0.62193,0.08496,0.00508,0.00325,0.90671
155.10001,0.62193,0.12196,0.00109,0.00292,0.87402
155.42999,0.62195,0.12082,0.00173,0.00366,0.87379
155.75999,0.62195,0.13799,0.00396,0.01937,0.83868
156.09000,0.62195,0.13826,0.01035,0.05416,0.79722
156.42000,0.62193,0.08641,0.00150,0.00454,0.90755
156.75000,0.62193,0.11068,0.02579,0.00651,0.85702
157.08000,0.62193,0.06320,0.00516,0.00516,0.92647
157.41000,0.62193,0.06519,0.01464,0.00518,0.91499
157.74001,0.62193,0.12805,0.00499,0.00391,0.86305
158.07001,0.62193,0.22013,0.00134,0.00298,0.77555
158.39999,0.62195,0.16694,0.00182,0.00290,0.82834
158.73000,0.62195,0.14568,0.00158,0.00319,0.84955
159.06000,0.62193,0.12832,0.00113,0.00299,0.86756
159.39000,0.62193,0.28373,0.00063,0.00310,0.71254
159.72000,0.62193,0.15532,0.00147,0.00310,0.84012
160.05000,0.62193,0.11910,0.00215,0.00368,0.87507
160.38000,0.62193,0.09823,0.00137,0.00412,0.89628
160.71001,0.62193,0.09492,0.00082,0.00437,0.89989
161.03999,0.62195,0.13185,0.00051,0.00356,0.86408
161.37000,0.62195,0.23395,0.00039,0.00278,0.76288
161.70000,0.62193,0.15608,0.00090,0.00356,0.83945
162.03000,0.62193,0.10810,0.00058,0.00411,0.88721
162.36000,0.62193,0.10429,0.00061,0.00351,0.89160
162.69000,0.62193,0.15209,0.00037,0.00316,0.84439
163.02000,0.62193,0.12659,0.00040,0.00319,0.86982
163.35001,0.62193,0.09814,0.00050,0.00346,0.89790
163.67999,0.62195,0.11410,0.00029,0.00382,0.88179
164.00999,0.62195,0.07108,0.00056,0.00366,0.92470
164.34000,0.62195,0.08949,0.00030,0.00361,0.90660
164.67000,0.62193,0.08165,0.00017,0.00323,0.91496
165.00000,0.62193,0.07592,0.00028,0.00361,0.92019
165.33000,0.62193,0.09291,0.00052,0.00384,0.90273
165.66000,0.62193,0.05797,0.00066,0.00326,0.93811
165.99001,0.62193,0.09569,0.00056,0.00277,0.90098
166.32001,0.62193,0.10965,0.00105,0.00384,0.88545
166.64999,0.62195,0.12614,0.00062,0.00281,0.87042
166.98000,0.62195,0.10519,0.00031,0.00353,0.89096
167.31000,0.62193,0.05737,0.00022,0.00398,0.93844
167.64000,0.62193,0.13809,0.00203,0.00366,0.85621
167.97000,0.62193,0.20205,0.00228,0.00359,0.79208
168.30000,0.62193,0.11231,0.00073,0.00336,0.88360
168.63000,0.62193,0.06902,0.00078,0.00345,0.92674
168.96001,0.62193,0.06316,0.00054,0.00397,0.93234
169.28999,0.62195,0.04773,0.00054,0.00422,0.94751
169.62000,0.62195,0.06311,0.00092,0.00350,0.93247
169.95000,0.62193,0.08032,0.00066,0.00488,0.91414
170.28000,0.62193,0.06082,0.00191,0.00429,0.93298
170.61000,0.62193,0.04382,0.00180,0.00458,0.94981
170.94000,0.62193,0.04546,0.00125,0.00427,0.94902
171.27000,0.62193,0.07551,0.00062,0.00300,0.92087
171.60001,0.62193,0.05294,0.00147,0.00552,0.94007
171.92999,0.62195,0.03671,0.00035,0.00673,0.95622
172.25999,0.62195,0.06640,0.00045,0.00326,0.92989
172.59000,0.62195,0.05341,0.00070,0.00411,0.94178
172.92000,0.62193,0.07315,0.00058,0.00348,0.92279
173.25000,0.62193,0.06786,0.00128,0.00443,0.92643
173.58000,0.62193,0.05341,0.00176,0.00540,0.93943
173.91000,0.62193,0.03930,0.00113,0.00462,0.95495
174.24001,0.62193,0.06868,0.00097,0.00360,0.92675
174.57001,0.62193,0.06536,0.00071,0.00531,0.92861
174.89999,0.62195,0.07416,0.00064,0.00432,0.92088
175.23000,0.62195,0.08665,0.00076,0.00376,0.90883
175.56000,0.62193,0.08690,0.00025,0.00331,0.90954
175.89000,0.62193,0.04480,0.00422,0.00668,0.94431
176.22000,0.62193,0.03055,0.00865,0.00885,0.95196
176.55000,0.62193,0.04921,0.00107,0.00388,0.94583
176.88000,0.62193,0.05838,0.00054,0.00357,0.93750
177.21001,0.62193,0.02340,0.00320,0.00732,0.96607
177.53999,0.62195,0.02662,0.00832,0.00847,0.95659
177.87000,0.62195,0.03953,0.00063,0.00366,0.95618
178.20000,0.62193,0.06710,0.00054,0.00311,0.92925
178.53000,0.62193,0.03501,0.00065,0.00397,0.96037
178.86000,0.62193,0.04718,0.00102,0.00432,0.94748
179.19000,0.62193,0.08013,0.00062,0.00364,0.91560
179.52000,0.62193,0.06159,0.00055,0.00316,0.93471
179.85001,0.62193,0.05230,0.00080,0.00435,0.94255
180.17999,0.62195,0.04399,0.00259,0.00544,0.94798
180.50999,0.62195,0.03353,0.00312,0.00620,0.95715
180.84000,0.62195,0.03829,0.00108,0.00509,0.95554
181.17000,0.62193,0.06614,0.00056,0.00315,0.93015
181.50000,0.62193,0.06703,0.00028,0.00298,0.92971
181.83000,0.62193,0.05647,0.00100,0.00407,0.93846
182.16000,0.62193,0.05978,0.00060,0.00416,0.93546
182.49001,0.62193,0.05100,0.00061,0.00421,0.94418
182.82001,0.62193,0.05112,0.00058,0.00400,0.94430
183.14999,0.62195,0.06309,0.00051,0.00377,0.93263
183.48000,0.62195,0.07357,0.00031,0.00327,0.92286
183.81000,0.62193,0.11894,0.00024,0.00310,0.87772
184.14000,0.62193,0.11013,0.00018,0.00277,0.88693
184.47000,0.62193,0.08996,0.00038,0.00332,0.90635
184.80000,0.62193,0.09544,0.00017,0.00310,0.90128
185.13000,0.62193,0.10136,0.00025,0.00318,0.89521
185.46001,0.62193,0.10296,0.00032,0.00308,0.89364
185.78999,0.62195,0.08724,0.00013,0.00313,0.90951
186.12000,0.62195,0.08085,0.00020,0.00334,0.91561
186.45000,0.62193,0.07991,0.00035,0.00297,0.91677
186.78000,0.62193,0.09300,0.00050,0.00347,0.90304
187.11000,0.62193,0.04193,0.00121,0.00579,0.95106
187.44000,0.62193,0.04539,0.00044,0.00534,0.94883
187.77000,0.62193,0.04509,0.00046,0.00453,0.94992
188.10001,0.62193,0.06188,0.00112,0.00396,0.93305
188.42999,0.62195,0.12291,0.00083,0.00292,0.87334
188.75999,0.62195,0.11276,0.00050,0.00314,0.88360
189.09000,0.62195,0.09761,0.00053,0.00314,0.89873
189.42000,0.62193,0.12602,0.00038,0.00324,0.87036
189.75000,0.62193,0.09952,0.00024,0.00291,0.89732
190.08000,0.62193,0.05428,0.00047,0.00369,0.94156
190.41000,0.62193,0.03095,0.00076,0.00426,0.96403
190.74001,0.62193,0.04945,0.00022,0.00456,0.94577
191.07001,0.62193,0.04770,0.00038,0.00479,0.94713
191.39999,0.62195,0.03211,0.00069,0.00601,0.96119
191.73000,0.62195,0.03196,0.00152,0.00576,0.96076
192.06000,0.62193,0.04322,0.00113,0.00381,0.95185
192.39000,0.62193,0.04514,0.00060,0.00432,0.94993
192.72000,0.62193,0.04293,0.00050,0.00384,0.95273
193.05000,0.62193,0.04204,0.00084,0.00472,0.95240
193.38000,0.62193,0.04507,0.00079,0.00409,0.95005
193.71001,0.62193,0.06943,0.00024,0.00418,0.92615
194.03999,0.62195,0.01896,0.00029,0.00557,0.97518
194.37000,0.62195,0.04402,0.00039,0.00383,0.95176
194.70000,0.62193,0.09094,0.00035,0.00318,0.90554
195.03000,0.62193,0.07023,0.00139,0.00367,0.92471
195.36000,0.62193,0.10087,0.00173,0.00395,0.89344
195.69000,0.62193,0.09045,0.00086,0.00363,0.90507
196.02000,0.62193,0.08232,0.00094,0.00301,0.91374
196.35001,0.62193,0.16279,0.00113,0.00329,0.83279
196.67999,0.62195,0.08823,0.00124,0.00312,0.90741
197.00999,0.62195,0.12420,0.00099,0.00327,0.87154
197.34000,0.62195,0.06132,0.00079,0.00413,0.93376
197.67000,0.62193,0.10437,0.00030,0.00316,0.89218
198.00000,0.62193,0.12323,0.00039,0.00336,0.87301
198.33000,0.62193,0.11715,0.00039,0.00313,0.87933
198.66000,0.62193,0.08258,0.00043,0.00297,0.91403
198.99001,0.62193,0.14209,0.00039,0.00376,0.85376
199.32001,0.62193,0.08966,0.00116,0.00378,0.90539
199.64999,0.62195,0.05400,0.00199,0.00459,0.93942
199.98000,0.62195,0.08123,0.00032,0.00337,0.91507
200.31000,0.62193,0.05522,0.00130,0.00442,0.93907
200.64000,0.62193,0.07237,0.00210,0.00529,0.92024
200.97000,0.62193,0.10413,0.00124,0.00388,0.89074
201.30000,0.62193,0.04048,0.00349,0.00541,0.95062
201.63000,0.62193,0.04472,0.00196,0.00503,0.94828
201.96001,0.62193,0.04716,0.00147,0.00464,0.94673
202.28999,0.62195,0.07092,0.00089,0.00451,0.92369
202.62000,0.62195,0.09766,0.00050,0.00417,0.89767
202.95000,0.62193,0.05607,0.00330,0.00624,0.93439
203.28000,0.62193,0.05806,0.00885,0.00699,0.92610
203.61000,0.62193,0.10351,0.00608,0.00522,0.88518
203.94000,0.62193,0.09391,0.00064,0.00410,0.90134
204.27000,0.62193,0.07177,0.00036,0.00342,0.92446
204.60001,0.62193,0.03596,0.00212,0.00689,0.95504
204.92999,0.62195,0.05695,0.00076,0.00478,0.93751
205.25999,0.62195,0.09506,0.00093,0.00360,0.90041
205.59000,0.62195,0.08120,0.00052,0.00337,0.91491
205.92000,0.62193,0.07497,0.00025,0.00327,0.92151
206.25000,0.62193,0.06238,0.00034,0.00272,0.93456
206.58000,0.62193,0.08350,0.00050,0.00289,0.91310
206.91000,0.62193,0.18682,0.00139,0.00279,0.80900
207.24001,0.62193,0.13172,0.00121,0.00287,0.86419
207.57001,0.62193,0.09284,0.00043,0.00305,0.90368
207.89999,0.62195,0.08470,0.00028,0.00474,0.91028
208.23000,0.62195,0.08431,0.00026,0.00535,0.91008
208.56000,0.62193,0.08073,0.00020,0.00479,0.91427
208.89000,0.62193,0.03055,0.00034,0.00839,0.96072
209.22000,0.62193,0.05922,0.00115,0.00364,0.93599
209.55000,0.62193,0.14796,0.00095,0.00314,0.84795
209.88000,0.62193,0.25756,0.00361,0.02454,0.71428
210.21001,0.62193,0.30598,0.00782,0.06168,0.62452
210.53999,0.62195,0.10341,0.00222,0.00512,0.88925
210.87000,0.62195,0.28460,0.00098,0.00395,0.71046
211.20000,0.62193,0.22946,0.00079,0.00335,0.76639
211.53000,0.62193,0.15308,0.00105,0.00340,0.84247
211.86000,0.62193,0.16465,0.00190,0.00325,0.83021
212.19000,0.62193,0.14166,0.00139,0.00350,0.85345
212.52000,0.62193,0.06983,0.00084,0.00364,0.92568
212.85001,0.62193,0.08946,0.00105,0.00418,0.90532
213.17999,0.62195,0.08013,0.00077,0.00391,0.91518
213.50999,0.62195,0.07048,0.00239,0.00432,0.92280
213.84000,0.62195,0.08430,0.00158,0.00452,0.90960
214.17000,0.62193,0.10396,0.00090,0.00298,0.89216
214.50000,0.62193,0.09723,0.00049,0.00265,0.89963
214.83000,0.62193,0.05866,0.00057,0.00279,0.93798
215.16000,0.62193,0.05756,0.00128,0.00308,0.93808
215.49001,0.62193,0.04742,0.00178,0.00414,0.94666
215.82001,0.62193,0.07730,0.00070,0.00309,0.91891
216.14999,0.62195,0.07173,0.00068,0.00409,0.92350
216.48000,0.62195,0.10565,0.00060,0.00390,0.88984
216.81000,0.62193,0.07585,0.00089,0.00290,0.92036
217.14000,0.62193,0.11969,0.00080,0.00339,0.87612
217.47000,0.62193,0.11083,0.00124,0.00317,0.88477
217.80000,0.62193,0.10397,0.00176,0.00394,0.89033
218.13000,0.62193,0.05968,0.00175,0.00471,0.93386
218.46001,0.62193,0.04707,0.00141,0.00475,0.94677
218.78999,0.62195,0.06990,0.00212,0.00450,0.92349
219.12000,0.62195,0.11099,0.00201,0.00343,0.88357
219.45000,0.62193,0.13034,0.00196,0.00383,0.86388
219.78000,0.62193,0.09714,0.00229,0.00426,0.89631
220.11000,0.62193,0.06906,0.00206,0.00391,0.92497
220.44000,0.62193,0.07151,0.00115,0.00431,0.92303
220.77000,0.62193,0.06881,0.00147,0.00496,0.92476
221.10001,0.62193,0.03730,0.00188,0.00809,0.95273
221.42999,0.62195,0.04270,0.00041,0.00621,0.95069
221.75999,0.62195,0.06304,0.00050,0.00357,0.93289
222.09000,0.62195,0.09713,0.00136,0.00354,0.89797
222.42000,0.62193,0.07796,0.00079,0.00407,0.91718
222.75000,0.62193,0.05117,0.00083,0.00376,0.94424
223.08000,0.62193,0.07235,0.00088,0.00352,0.92324
223.41000,0.62193,0.05314,0.00079,0.00451,0.94156
223.74001,0.62193,0.04798,0.00037,0.00494,0.94671
224.07001,0.62193,0.06198,0.00072,0.00350,0.93380
224.39999,0.62195,0.05116,0.00178,0.00363,0.94343
224.73000,0.62195,0.03813,0.00156,0.00380,0.95651
225.06000,0.62193,0.09556,0.00051,0.00406,0.89988
225.39000,0.62193,0.07336,0.00140,0.00376,0.92148
225.72000,0.62193,0.05166,0.00295,0.00379,0.94160
226.05000,0.62193,0.05528,0.00174,0.00345,0.93954
226.38000,0.62193,0.07640,0.00066,0.00319,0.91974
226.71001,0.62193,0.07187,0.00063,0.00379,0.92371
227.03999,0.62195,0.05963,0.00046,0.00361,0.93631
227.37000,0.62195,0.03448,0.00063,0.00574,0.95915
227.70000,0.62193,0.07979,0.00265,0.00383,0.91374
228.03000,0.62193,0.12000,0.00234,0.00298,0.87468
228.36000,0.62193,0.18079,0.00040,0.01747,0.80135
228.69000,0.62193,0.13401,0.00028,0.04679,0.81892
229.02000,0.62193,0.09588,0.00022,0.00286,0.90105
229.35001,0.62193,0.11509,0.00065,0.00309,0.88117
229.67999,0.62195,0.57447,0.00097,0.00448,0.42008
230.00999,0.62195,0.67600,0.00330,0.00792,0.31278
230.34000,0.62195,0.88103,0.00241,0.00582,0.11074
230.67000,0.62193,0.76283,0.01135,0.01363,0.21219
231.00000,0.62193,0.49878,0.01213,0.01673,0.47236
231.33000,0.62193,0.99215,0.00070,0.00218,0.00496
231.66000,0.62193,0.99943,0.00006,0.00043,0.00008
231.99001,0.62193,0.99462,0.00065,0.00413,0.00060
232.32001,0.62193,0.94011,0.00872,0.01357,0.03761
232.64999,0.62195,0.97046,0.00203,0.00476,0.02275
232.98000,0.62195,0.98911,0.00071,0.00643,0.00375
233.31000,0.62193,0.90401,0.00212,0.09196,0.00190
233.64000,0.62193,0.99652,0.00057,0.00239,0.00053
233.97000,0.62193,0.99941,0.00007,0.00045,0.00008
234.30000,0.62193,0.98356,0.00150,0.00874,0.00620
234.63000,0.62193,0.94069,0.00179,0.00899,0.04854
234.96001,0.62193,0.99634,0.00048,0.00194,0.00124
235.28999,0.62195,0.99866,0.00018,0.00083,0.00034
235.62000,0.62195,0.99913,0.00010,0.00059,0.00018
235.95000,0.62193,0.99914,0.00011,0.00060,0.00015
236.28000,0.62193,0.99955,0.00005,0.00035,0.00005
236.61000,0.62193,0.99967,0.00003,0.00027,0.00003
236.94000,0.62193,0.99975,0.00002,0.00022,0.00002
237.27000,0.62193,0.99890,0.00013,0.00085,0.00012
237.60001,0.62193,0.98025,0.00487,0.00884,0.00603
237.92999,0.62195,0.97358,0.00656,0.00579,0.01407
238.25999,0.62195,0.96932,0.00124,0.02858,0.00085
238.59000,0.62195,0.99651,0.00008,0.00334,0.00006
238.92000,0.62193,0.99893,0.00012,0.00080,0.00015
239.25000,0.62193,0.91378,0.01030,0.01950,0.05642
239.58000,0.62193,0.59726,0.00121,0.00915,0.39238
239.91000,0.62193,0.99424,0.00026,0.00302,0.00248
240.24001,0.62193,0.98827,0.00214,0.00550,0.00409
240.57001,0.62193,0.58858,0.00898,0.01993,0.38251
240.89999,0.62195,0.95373,0.00045,0.00435,0.04148
241.23000,0.62195,0.99953,0.00004,0.00037,0.00006
241.56000,0.62193,0.99775,0.00039,0.00141,0.00045
241.89000,0.62193,0.99669,0.00045,0.00129,0.00156
242.22000,0.62193,0.99821,0.00033,0.00110,0.00036
242.55000,0.62193,0.99973,0.00003,0.00022,0.00003
242.88000,0.62193,0.99669,0.00056,0.00194,0.00081
243.21001,0.62193,0.74190,0.00370,0.01441,0.23999
243.53999,0.62195,0.99128,0.00031,0.00246,0.00595
243.87000,0.62195,0.99767,0.00008,0.00222,0.00004
244.20000,0.62193,0.99859,0.00005,0.00132,0.00004
244.53000,0.62193,0.94597,0.00274,0.00828,0.04300
244.86000,0.62193,0.96615,0.00066,0.00348,0.02971
245.19000,0.62193,0.99952,0.00005,0.00036,0.00007
245.52000,0.62193,0.99968,0.00003,0.00026,0.00003
245.85001,0.62193,0.97778,0.00172,0.00491,0.01559
246.17999,0.62195,0.96856,0.00089,0.00255,0.02799
246.50999,0.62195,0.99943,0.00006,0.00041,0.00011
246.84000,0.62195,0.99851,0.00020,0.00098,0.00031
247.17000,0.62193,0.99942,0.00006,0.00044,0.00008
247.50000,0.62193,0.99924,0.00007,0.00057,0.00013
247.83000,0.62193,0.93987,0.00329,0.01163,0.04521
248.16000,0.62193,0.99758,0.00015,0.00085,0.00142
248.49001,0.62193,0.99930,0.00009,0.00052,0.00009
248.82001,0.62193,0.99928,0.00009,0.00052,0.00011
249.14999,0.62195,0.99937,0.00005,0.00052,0.00006
249.48000,0.62195,0.99545,0.00046,0.00229,0.00180
249.81000,0.62193,0.99829,0.00016,0.00092,0.00064
250.14000,0.62193,0.99947,0.00003,0.00046,0.00005
250.47000,0.62193,0.98425,0.00130,0.00669,0.00776
250.80000,0.62193,0.99692,0.00017,0.00111,0.00180
251.13000,0.62193,0.99951,0.00005,0.00038,0.00006
251.46001,0.62193,0.97156,0.00174,0.00646,0.02024
251.78999,0.62195,0.99695,0.00020,0.00107,0.00178
252.12000,0.62195,0.99909,0.00013,0.00066,0.00013
252.45000,0.62193,0.99306,0.00048,0.00180,0.00465
252.78000,0.62193,0.99918,0.00007,0.00045,0.00030
253.11000,0.62193,0.99939,0.00000,0.00060,0.00000
253.44000,0.62193,0.99447,0.00045,0.00448,0.00060
253.77000,0.62193,0.99387,0.00023,0.00546,0.00045
254.10001,0.62193,0.99597,0.00017,0.00355,0.00031
254.42999,0.62195,0.99954,0.00005,0.00034,0.00007
254.75999,0.62195,0.99798,0.00016,0.00169,0.00018
255.09000,0.62195,0.99889,0.00010,0.00069,0.00033
255.42000,0.62193,0.99985,0.00001,0.00013,0.00001
255.75000,0.62195,0.99550,0.00081,0.00270,0.00099
256.07999,0.62195,0.99851,0.00016,0.00069,0.00064
256.41000,0.62195,0.99968,0.00001,0.00031,0.00000
256.73999,0.62195,0.99785,0.00013,0.00190,0.00012
257.07001,0.62192,0.99929,0.00006,0.00056,0.00009
257.39999,0.62195,0.99916,0.00007,0.00059,0.00018
257.73001,0.62192,0.99975,0.00002,0.00022,0.00002
258.06000,0.62195,0.99087,0.00134,0.00365,0.00414
258.39001,0.62192,0.99901,0.00011,0.00058,0.00031
258.72000,0.62195,0.99936,0.00008,0.00048,0.00007
259.04999,0.62195,0.99938,0.00005,0.00046,0.00011
259.38000,0.62192,0.99573,0.00027,0.00263,0.00138
259.70999,0.62195,0.64419,0.01663,0.04224,0.29694
260.04001,0.62192,0.99328,0.00030,0.00224,0.00418
260.37000,0.62195,0.99852,0.00000,0.00147,0.00000
260.70001,0.62192,0.97435,0.00228,0.01995,0.00341
261.03000,0.62195,0.92849,0.00388,0.03236,0.03526
261.35999,0.62195,0.99910,0.00009,0.00068,0.00013
261.69000,0.62195,0.99841,0.00024,0.00089,0.00047
262.01999,0.62195,0.99945,0.00006,0.00040,0.00008
262.35001,0.62192,0.99970,0.00003,0.00025,0.00002
262.67999,0.62195,0.99818,0.00022,0.00128,0.00032
263.01001,0.62192,0.99345,0.00016,0.00614,0.00025
263.34000,0.62195,0.97363,0.00003,0.02633,0.00001
263.67001,0.62192,0.97039,0.00204,0.01523,0.01234
264.00000,0.62195,0.99822,0.00011,0.00141,0.00026
264.32999,0.62195,0.99839,0.00025,0.00109,0.00026
264.66000,0.62195,0.99986,0.00001,0.00012,0.00001
264.98999,0.62195,0.99981,0.00002,0.00016,0.00001
265.32001,0.62192,0.99967,0.00003,0.00027,0.00003
265.64999,0.62195,0.99953,0.00005,0.00038,0.00004
265.98001,0.62192,0.99974,0.00002,0.00022,0.00002
266.31000,0.62195,0.99966,0.00004,0.00028,0.00003
266.64001,0.62192,0.99850,0.00013,0.00077,0.00060
266.97000,0.62195,0.99680,0.00038,0.00126,0.00156
267.29999,0.62195,0.99654,0.00045,0.00193,0.00108
267.63000,0.62192,0.99136,0.00052,0.00248,0.00565
267.95999,0.62195,0.95946,0.00160,0.00625,0.03269
268.29001,0.62192,0.99315,0.00034,0.00224,0.00427
268.62000,0.62195,0.98614,0.00108,0.00492,0.00787
268.95001,0.62192,0.99343,0.00039,0.00172,0.00446
269.28000,0.62195,0.99944,0.00006,0.00043,0.00008
269.60999,0.62195,0.98873,0.00080,0.00307,0.00741
269.94000,0.62195,0.99564,0.00025,0.00197,0.00215
270.26999,0.62195,0.95769,0.00274,0.01549,0.02408
270.60001,0.62192,0.99645,0.00024,0.00144,0.00187
270.92999,0.62195,0.99659,0.00040,0.00227,0.00073
271.26001,0.62192,0.99649,0.00022,0.00143,0.00187
271.59000,0.62195,0.98897,0.00148,0.00583,0.00372
271.92001,0.62192,0.97511,0.00098,0.00629,0.01762
272.25000,0.62195,0.99771,0.00029,0.00108,0.00093
272.57999,0.62195,0.95892,0.00433,0.01835,0.01840
272.91000,0.62195,0.90807,0.00855,0.03528,0.04810
273.23999,0.62195,0.79331,0.00910,0.12413,0.07345
273.57001,0.62192,0.23800,0.02086,0.66404,0.07711
273.89999,0.62195,0.96113,0.00239,0.00692,0.02956
274.23001,0.62192,0.99520,0.00076,0.00179,0.00226
274.56000,0.62195,0.99961,0.00004,0.00031,0.00004
274.89001,0.62192,0.99975,0.00002,0.00021,0.00002
275.22000,0.62195,0.99970,0.00003,0.00025,0.00002
275.54999,0.62195,0.99808,0.00032,0.00122,0.00038
275.88000,0.62192,0.96276,0.00262,0.00760,0.02702
276.20999,0.62195,0.57833,0.00388,0.00783,0.40996
276.54001,0.62192,0.97234,0.00399,0.00445,0.01922
276.87000,0.62195,0.98919,0.00135,0.00338,0.00608
277.20001,0.62192,0.80461,0.00438,0.01224,0.17877
277.53000,0.62195,0.50573,0.00689,0.01875,0.46863
277.85999,0.62195,0.51669,0.01735,0.07159,0.39437
278.19000,0.62195,0.33245,0.00640,0.08267,0.57849
278.51999,0.62195,0.21056,0.00476,0.01341,0.77126
278.85001,0.62192,0.80141,0.00489,0.01558,0.17812
279.17999,0.62195,0.56629,0.00581,0.04111,0.38679
279.51001,0.62192,0.30917,0.00227,0.01514,0.67342
279.84000,0.62195,0.54710,0.00604,0.01636,0.43049
280.17001,0.62192,0.78231,0.00701,0.03205,0.17863
280.50000,0.62195,0.83669,0.00111,0.00938,0.15282
280.82999,0.62195,0.81826,0.00404,0.00739,0.17031
281.16000,0.62195,0.28434,0.00285,0.00829,0.70453
281.48999,0.62195,0.28492,0.00303,0.01350,0.69854
281.82001,0.62192,0.92347,0.00218,0.00972,0.06463
282.14999,0.62195,0.99575,0.00054,0.00203,0.00169
282.48001,0.62192,0.72389,0.00754,0.10034,0.16823
282.81000,0.62195,0.42084,0.00420,0.01989,0.55507
283.14001,0.62192,0.88774,0.00774,0.05744,0.04709
283.47000,0.62195,0.96616,0.00383,0.02373,0.00627
283.79999,0.62195,0.98331,0.00215,0.00303,0.01151
284.13000,0.62192,0.99911,0.00011,0.00054,0.00024
284.45999,0.62195,0.99912,0.00010,0.00062,0.00016
284.79001,0.62192,0.99941,0.00006,0.00043,0.00010
285.12000,0.62195,0.99772,0.00021,0.00156,0.00052
285.45001,0.62192,0.79124,0.00825,0.04537,0.15514
285.78000,0.62195,0.54768,0.00531,0.02003,0.42697
286.10999,0.62195,0.94186,0.00168,0.00349,0.05297
286.44000,0.62195,0.90175,0.00471,0.02636,0.06718
286.76999,0.62195,0.83949,0.00716,0.01923,0.13412
287.10001,0.62192,0.74634,0.00266,0.02917,0.22183
287.42999,0.62195,0.98466,0.00031,0.00243,0.01260
287.76001,0.62192,0.99721,0.00003,0.00275,0.00000
288.09000,0.62195,0.99088,0.00011,0.00873,0.00028
288.42001,0.62192,0.94306,0.00204,0.00929,0.04560
288.75000,0.62195,0.99259,0.00078,0.00416,0.00247
289.07999,0.62195,0.99417,0.00062,0.00229,0.00292
289.41000,0.62195,0.99845,0.00014,0.00071,0.00070
289.73999,0.62195,0.99967,0.00003,0.00027,0.00003
290.07001,0.62192,0.99157,0.00051,0.00361,0.00431
290.39999,0.62195,0.90421,0.00166,0.00706,0.08708
290.73001,0.62192,0.63684,0.02492,0.08381,0.25443
291.06000,0.62195,0.72468,0.00443,0.01722,0.25367
291.39001,0.62192,0.76709,0.00384,0.01067,0.21840
291.72000,0.62195,0.62253,0.00408,0.05541,0.31798
292.04999,0.62195,0.26263,0.00082,0.16781,0.56873
292.38000,0.62192,0.95797,0.00078,0.00600,0.03524
292.70999,0.62195,0.96026,0.00107,0.00418,0.03449
293.04001,0.62192,0.92511,0.00235,0.00481,0.06773
293.37000,0.62195,0.81822,0.01791,0.02999,0.13389
293.70001,0.62192,0.83535,0.00179,0.01065,0.15221
294.03000,0.62195,0.98007,0.00093,0.00229,0.01671
294.35999,0.62195,0.99594,0.00035,0.00137,0.00234
294.69000,0.62195,0.99936,0.00008,0.00047,0.00009
295.01999,0.62195,0.99960,0.00004,0.00031,0.00004
295.35001,0.62192,0.99369,0.00101,0.00385,0.00146
295.67999,0.62195,0.99861,0.00007,0.00090,0.00042
296.01001,0.62192,0.99959,0.00004,0.00032,0.00005
296.34000,0.62195,0.99950,0.00006,0.00036,0.00008
296.67001,0.62192,0.99759,0.00025,0.00117,0.00099
297.00000,0.62195,0.47559,0.01056,0.02113,0.49272
297.32999,0.62195,0.15772,0.00471,0.01017,0.82741
297.66000,0.62195,0.13564,0.00368,0.05567,0.80501
297.98999,0.62195,0.10989,0.00721,0.03565,0.84725
298.32001,0.62192,0.53447,0.01261,0.01002,0.44291
298.64999,0.62195,0.98777,0.00124,0.00256,0.00843
298.98001,0.62192,0.99916,0.00010,0.00059,0.00015
299.31000,0.62195,0.99890,0.00012,0.00066,0.00032
