Time (seconds), Duration (seconds),pred_(unlabeled),pred_brushing_teeth,pred_hair_drying,pred_showering
0.00000,1.02194,0.48242,0.00002,0.00025,0.51730
0.14000,1.02194,0.04104,0.00015,0.00061,0.95819
0.28000,1.02194,0.01827,0.00014,0.00070,0.98090
0.42000,1.02194,0.02024,0.00020,0.00093,0.97863
0.56000,1.02194,0.02249,0.00017,0.00114,0.97620
0.70000,1.02194,0.02437,0.00021,0.00135,0.97407
0.84000,1.02194,0.02494,0.00011,0.00088,0.97407
0.98000,1.02194,0.02588,0.00014,0.00082,0.97317
1.12000,1.02194,0.02494,0.00015,0.00081,0.97409
1.26000,1.02194,0.03137,0.00020,0.00130,0.96713
1.40000,1.02194,0.02519,0.00013,0.00063,0.97406
1.54000,1.02194,0.02720,0.00017,0.00089,0.97174
1.68000,1.02194,0.03101,0.00017,0.00122,0.96759
1.82000,1.02194,0.03243,0.00047,0.00269,0.96442
1.96000,1.02194,0.03265,0.00040,0.00294,0.96400
2.10000,1.02194,0.03026,0.00037,0.00236,0.96702
2.24000,1.02194,0.02816,0.00022,0.00178,0.96985
2.38000,1.02194,0.02747,0.00028,0.00184,0.97041
2.52000,1.02194,0.02745,0.00028,0.00180,0.97047
2.66000,1.02194,0.02292,0.00030,0.00126,0.97552
2.80000,1.02194,0.02238,0.00029,0.00111,0.97621
2.94000,1.02194,0.01841,0.00028,0.00080,0.98051
3.08000,1.02194,0.02015,0.00021,0.00087,0.97877
3.22000,1.02194,0.01686,0.00023,0.00042,0.98250
3.36000,1.02194,0.01687,0.00014,0.00032,0.98266
3.50000,1.02194,0.01728,0.00017,0.00042,0.98213
3.64000,1.02194,0.01642,0.00017,0.00038,0.98302
3.78000,1.02194,0.01728,0.00016,0.00043,0.98212
3.92000,1.02194,0.01989,0.00013,0.00040,0.97958
4.06000,1.02194,0.02009,0.00054,0.00090,0.97847
4.20000,1.02194,0.02214,0.00032,0.00117,0.97637
4.34000,1.02194,0.02030,0.00020,0.00082,0.97869
4.48000,1.02194,0.01608,0.00012,0.00055,0.98324
4.62000,1.02194,0.01837,0.00014,0.00066,0.98083
4.76000,1.02194,0.01691,0.00012,0.00052,0.98246
4.90000,1.02194,0.01728,0.00011,0.00053,0.98207
5.04000,1.02194,0.01565,0.00011,0.00048,0.98376
5.18000,1.02194,0.02089,0.00019,0.00084,0.97808
5.32000,1.02194,0.02431,0.00018,0.00113,0.97438
5.46000,1.02194,0.02564,0.00010,0.00067,0.97358
5.60000,1.02194,0.02587,0.00015,0.00058,0.97339
5.74000,1.02194,0.02661,0.00012,0.00052,0.97274
5.88000,1.02194,0.02458,0.00013,0.00058,0.97472
6.02000,1.02194,0.02997,0.00025,0.00079,0.96899
6.16000,1.02194,0.03312,0.00026,0.00102,0.96560
6.30000,1.02194,0.02661,0.00017,0.00059,0.97263
6.44000,1.02194,0.02603,0.00042,0.00163,0.97192
6.58000,1.02194,0.02609,0.00040,0.00165,0.97187
6.72000,1.02194,0.02925,0.00041,0.00190,0.96845
6.86000,1.02194,0.03031,0.00050,0.00177,0.96742
7.00000,1.02194,0.02483,0.00027,0.00133,0.97358
7.14000,1.02194,0.02516,0.00031,0.00141,0.97312
7.28000,1.02194,0.02477,0.00029,0.00130,0.97365
7.42000,1.02194,0.02303,0.00029,0.00108,0.97561
7.56000,1.02194,0.02214,0.00023,0.00092,0.97671
7.70000,1.02194,0.02950,0.00019,0.00150,0.96881
7.84000,1.02194,0.03223,0.00025,0.00203,0.96549
7.98000,1.02194,0.02568,0.00020,0.00129,0.97283
8.12000,1.02194,0.02247,0.00015,0.00088,0.97650
8.26000,1.02194,0.02030,0.00011,0.00073,0.97886
8.40000,1.02194,0.01975,0.00012,0.00064,0.97950
8.54000,1.02194,0.01750,0.00011,0.00043,0.98195
8.68000,1.02194,0.01302,0.00009,0.00031,0.98658
8.82000,1.02194,0.01315,0.00006,0.00020,0.98659
8.96000,1.02194,0.01736,0.00011,0.00034,0.98220
9.10000,1.02194,0.01592,0.00015,0.00034,0.98359
9.24000,1.02194,0.01620,0.00023,0.00050,0.98307
9.38000,1.02194,0.01653,0.00014,0.00023,0.98310
9.52000,1.02194,0.01709,0.00010,0.00026,0.98255
9.66000,1.02194,0.01545,0.00007,0.00013,0.98434
9.80000,1.02194,0.02233,0.00015,0.00031,0.97722
9.94000,1.02194,0.02009,0.00010,0.00025,0.97957
10.08000,1.02194,0.01630,0.00008,0.00017,0.98345
10.22000,1.02194,0.01830,0.00020,0.00034,0.98117
10.36000,1.02194,0.01930,0.00015,0.00045,0.98010
10.50000,1.02194,0.02358,0.00018,0.00061,0.97564
10.64000,1.02194,0.01810,0.00018,0.00054,0.98117
10.78000,1.02194,0.01667,0.00016,0.00058,0.98259
10.92000,1.02194,0.01461,0.00011,0.00035,0.98494
11.06000,1.02194,0.00968,0.00002,0.00003,0.99026
11.20000,1.02194,0.00921,0.00002,0.00002,0.99076
11.34000,1.02194,0.00724,0.00001,0.00001,0.99273
11.48000,1.02194,0.00670,0.00001,0.00001,0.99328
11.62000,1.02194,0.00654,0.00001,0.00001,0.99345
11.76000,1.02194,0.00574,0.00000,0.00000,0.99425
11.90000,1.02194,0.00709,0.00003,0.00002,0.99286
12.04000,1.02194,0.01729,0.00004,0.00019,0.98249
12.18000,1.02194,0.03438,0.00008,0.00104,0.96451
12.32000,1.02194,0.08233,0.00063,0.00247,0.91457
12.46000,1.02194,0.16885,0.00260,0.00822,0.82033
12.60000,1.02194,0.18711,0.00297,0.01650,0.79342
12.74000,1.02194,0.21341,0.00903,0.04325,0.73431
12.88000,1.02194,0.20497,0.01674,0.04056,0.73773
13.02000,1.02194,0.14078,0.00817,0.01054,0.84050
13.16000,1.02194,0.10668,0.00580,0.00473,0.88278
13.30000,1.02194,0.03076,0.00150,0.00226,0.96548
13.44000,1.02194,0.02527,0.00033,0.00065,0.97376
13.58000,1.02194,0.02007,0.00013,0.00029,0.97951
13.72000,1.02194,0.01240,0.00003,0.00007,0.98750
13.86000,1.02194,0.01347,0.00001,0.00002,0.98650
14.00000,1.02194,0.02465,0.00001,0.00003,0.97531
14.14000,1.02194,0.02413,0.00001,0.00003,0.97583
14.28000,1.02194,0.02049,0.00001,0.00002,0.97948
14.42000,1.02194,0.02469,0.00001,0.00003,0.97527
14.56000,1.02194,0.02399,0.00001,0.00003,0.97596
14.70000,1.02194,0.02931,0.00004,0.00009,0.97057
14.84000,1.02194,0.02294,0.00004,0.00009,0.97693
14.98000,1.02194,0.00944,0.00002,0.00005,0.99049
15.12000,1.02194,0.01049,0.00001,0.00003,0.98947
15.26000,1.02194,0.00974,0.00001,0.00002,0.99023
15.40000,1.02194,0.00932,0.00003,0.00004,0.99061
15.54000,1.02194,0.00878,0.00002,0.00004,0.99117
15.68000,1.02194,0.01303,0.00003,0.00009,0.98685
15.82000,1.02194,0.01534,0.00003,0.00008,0.98456
15.96000,1.02194,0.01809,0.00008,0.00026,0.98158
16.10000,1.02194,0.02098,0.00031,0.00119,0.97752
16.24000,1.02194,0.02472,0.00037,0.00162,0.97329
16.38000,1.02194,0.02682,0.00040,0.00186,0.97092
16.52000,1.02194,0.02448,0.00035,0.00156,0.97361
16.66000,1.02194,0.02276,0.00034,0.00134,0.97556
16.80000,1.02194,0.02364,0.00039,0.00150,0.97448
16.94000,1.02194,0.02121,0.00038,0.00129,0.97713
17.08000,1.02194,0.02107,0.00040,0.00118,0.97735
17.22000,1.02194,0.01929,0.00033,0.00088,0.97950
17.36000,1.02194,0.01772,0.00026,0.00072,0.98130
17.50000,1.02194,0.01396,0.00013,0.00039,0.98553
17.64000,1.02194,0.01334,0.00011,0.00032,0.98623
17.78000,1.02194,0.01617,0.00012,0.00047,0.98324
17.92000,1.02194,0.02133,0.00016,0.00107,0.97744
18.06000,1.02194,0.02557,0.00014,0.00189,0.97241
18.20000,1.02194,0.04583,0.00017,0.00562,0.94838
18.34000,1.02194,0.06682,0.00022,0.01476,0.91820
18.48000,1.02194,0.07507,0.00054,0.03329,0.89110
18.62000,1.02194,0.07171,0.00040,0.02628,0.90161
18.76000,1.02194,0.06703,0.00036,0.01388,0.91873
18.90000,1.02194,0.04092,0.00020,0.00546,0.95342
19.04000,1.02194,0.03538,0.00006,0.00065,0.96391
19.18000,1.02194,0.01824,0.00008,0.00026,0.98142
19.32000,1.02194,0.01704,0.00007,0.00023,0.98266
19.46000,1.02194,0.01803,0.00006,0.00023,0.98167
19.60000,1.02194,0.01856,0.00007,0.00021,0.98115
19.74000,1.02194,0.02496,0.00012,0.00047,0.97446
19.88000,1.02194,0.02379,0.00036,0.00116,0.97469
20.02000,1.02194,0.03443,0.00041,0.00417,0.96099
20.16000,1.02194,0.05109,0.00047,0.01018,0.93826
20.30000,1.02194,0.05242,0.00037,0.01203,0.93517
20.44000,1.02194,0.05631,0.00042,0.01512,0.92815
20.58000,1.02194,0.05728,0.00043,0.01247,0.92982
20.72000,1.02194,0.05264,0.00036,0.01138,0.93562
20.86000,1.02194,0.03934,0.00029,0.00553,0.95483
21.00000,1.02194,0.03317,0.00042,0.00330,0.96311
21.14000,1.02194,0.02533,0.00038,0.00153,0.97275
21.28000,1.02194,0.02012,0.00035,0.00099,0.97855
21.42000,1.02194,0.01853,0.00036,0.00079,0.98033
21.56000,1.02194,0.01937,0.00033,0.00078,0.97952
21.70000,1.02194,0.02016,0.00036,0.00091,0.97857
21.84000,1.02194,0.01725,0.00037,0.00074,0.98164
21.98000,1.02194,0.01874,0.00032,0.00095,0.97999
22.12000,1.02194,0.02006,0.00032,0.00101,0.97860
22.26000,1.02194,0.02196,0.00033,0.00123,0.97648
22.40000,1.02194,0.02161,0.00036,0.00123,0.97680
22.54000,1.02194,0.02107,0.00029,0.00111,0.97753
22.68000,1.02194,0.01984,0.00025,0.00088,0.97903
22.82000,1.02194,0.01923,0.00024,0.00076,0.97977
22.96000,1.02194,0.01763,0.00017,0.00058,0.98162
23.10000,1.02194,0.02026,0.00019,0.00088,0.97866
23.24000,1.02194,0.01644,0.00023,0.00068,0.98265
23.38000,1.02194,0.02047,0.00030,0.00097,0.97827
23.52000,1.02194,0.02062,0.00030,0.00101,0.97807
23.66000,1.02194,0.02114,0.00033,0.00129,0.97724
23.80000,1.02194,0.02246,0.00044,0.00158,0.97552
23.94000,1.02194,0.02263,0.00064,0.00154,0.97519
24.08000,1.02194,0.02184,0.00036,0.00133,0.97647
24.22000,1.02194,0.02179,0.00049,0.00155,0.97617
24.36000,1.02194,0.02306,0.00032,0.00129,0.97533
24.50000,1.02194,0.02316,0.00034,0.00131,0.97519
24.64000,1.02194,0.02222,0.00039,0.00152,0.97587
24.78000,1.02194,0.01885,0.00029,0.00096,0.97990
24.92000,1.02194,0.02095,0.00024,0.00088,0.97792
25.06000,1.02194,0.01835,0.00021,0.00072,0.98072
25.20000,1.02194,0.01481,0.00014,0.00041,0.98464
25.34000,1.02194,0.01061,0.00003,0.00010,0.98926
25.48000,1.02194,0.01545,0.00004,0.00008,0.98444
25.62000,1.02194,0.01777,0.00005,0.00011,0.98206
25.76000,1.02194,0.02049,0.00006,0.00017,0.97928
25.90000,1.02194,0.02627,0.00010,0.00026,0.97337
26.04000,1.02194,0.02975,0.00015,0.00034,0.96977
26.18000,1.02194,0.04008,0.00020,0.00074,0.95898
26.32000,1.02194,0.03367,0.00101,0.00263,0.96269
26.46000,1.02194,0.03602,0.00082,0.00395,0.95921
26.60000,1.02194,0.04032,0.00106,0.00540,0.95322
26.74000,1.02194,0.03821,0.00093,0.00524,0.95562
26.88000,1.02194,0.03020,0.00068,0.00262,0.96650
27.02000,1.02194,0.02877,0.00057,0.00237,0.96829
27.16000,1.02194,0.02413,0.00051,0.00159,0.97377
27.30000,1.02194,0.02050,0.00024,0.00067,0.97859
27.44000,1.02194,0.01766,0.00022,0.00046,0.98166
27.58000,1.02194,0.01431,0.00010,0.00028,0.98531
27.72000,1.02194,0.01132,0.00006,0.00006,0.98856
27.86000,1.02194,0.00880,0.00003,0.00004,0.99114
28.00000,1.02194,0.00885,0.00003,0.00005,0.99108
28.14000,1.02194,0.00919,0.00001,0.00001,0.99079
28.28000,1.02194,0.00855,0.00001,0.00000,0.99144
28.42000,1.02194,0.00733,0.00001,0.00000,0.99266
28.56000,1.02194,0.00615,0.00001,0.00000,0.99384
28.70000,1.02194,0.00770,0.00001,0.00001,0.99228
28.84000,1.02194,0.00921,0.00000,0.00000,0.99079
28.98000,1.02194,0.01021,0.00001,0.00001,0.98977
29.12000,1.02194,0.01467,0.00006,0.00014,0.98513
29.26000,1.02194,0.01485,0.00007,0.00015,0.98493
29.40000,1.02194,0.01539,0.00004,0.00009,0.98449
29.54000,1.02194,0.01310,0.00008,0.00025,0.98658
29.68000,1.02194,0.01219,0.00013,0.00026,0.98741
29.82000,1.02194,0.01364,0.00009,0.00031,0.98595
29.96000,1.02194,0.01254,0.00010,0.00027,0.98710
30.10000,1.02194,0.01505,0.00015,0.00030,0.98450
30.24000,1.02194,0.01374,0.00003,0.00012,0.98610
30.38000,1.02194,0.01381,0.00002,0.00005,0.98613
30.52000,1.02194,0.01438,0.00005,0.00013,0.98544
30.66000,1.02194,0.01528,0.00004,0.00013,0.98455
30.80000,1.02194,0.01286,0.00002,0.00005,0.98708
30.94000,1.02194,0.01952,0.00001,0.00005,0.98043
31.08000,1.02194,0.01435,0.00001,0.00004,0.98559
31.22000,1.02194,0.01400,0.00004,0.00014,0.98582
31.36000,1.02194,0.01664,0.00007,0.00022,0.98307
31.50000,1.02194,0.01604,0.00003,0.00010,0.98383
31.64000,1.02194,0.02021,0.00008,0.00013,0.97958
31.78000,1.02194,0.02074,0.00002,0.00002,0.97922
31.92000,1.02194,0.01249,0.00001,0.00000,0.98749
32.06000,1.02193,0.01159,0.00001,0.00000,0.98840
32.20000,1.02194,0.01079,0.00000,0.00000,0.98921
32.34000,1.02194,0.01459,0.00000,0.00000,0.98541
32.48000,1.02194,0.07490,0.00000,0.00000,0.92510
32.62000,1.02194,0.18211,0.00000,0.00000,0.81789
32.76000,1.02194,0.17819,0.00000,0.00000,0.82181
32.90000,1.02193,0.26340,0.00000,0.00000,0.73660
33.04000,1.02194,0.20311,0.00000,0.00000,0.79689
33.18000,1.02194,0.25613,0.00000,0.00000,0.74387
33.32000,1.02194,0.13028,0.00003,0.00009,0.86960
33.46000,1.02194,0.01138,0.00000,0.00001,0.98861
33.60000,1.02194,0.01036,0.00000,0.00001,0.98963
33.74000,1.02193,0.01339,0.00000,0.00001,0.98660
33.88000,1.02194,0.01048,0.00001,0.00002,0.98948
34.02000,1.02194,0.01274,0.00001,0.00002,0.98723
34.16000,1.02194,0.01231,0.00001,0.00001,0.98767
34.30000,1.02194,0.02001,0.00003,0.00005,0.97990
34.44000,1.02194,0.02146,0.00003,0.00009,0.97842
34.58000,1.02193,0.01529,0.00003,0.00011,0.98457
34.72000,1.02193,0.01594,0.00002,0.00007,0.98397
34.86000,1.02194,0.01467,0.00002,0.00006,0.98525
35.00000,1.02194,0.01714,0.00002,0.00008,0.98276
35.14000,1.02194,0.01795,0.00008,0.00033,0.98164
35.28000,1.02194,0.01133,0.00004,0.00013,0.98850
35.42000,1.02194,0.01325,0.00006,0.00021,0.98648
35.56000,1.02193,0.01282,0.00003,0.00013,0.98703
35.70000,1.02194,0.01584,0.00007,0.00019,0.98390
35.84000,1.02194,0.01436,0.00008,0.00019,0.98537
35.98000,1.02194,0.01300,0.00010,0.00024,0.98666
36.12000,1.02194,0.01260,0.00003,0.00010,0.98726
36.26000,1.02194,0.01250,0.00004,0.00012,0.98734
36.40000,1.02193,0.01266,0.00004,0.00015,0.98715
36.54000,1.02194,0.01442,0.00011,0.00038,0.98510
36.68000,1.02194,0.01421,0.00005,0.00026,0.98549
36.82000,1.02194,0.01353,0.00006,0.00030,0.98611
36.96000,1.02194,0.01329,0.00005,0.00024,0.98643
37.10000,1.02194,0.01872,0.00014,0.00079,0.98035
37.24000,1.02193,0.02094,0.00017,0.00123,0.97766
37.38000,1.02194,0.02226,0.00017,0.00123,0.97635
37.52000,1.02194,0.02814,0.00019,0.00142,0.97025
37.66000,1.02194,0.04861,0.00012,0.00101,0.95026
37.80000,1.02194,0.46053,0.00015,0.00209,0.53723
37.94000,1.02194,0.80245,0.00030,0.01162,0.18564
38.08000,1.02193,0.74714,0.00019,0.00400,0.24867
38.22000,1.02193,0.70781,0.00018,0.00507,0.28694
38.36000,1.02194,0.65996,0.00008,0.00191,0.33805
38.50000,1.02194,0.58186,0.00016,0.00337,0.41461
38.64000,1.02194,0.37483,0.00029,0.00465,0.62023
38.78000,1.02194,0.02723,0.00017,0.00156,0.97104
38.92000,1.02194,0.01861,0.00007,0.00039,0.98093
39.06000,1.02193,0.01809,0.00008,0.00031,0.98151
39.20000,1.02194,0.01946,0.00014,0.00045,0.97996
39.34000,1.02194,0.01650,0.00009,0.00021,0.98320
39.48000,1.02194,0.02025,0.00010,0.00026,0.97939
39.62000,1.02194,0.01687,0.00007,0.00019,0.98287
39.76000,1.02194,0.02119,0.00017,0.00042,0.97823
39.90000,1.02193,0.02593,0.00034,0.00101,0.97272
40.04000,1.02194,0.03050,0.00042,0.00150,0.96759
40.18000,1.02194,0.03258,0.00169,0.00417,0.96156
40.32000,1.02194,0.04001,0.00179,0.00878,0.94942
40.46000,1.02194,0.04400,0.00132,0.00805,0.94662
40.60000,1.02194,0.03308,0.00101,0.00398,0.96193
40.74000,1.02193,0.02226,0.00045,0.00162,0.97568
40.88000,1.02194,0.01669,0.00019,0.00071,0.98241
41.02000,1.02194,0.01297,0.00010,0.00036,0.98657
41.16000,1.02194,0.01075,0.00006,0.00020,0.98898
41.30000,1.02194,0.00883,0.00004,0.00013,0.99101
41.44000,1.02194,0.00928,0.00004,0.00014,0.99054
41.58000,1.02193,0.00929,0.00004,0.00014,0.99053
41.72000,1.02193,0.00878,0.00003,0.00011,0.99108
41.86000,1.02194,0.01142,0.00007,0.00023,0.98829
42.00000,1.02194,0.01098,0.00007,0.00021,0.98874
42.14000,1.02194,0.01041,0.00006,0.00016,0.98937
42.28000,1.02194,0.00932,0.00001,0.00003,0.99064
42.42000,1.02194,0.00746,0.00001,0.00002,0.99251
42.56000,1.02193,0.00739,0.00000,0.00001,0.99260
42.70000,1.02194,0.00775,0.00001,0.00001,0.99223
42.84000,1.02194,0.00694,0.00000,0.00000,0.99305
42.98000,1.02194,0.00623,0.00000,0.00000,0.99377
43.12000,1.02194,0.00763,0.00000,0.00000,0.99236
43.26000,1.02194,0.00686,0.00001,0.00002,0.99312
43.40000,1.02193,0.00794,0.00000,0.00002,0.99203
43.54000,1.02194,0.00723,0.00001,0.00003,0.99274
43.68000,1.02194,0.00510,0.00000,0.00000,0.99489
43.82000,1.02194,0.00509,0.00000,0.00000,0.99490
43.96000,1.02194,0.00737,0.00000,0.00001,0.99262
44.10000,1.02194,0.00694,0.00000,0.00000,0.99306
44.24000,1.02193,0.00723,0.00001,0.00001,0.99276
44.38000,1.02194,0.00821,0.00001,0.00001,0.99178
44.52000,1.02194,0.01066,0.00006,0.00004,0.98923
44.66000,1.02194,0.01479,0.00016,0.00048,0.98457
44.80000,1.02194,0.01718,0.00011,0.00047,0.98224
44.94000,1.02194,0.01556,0.00010,0.00033,0.98402
45.08000,1.02193,0.01665,0.00012,0.00040,0.98283
45.22000,1.02193,0.01851,0.00012,0.00048,0.98089
45.36000,1.02194,0.02944,0.00019,0.00090,0.96947
45.50000,1.02194,0.02992,0.00012,0.00051,0.96944
45.64000,1.02194,0.02950,0.00014,0.00062,0.96973
45.78000,1.02194,0.03120,0.00016,0.00082,0.96782
45.92000,1.02194,0.03734,0.00030,0.00144,0.96092
46.06000,1.02193,0.02673,0.00015,0.00058,0.97254
46.20000,1.02194,0.02595,0.00025,0.00081,0.97299
46.34000,1.02194,0.01691,0.00019,0.00051,0.98238
46.48000,1.02194,0.01675,0.00023,0.00068,0.98234
46.62000,1.02194,0.01479,0.00016,0.00048,0.98458
46.76000,1.02194,0.01493,0.00017,0.00054,0.98436
46.90000,1.02193,0.01526,0.00019,0.00055,0.98400
47.04000,1.02194,0.01675,0.00019,0.00068,0.98238
47.18000,1.02194,0.01443,0.00014,0.00050,0.98493
47.32000,1.02194,0.01466,0.00014,0.00051,0.98469
47.46000,1.02194,0.01224,0.00003,0.00017,0.98756
47.60000,1.02194,0.02564,0.00001,0.00003,0.97432
47.74000,1.02193,0.05560,0.00001,0.00001,0.94438
47.88000,1.02194,0.07620,0.00002,0.00003,0.92375
48.02000,1.02194,0.04973,0.00000,0.00000,0.95026
48.16000,1.02194,0.04728,0.00000,0.00000,0.95271
48.30000,1.02194,0.03696,0.00000,0.00000,0.96304
48.44000,1.02194,0.02867,0.00000,0.00000,0.97133
48.58000,1.02193,0.00752,0.00001,0.00000,0.99247
48.72000,1.02193,0.00569,0.00000,0.00000,0.99431
48.86000,1.02194,0.00463,0.00001,0.00000,0.99536
49.00000,1.02194,0.00741,0.00000,0.00000,0.99258
49.14000,1.02194,0.00765,0.00000,0.00001,0.99234
49.28000,1.02194,0.01126,0.00005,0.00003,0.98866
49.42000,1.02194,0.01169,0.00001,0.00001,0.98830
49.56000,1.02193,0.01612,0.00001,0.00001,0.98387
49.70000,1.02194,0.01590,0.00000,0.00001,0.98409
49.84000,1.02194,0.02116,0.00000,0.00001,0.97883
49.98000,1.02194,0.01751,0.00000,0.00001,0.98248
50.12000,1.02194,0.02090,0.00001,0.00001,0.97908
50.26000,1.02194,0.01956,0.00004,0.00007,0.98033
50.40000,1.02193,0.02688,0.00008,0.00026,0.97278
50.54000,1.02194,0.02285,0.00004,0.00022,0.97689
50.68000,1.02194,0.02556,0.00012,0.00025,0.97408
50.82000,1.02194,0.03256,0.00012,0.00068,0.96664
50.96000,1.02194,0.02689,0.00014,0.00045,0.97252
51.10000,1.02194,0.02827,0.00012,0.00059,0.97102
51.24000,1.02193,0.03140,0.00021,0.00131,0.96708
51.38000,1.02194,0.02860,0.00016,0.00095,0.97029
51.52000,1.02194,0.02579,0.00013,0.00060,0.97349
51.66000,1.02194,0.04753,0.00030,0.00267,0.94949
51.80000,1.02194,0.06803,0.00044,0.00632,0.92520
51.94000,1.02194,0.11709,0.00121,0.02740,0.85431
52.08000,1.02193,0.17612,0.00144,0.05734,0.76510
52.22000,1.02193,0.15934,0.00156,0.05755,0.78155
52.36000,1.02194,0.15688,0.00115,0.04516,0.79681
52.50000,1.02194,0.13324,0.00163,0.05473,0.81039
52.64000,1.02194,0.10027,0.00123,0.02541,0.87310
52.78000,1.02194,0.07304,0.00077,0.01165,0.91454
52.92000,1.02194,0.03994,0.00024,0.00227,0.95755
53.06000,1.02193,0.03376,0.00030,0.00131,0.96463
53.20000,1.02194,0.02174,0.00004,0.00014,0.97808
53.34000,1.02194,0.01471,0.00004,0.00004,0.98521
53.48000,1.02194,0.01234,0.00003,0.00004,0.98759
53.62000,1.02194,0.00979,0.00001,0.00002,0.99019
53.76000,1.02194,0.00997,0.00002,0.00002,0.98998
53.90000,1.02193,0.00845,0.00001,0.00001,0.99153
54.04000,1.02194,0.00877,0.00001,0.00001,0.99120
54.18000,1.02194,0.01290,0.00007,0.00012,0.98691
54.32000,1.02194,0.01217,0.00006,0.00015,0.98762
54.46000,1.02194,0.01524,0.00008,0.00027,0.98441
54.60000,1.02194,0.01456,0.00020,0.00050,0.98473
54.74000,1.02193,0.01495,0.00017,0.00050,0.98439
54.88000,1.02194,0.01167,0.00011,0.00029,0.98794
55.02000,1.02194,0.01279,0.00011,0.00032,0.98678
55.16000,1.02194,0.01166,0.00006,0.00020,0.98807
55.30000,1.02194,0.01114,0.00005,0.00016,0.98865
55.44000,1.02194,0.01133,0.00004,0.00012,0.98852
55.58000,1.02193,0.00983,0.00002,0.00007,0.99008
55.72000,1.02193,0.01069,0.00003,0.00009,0.98919
55.86000,1.02194,0.01138,0.00003,0.00011,0.98848
56.00000,1.02194,0.01235,0.00002,0.00011,0.98752
56.14000,1.02194,0.00938,0.00002,0.00006,0.99054
56.28000,1.02194,0.00898,0.00001,0.00003,0.99098
56.42000,1.02194,0.01049,0.00001,0.00004,0.98946
56.56000,1.02193,0.00992,0.00001,0.00005,0.99002
56.70000,1.02194,0.01238,0.00002,0.00008,0.98752
56.84000,1.02194,0.01007,0.00001,0.00003,0.98989
56.98000,1.02194,0.01328,0.00001,0.00003,0.98668
57.12000,1.02194,0.01387,0.00001,0.00004,0.98608
57.26000,1.02194,0.01427,0.00002,0.00004,0.98567
57.40000,1.02193,0.01456,0.00001,0.00003,0.98540
57.54000,1.02194,0.00946,0.00001,0.00002,0.99051
57.68000,1.02194,0.00910,0.00002,0.00003,0.99086
57.82000,1.02194,0.01155,0.00006,0.00006,0.98833
57.96000,1.02194,0.01049,0.00006,0.00006,0.98939
58.10000,1.02194,0.01214,0.00018,0.00014,0.98755
58.24000,1.02193,0.01096,0.00006,0.00014,0.98884
58.38000,1.02194,0.01036,0.00012,0.00019,0.98933
58.52000,1.02194,0.01223,0.00007,0.00023,0.98747
58.66000,1.02194,0.01266,0.00007,0.00026,0.98700
58.80000,1.02194,0.01193,0.00007,0.00025,0.98774
58.94000,1.02194,0.01251,0.00006,0.00025,0.98719
59.08000,1.02193,0.01284,0.00004,0.00018,0.98694
59.22000,1.02193,0.01209,0.00007,0.00024,0.98760
59.36000,1.02194,0.01328,0.00007,0.00031,0.98634
59.50000,1.02194,0.01148,0.00001,0.00003,0.98848
59.64000,1.02194,0.00910,0.00002,0.00002,0.99086
59.78000,1.02194,0.01079,0.00001,0.00001,0.98919
59.92000,1.02194,0.01006,0.00003,0.00002,0.98988
60.06000,1.02193,0.01062,0.00001,0.00001,0.98936
60.20000,1.02194,0.00969,0.00001,0.00001,0.99029
60.34000,1.02194,0.00969,0.00001,0.00000,0.99029
60.48000,1.02194,0.01158,0.00001,0.00001,0.98840
60.62000,1.02194,0.00922,0.00000,0.00000,0.99078
60.76000,1.02194,0.00734,0.00000,0.00000,0.99265
60.90000,1.02193,0.00939,0.00000,0.00000,0.99061
61.04000,1.02194,0.01121,0.00001,0.00001,0.98878
61.18000,1.02194,0.00967,0.00000,0.00000,0.99033
61.32000,1.02194,0.01004,0.00001,0.00001,0.98995
61.46000,1.02194,0.01429,0.00000,0.00001,0.98569
61.60000,1.02194,0.01568,0.00001,0.00004,0.98427
61.74000,1.02193,0.01269,0.00001,0.00005,0.98725
61.88000,1.02194,0.01133,0.00000,0.00003,0.98864
62.02000,1.02194,0.01105,0.00001,0.00002,0.98892
62.16000,1.02194,0.00997,0.00001,0.00004,0.98998
62.30000,1.02194,0.01162,0.00001,0.00004,0.98832
62.44000,1.02194,0.01057,0.00000,0.00001,0.98942
62.58000,1.02193,0.01089,0.00001,0.00002,0.98908
62.72000,1.02193,0.01007,0.00000,0.00001,0.98992
62.86000,1.02194,0.00847,0.00002,0.00001,0.99150
63.00000,1.02193,0.01089,0.00001,0.00001,0.98909
63.14000,1.02193,0.01383,0.00002,0.00002,0.98614
63.28000,1.02194,0.00793,0.00001,0.00000,0.99206
63.42000,1.02194,0.00791,0.00000,0.00000,0.99208
63.56000,1.02194,0.00860,0.00000,0.00001,0.99139
63.70000,1.02194,0.01015,0.00001,0.00001,0.98983
63.84000,1.02194,0.01245,0.00000,0.00001,0.98753
63.98000,1.02194,0.00827,0.00000,0.00000,0.99172
64.12000,1.02193,0.00970,0.00002,0.00002,0.99026
64.26000,1.02193,0.01123,0.00002,0.00009,0.98867
64.40000,1.02193,0.01218,0.00004,0.00020,0.98758
64.54000,1.02193,0.01347,0.00004,0.00019,0.98630
64.68000,1.02193,0.01369,0.00002,0.00013,0.98616
64.82000,1.02193,0.01477,0.00001,0.00005,0.98517
64.96000,1.02194,0.01658,0.00002,0.00005,0.98336
65.10000,1.02194,0.01570,0.00003,0.00006,0.98421
65.24000,1.02194,0.01173,0.00001,0.00004,0.98823
65.38000,1.02194,0.01380,0.00004,0.00004,0.98612
65.52000,1.02194,0.01198,0.00001,0.00002,0.98799
65.66000,1.02193,0.01406,0.00005,0.00007,0.98581
65.80000,1.02193,0.01482,0.00009,0.00022,0.98487
65.94000,1.02193,0.01105,0.00006,0.00016,0.98873
66.08000,1.02193,0.01260,0.00006,0.00020,0.98714
66.22000,1.02193,0.01544,0.00012,0.00038,0.98405
66.36000,1.02193,0.01201,0.00009,0.00025,0.98764
66.50000,1.02193,0.01274,0.00008,0.00023,0.98695
66.64000,1.02193,0.01269,0.00010,0.00025,0.98696
66.78000,1.02194,0.01241,0.00003,0.00011,0.98746
66.92000,1.02194,0.01335,0.00002,0.00006,0.98657
67.06000,1.02194,0.01303,0.00003,0.00009,0.98685
67.20000,1.02194,0.01141,0.00001,0.00003,0.98855
67.34000,1.02194,0.01391,0.00000,0.00002,0.98607
67.48000,1.02193,0.01156,0.00000,0.00001,0.98843
67.62000,1.02193,0.01160,0.00001,0.00002,0.98837
67.76000,1.02193,0.02282,0.00004,0.00005,0.97710
67.90000,1.02193,0.02185,0.00002,0.00004,0.97809
68.04000,1.02193,0.02861,0.00001,0.00002,0.97137
68.18000,1.02193,0.02810,0.00002,0.00004,0.97185
68.32000,1.02193,0.03292,0.00005,0.00014,0.96690
68.46000,1.02194,0.03204,0.00001,0.00003,0.96792
68.60000,1.02194,0.02697,0.00002,0.00002,0.97298
68.74000,1.02194,0.02580,0.00001,0.00003,0.97416
68.88000,1.02194,0.02207,0.00002,0.00003,0.97789
69.02000,1.02194,0.02326,0.00002,0.00006,0.97666
69.16000,1.02193,0.01490,0.00001,0.00002,0.98508
69.30000,1.02193,0.01594,0.00001,0.00002,0.98403
69.44000,1.02193,0.01908,0.00005,0.00004,0.98083
69.58000,1.02193,0.01534,0.00002,0.00002,0.98462
69.72000,1.02193,0.01170,0.00001,0.00002,0.98828
69.86000,1.02193,0.01082,0.00002,0.00002,0.98914
70.00000,1.02193,0.01254,0.00003,0.00003,0.98741
70.14000,1.02193,0.01242,0.00005,0.00006,0.98747
70.28000,1.02194,0.01631,0.00005,0.00011,0.98353
70.42000,1.02194,0.01755,0.00004,0.00016,0.98225
70.56000,1.02194,0.01691,0.00005,0.00022,0.98282
70.70000,1.02194,0.01733,0.00011,0.00042,0.98214
70.84000,1.02194,0.01880,0.00014,0.00056,0.98050
70.98000,1.02193,0.02273,0.00013,0.00078,0.97635
71.12000,1.02193,0.02302,0.00019,0.00095,0.97584
71.26000,1.02193,0.01849,0.00018,0.00070,0.98063
71.40000,1.02193,0.01568,0.00016,0.00055,0.98361
71.54000,1.02193,0.01731,0.00014,0.00061,0.98194
71.68000,1.02193,0.01553,0.00014,0.00047,0.98387
71.82000,1.02193,0.01466,0.00011,0.00036,0.98488
71.96000,1.02194,0.01569,0.00012,0.00044,0.98375
72.10000,1.02194,0.01644,0.00014,0.00052,0.98289
72.24000,1.02194,0.01489,0.00016,0.00051,0.98445
72.38000,1.02194,0.01359,0.00008,0.00030,0.98603
72.52000,1.02194,0.01295,0.00009,0.00012,0.98683
72.66000,1.02193,0.01056,0.00006,0.00007,0.98931
72.80000,1.02193,0.00989,0.00001,0.00001,0.99009
72.94000,1.02193,0.00987,0.00001,0.00000,0.99012
73.08000,1.02193,0.00736,0.00000,0.00000,0.99263
73.22000,1.02193,0.00718,0.00000,0.00000,0.99282
73.36000,1.02193,0.00940,0.00001,0.00000,0.99059
73.50000,1.02193,0.00890,0.00000,0.00000,0.99110
73.64000,1.02193,0.00987,0.00000,0.00000,0.99013
73.78000,1.02194,0.01335,0.00002,0.00004,0.98659
73.92000,1.02194,0.01110,0.00001,0.00003,0.98887
74.06000,1.02194,0.01476,0.00001,0.00005,0.98518
74.20000,1.02194,0.01415,0.00004,0.00012,0.98569
74.34000,1.02194,0.01627,0.00008,0.00033,0.98332
74.48000,1.02193,0.01634,0.00009,0.00042,0.98315
74.62000,1.02193,0.01863,0.00009,0.00056,0.98072
74.76000,1.02193,0.01760,0.00019,0.00072,0.98149
74.90000,1.02193,0.01948,0.00015,0.00072,0.97964
75.04000,1.02193,0.02098,0.00016,0.00084,0.97801
75.18000,1.02193,0.01789,0.00015,0.00069,0.98127
75.32000,1.02193,0.01622,0.00009,0.00034,0.98336
75.46000,1.02194,0.00994,0.00001,0.00001,0.99004
75.60000,1.02194,0.00963,0.00000,0.00000,0.99036
75.74000,1.02194,0.01099,0.00001,0.00001,0.98899
75.88000,1.02194,0.00956,0.00001,0.00001,0.99042
76.02000,1.02194,0.00835,0.00000,0.00000,0.99165
76.16000,1.02193,0.00735,0.00000,0.00000,0.99265
76.30000,1.02193,0.01167,0.00001,0.00001,0.98831
76.44000,1.02193,0.01692,0.00001,0.00004,0.98303
76.58000,1.02193,0.01349,0.00001,0.00002,0.98648
76.72000,1.02193,0.01401,0.00001,0.00003,0.98596
76.86000,1.02193,0.01410,0.00007,0.00017,0.98566
77.00000,1.02193,0.02315,0.00012,0.00072,0.97600
77.14000,1.02193,0.01519,0.00010,0.00040,0.98431
77.28000,1.02194,0.01303,0.00012,0.00037,0.98649
77.42000,1.02194,0.01304,0.00011,0.00035,0.98650
77.56000,1.02194,0.01189,0.00008,0.00025,0.98778
77.70000,1.02194,0.01074,0.00005,0.00014,0.98907
77.84000,1.02194,0.00817,0.00001,0.00001,0.99181
77.98000,1.02193,0.00766,0.00000,0.00001,0.99233
78.12000,1.02193,0.00705,0.00000,0.00001,0.99294
78.26000,1.02193,0.00740,0.00000,0.00001,0.99259
78.40000,1.02193,0.00689,0.00000,0.00000,0.99310
78.54000,1.02193,0.00654,0.00001,0.00001,0.99345
78.68000,1.02193,0.00862,0.00004,0.00003,0.99131
78.82000,1.02193,0.01048,0.00002,0.00004,0.98947
78.96000,1.02194,0.00997,0.00002,0.00006,0.98994
79.10000,1.02194,0.00898,0.00001,0.00005,0.99096
79.24000,1.02194,0.01062,0.00001,0.00006,0.98931
79.38000,1.02194,0.01065,0.00001,0.00004,0.98931
79.52000,1.02194,0.01418,0.00000,0.00003,0.98579
79.66000,1.02193,0.00719,0.00000,0.00000,0.99280
79.80000,1.02193,0.01515,0.00000,0.00001,0.98484
79.94000,1.02193,0.01405,0.00000,0.00001,0.98594
80.08000,1.02193,0.01357,0.00001,0.00002,0.98641
80.22000,1.02193,0.01239,0.00001,0.00001,0.98760
80.36000,1.02193,0.01386,0.00000,0.00000,0.98614
80.50000,1.02193,0.01251,0.00001,0.00001,0.98748
80.64000,1.02193,0.01898,0.00001,0.00001,0.98100
80.78000,1.02194,0.01881,0.00000,0.00000,0.98118
80.92000,1.02194,0.01203,0.00000,0.00000,0.98797
81.06000,1.02194,0.01415,0.00000,0.00000,0.98585
81.20000,1.02194,0.01534,0.00001,0.00000,0.98465
81.34000,1.02194,0.01370,0.00001,0.00001,0.98628
81.48000,1.02193,0.01151,0.00001,0.00002,0.98847
81.62000,1.02193,0.01257,0.00000,0.00001,0.98741
81.76000,1.02193,0.01772,0.00001,0.00011,0.98217
81.90000,1.02193,0.01572,0.00002,0.00018,0.98409
82.04000,1.02193,0.01792,0.00001,0.00007,0.98200
82.18000,1.02193,0.02095,0.00001,0.00003,0.97901
82.32000,1.02193,0.02485,0.00001,0.00003,0.97511
82.46000,1.02194,0.01879,0.00000,0.00002,0.98118
82.60000,1.02194,0.01567,0.00001,0.00002,0.98431
82.74000,1.02194,0.01342,0.00000,0.00000,0.98657
82.88000,1.02194,0.01685,0.00002,0.00004,0.98309
83.02000,1.02194,0.01390,0.00003,0.00013,0.98594
83.16000,1.02193,0.01637,0.00005,0.00021,0.98337
83.30000,1.02193,0.02087,0.00008,0.00022,0.97883
83.44000,1.02193,0.02298,0.00005,0.00023,0.97674
83.58000,1.02193,0.03229,0.00008,0.00053,0.96710
83.72000,1.02193,0.02658,0.00017,0.00075,0.97251
83.86000,1.02193,0.03102,0.00015,0.00061,0.96823
84.00000,1.02193,0.02554,0.00011,0.00031,0.97404
84.14000,1.02193,0.03124,0.00005,0.00025,0.96846
84.28000,1.02194,0.03322,0.00008,0.00045,0.96625
84.42000,1.02194,0.02157,0.00006,0.00017,0.97820
84.56000,1.02194,0.01294,0.00001,0.00002,0.98704
84.70000,1.02194,0.01364,0.00001,0.00001,0.98634
84.84000,1.02194,0.00823,0.00000,0.00001,0.99176
84.98000,1.02193,0.00805,0.00000,0.00001,0.99194
85.12000,1.02193,0.00635,0.00001,0.00001,0.99363
85.26000,1.02193,0.00632,0.00001,0.00001,0.99366
85.40000,1.02193,0.00846,0.00002,0.00001,0.99151
85.54000,1.02193,0.00870,0.00002,0.00003,0.99125
85.68000,1.02193,0.01061,0.00003,0.00009,0.98927
85.82000,1.02193,0.01035,0.00003,0.00007,0.98955
85.96000,1.02194,0.00952,0.00006,0.00009,0.99033
86.10000,1.02194,0.01159,0.00011,0.00026,0.98804
86.24000,1.02194,0.01125,0.00007,0.00025,0.98843
86.38000,1.02194,0.01012,0.00005,0.00018,0.98964
86.52000,1.02194,0.01136,0.00005,0.00023,0.98836
86.66000,1.02193,0.01095,0.00004,0.00015,0.98886
86.80000,1.02193,0.01248,0.00002,0.00011,0.98739
86.94000,1.02193,0.01488,0.00003,0.00009,0.98500
87.08000,1.02193,0.03290,0.00005,0.00012,0.96692
87.22000,1.02193,0.04493,0.00004,0.00009,0.95493
87.36000,1.02193,0.03744,0.00006,0.00007,0.96242
87.50000,1.02193,0.04107,0.00006,0.00013,0.95874
87.64000,1.02193,0.03683,0.00004,0.00002,0.96311
87.78000,1.02194,0.05533,0.00022,0.00009,0.94436
87.92000,1.02194,0.02206,0.00005,0.00006,0.97784
88.06000,1.02194,0.01334,0.00007,0.00005,0.98654
88.20000,1.02194,0.01215,0.00002,0.00002,0.98781
88.34000,1.02194,0.01454,0.00001,0.00004,0.98540
88.48000,1.02193,0.01393,0.00011,0.00016,0.98581
88.62000,1.02193,0.02043,0.00003,0.00018,0.97936
88.76000,1.02193,0.03220,0.00003,0.00017,0.96760
88.90000,1.02193,0.02769,0.00002,0.00014,0.97215
89.04000,1.02193,0.03227,0.00007,0.00019,0.96746
89.18000,1.02193,0.03426,0.00004,0.00026,0.96544
89.32000,1.02193,0.03508,0.00006,0.00031,0.96455
89.46000,1.02194,0.02829,0.00008,0.00022,0.97141
89.60000,1.02194,0.01788,0.00021,0.00044,0.98147
89.74000,1.02194,0.01534,0.00013,0.00047,0.98407
89.88000,1.02194,0.01480,0.00015,0.00043,0.98461
90.02000,1.02194,0.01476,0.00014,0.00044,0.98467
90.16000,1.02193,0.01108,0.00005,0.00017,0.98870
90.30000,1.02193,0.01047,0.00004,0.00015,0.98934
90.44000,1.02193,0.01193,0.00004,0.00008,0.98795
90.58000,1.02193,0.01149,0.00005,0.00010,0.98836
90.72000,1.02193,0.01177,0.00007,0.00012,0.98805
90.86000,1.02193,0.01203,0.00003,0.00007,0.98787
91.00000,1.02193,0.01322,0.00006,0.00009,0.98663
91.14000,1.02193,0.01425,0.00006,0.00013,0.98556
91.28000,1.02194,0.01544,0.00014,0.00016,0.98426
91.42000,1.02194,0.01045,0.00005,0.00015,0.98936
91.56000,1.02194,0.00955,0.00004,0.00012,0.99029
91.70000,1.02194,0.01159,0.00003,0.00011,0.98827
91.84000,1.02194,0.00962,0.00004,0.00015,0.99019
91.98000,1.02193,0.00881,0.00002,0.00008,0.99108
92.12000,1.02193,0.01334,0.00004,0.00019,0.98643
92.26000,1.02193,0.01597,0.00001,0.00009,0.98393
92.40000,1.02193,0.01752,0.00002,0.00008,0.98238
92.54000,1.02193,0.02104,0.00004,0.00013,0.97879
92.68000,1.02193,0.01858,0.00002,0.00011,0.98128
92.82000,1.02193,0.01397,0.00000,0.00000,0.98602
92.96000,1.02194,0.01360,0.00001,0.00001,0.98638
93.10000,1.02194,0.01091,0.00001,0.00002,0.98906
93.24000,1.02194,0.01371,0.00003,0.00006,0.98619
93.38000,1.02194,0.01600,0.00001,0.00003,0.98396
93.52000,1.02194,0.01485,0.00004,0.00007,0.98503
93.66000,1.02193,0.01383,0.00006,0.00008,0.98602
93.80000,1.02193,0.03032,0.00023,0.00046,0.96899
93.94000,1.02193,0.02846,0.00021,0.00053,0.97081
94.08000,1.02193,0.03998,0.00026,0.00087,0.95890
94.22000,1.02193,0.03166,0.00013,0.00036,0.96785
94.36000,1.02193,0.03538,0.00016,0.00043,0.96403
94.50000,1.02193,0.02924,0.00013,0.00045,0.97019
94.64000,1.02193,0.04526,0.00038,0.00169,0.95267
94.78000,1.02194,0.01996,0.00016,0.00067,0.97921
94.92000,1.02194,0.01712,0.00004,0.00019,0.98264
95.06000,1.02194,0.01432,0.00002,0.00009,0.98557
95.20000,1.02194,0.01195,0.00001,0.00007,0.98797
95.34000,1.02194,0.00911,0.00000,0.00003,0.99086
95.48000,1.02193,0.01129,0.00001,0.00002,0.98868
95.62000,1.02193,0.00724,0.00000,0.00000,0.99275
95.76000,1.02193,0.01428,0.00001,0.00001,0.98570
95.90000,1.02193,0.01989,0.00001,0.00001,0.98009
96.04000,1.02193,0.01433,0.00001,0.00000,0.98565
96.18000,1.02193,0.01250,0.00001,0.00000,0.98750
96.32000,1.02193,0.01371,0.00002,0.00000,0.98627
96.46000,1.02194,0.01659,0.00002,0.00002,0.98337
96.60000,1.02194,0.01636,0.00010,0.00007,0.98347
96.74000,1.02194,0.00987,0.00002,0.00002,0.99009
96.88000,1.02194,0.02919,0.00005,0.00003,0.97074
97.02000,1.02194,0.03107,0.00000,0.00000,0.96893
97.16000,1.02193,0.03818,0.00001,0.00001,0.96180
97.30000,1.02193,0.03129,0.00000,0.00001,0.96870
97.44000,1.02193,0.02520,0.00000,0.00000,0.97479
97.58000,1.02193,0.02244,0.00000,0.00000,0.97756
97.72000,1.02193,0.02516,0.00004,0.00003,0.97477
97.86000,1.02193,0.00992,0.00001,0.00002,0.99005
98.00000,1.02193,0.01260,0.00005,0.00013,0.98723
98.14000,1.02193,0.01171,0.00000,0.00002,0.98827
98.28000,1.02194,0.01093,0.00000,0.00000,0.98907
98.42000,1.02194,0.01129,0.00001,0.00001,0.98869
98.56000,1.02194,0.01197,0.00001,0.00002,0.98800
98.70000,1.02194,0.01398,0.00002,0.00004,0.98596
98.84000,1.02194,0.01263,0.00001,0.00002,0.98735
98.98000,1.02193,0.01489,0.00002,0.00003,0.98507
99.12000,1.02193,0.02017,0.00009,0.00029,0.97944
99.26000,1.02193,0.02290,0.00035,0.00090,0.97585
99.40000,1.02193,0.02297,0.00013,0.00091,0.97599
99.54000,1.02193,0.04402,0.00018,0.00249,0.95331
99.68000,1.02193,0.04090,0.00003,0.00068,0.95839
99.82000,1.02193,0.03775,0.00001,0.00019,0.96206
99.96000,1.02194,0.02471,0.00001,0.00010,0.97518
100.10000,1.02194,0.02601,0.00002,0.00013,0.97385
100.24000,1.02194,0.03051,0.00001,0.00008,0.96940
100.38000,1.02194,0.02138,0.00001,0.00004,0.97856
100.52000,1.02194,0.01172,0.00001,0.00002,0.98825
100.66000,1.02193,0.01261,0.00005,0.00009,0.98725
100.80000,1.02193,0.01573,0.00031,0.00046,0.98349
100.94000,1.02193,0.01875,0.00020,0.00061,0.98044
101.08000,1.02193,0.01895,0.00017,0.00060,0.98028
101.22000,1.02193,0.01668,0.00017,0.00050,0.98265
101.36000,1.02193,0.01553,0.00018,0.00042,0.98387
101.50000,1.02193,0.01344,0.00007,0.00020,0.98628
101.64000,1.02193,0.01440,0.00008,0.00025,0.98527
101.78000,1.02194,0.01610,0.00008,0.00028,0.98354
101.92000,1.02194,0.01429,0.00005,0.00024,0.98541
102.06000,1.02194,0.01683,0.00004,0.00024,0.98289
102.20000,1.02194,0.01525,0.00007,0.00036,0.98432
102.34000,1.02194,0.01829,0.00005,0.00041,0.98125
102.48000,1.02193,0.01925,0.00011,0.00062,0.98001
102.62000,1.02193,0.01670,0.00016,0.00048,0.98266
102.76000,1.02193,0.01693,0.00014,0.00056,0.98238
102.90000,1.02193,0.02185,0.00027,0.00115,0.97673
103.04000,1.02193,0.02221,0.00015,0.00077,0.97688
103.18000,1.02193,0.02503,0.00033,0.00109,0.97355
103.32000,1.02193,0.02601,0.00022,0.00081,0.97297
103.46000,1.02194,0.02880,0.00025,0.00058,0.97037
103.60000,1.02194,0.02622,0.00031,0.00067,0.97280
103.74000,1.02194,0.02328,0.00027,0.00069,0.97577
103.88000,1.02194,0.02525,0.00019,0.00047,0.97409
104.02000,1.02194,0.02283,0.00026,0.00061,0.97629
104.16000,1.02193,0.02139,0.00024,0.00058,0.97778
104.30000,1.02193,0.01841,0.00054,0.00051,0.98053
104.44000,1.02193,0.01853,0.00022,0.00075,0.98049
104.58000,1.02193,0.01630,0.00012,0.00048,0.98310
104.72000,1.02193,0.01630,0.00022,0.00053,0.98296
104.86000,1.02193,0.01496,0.00020,0.00036,0.98448
105.00000,1.02193,0.01221,0.00005,0.00009,0.98765
105.14000,1.02193,0.00945,0.00004,0.00006,0.99044
105.28000,1.02194,0.01109,0.00008,0.00010,0.98874
105.42000,1.02194,0.00997,0.00004,0.00004,0.98995
105.56000,1.02194,0.00921,0.00009,0.00008,0.99063
105.70000,1.02194,0.00998,0.00006,0.00010,0.98986
105.84000,1.02194,0.01359,0.00015,0.00023,0.98603
105.98000,1.02193,0.01472,0.00016,0.00049,0.98463
106.12000,1.02193,0.01528,0.00017,0.00051,0.98404
106.26000,1.02193,0.01862,0.00022,0.00077,0.98038
106.40000,1.02193,0.02002,0.00023,0.00093,0.97883
106.54000,1.02193,0.02072,0.00024,0.00109,0.97796
106.68000,1.02193,0.01981,0.00028,0.00103,0.97889
106.82000,1.02193,0.01910,0.00030,0.00090,0.97970
106.96000,1.02194,0.01694,0.00035,0.00078,0.98194
107.10000,1.02194,0.01905,0.00027,0.00099,0.97969
107.24000,1.02194,0.01547,0.00017,0.00058,0.98378
107.38000,1.02194,0.01533,0.00015,0.00051,0.98401
107.52000,1.02194,0.01392,0.00009,0.00041,0.98557
107.66000,1.02193,0.01230,0.00010,0.00034,0.98726
107.80000,1.02193,0.01266,0.00007,0.00032,0.98695
107.94000,1.02193,0.01258,0.00006,0.00029,0.98706
108.08000,1.02193,0.01402,0.00007,0.00035,0.98555
108.22000,1.02193,0.01644,0.00013,0.00057,0.98287
108.36000,1.02193,0.01896,0.00012,0.00071,0.98020
108.50000,1.02193,0.02240,0.00021,0.00115,0.97623
108.64000,1.02193,0.02447,0.00024,0.00140,0.97389
108.78000,1.02194,0.02595,0.00032,0.00176,0.97198
108.92000,1.02194,0.03018,0.00040,0.00230,0.96712
109.06000,1.02194,0.02804,0.00031,0.00206,0.96959
109.20000,1.02194,0.02748,0.00020,0.00090,0.97142
109.34000,1.02194,0.01967,0.00010,0.00057,0.97965
109.48000,1.02193,0.01728,0.00006,0.00037,0.98228
109.62000,1.02193,0.01959,0.00004,0.00029,0.98007
109.76000,1.02193,0.02537,0.00003,0.00026,0.97434
109.90000,1.02193,0.02745,0.00000,0.00007,0.97248
110.04000,1.02193,0.02878,0.00003,0.00011,0.97108
110.18000,1.02193,0.02852,0.00002,0.00011,0.97134
110.32000,1.02193,0.02463,0.00000,0.00001,0.97535
110.46000,1.02194,0.01983,0.00000,0.00000,0.98016
110.60000,1.02194,0.03344,0.00001,0.00004,0.96651
110.74000,1.02194,0.03654,0.00003,0.00002,0.96340
110.88000,1.02194,0.03887,0.00004,0.00005,0.96104
111.02000,1.02194,0.03457,0.00004,0.00005,0.96534
111.16000,1.02193,0.02877,0.00004,0.00002,0.97117
111.30000,1.02193,0.06023,0.00006,0.00018,0.93953
111.44000,1.02193,0.03756,0.00005,0.00010,0.96230
111.58000,1.02193,0.03628,0.00008,0.00014,0.96350
111.72000,1.02193,0.01717,0.00012,0.00011,0.98261
111.86000,1.02193,0.02167,0.00005,0.00013,0.97815
112.00000,1.02193,0.02448,0.00006,0.00013,0.97533
112.14000,1.02193,0.03813,0.00003,0.00015,0.96169
112.28000,1.02194,0.03634,0.00002,0.00012,0.96351
112.42000,1.02194,0.03628,0.00003,0.00012,0.96357
112.56000,1.02194,0.03209,0.00002,0.00008,0.96781
112.70000,1.02194,0.04816,0.00002,0.00012,0.95169
112.84000,1.02194,0.02919,0.00001,0.00002,0.97079
112.98000,1.02193,0.01990,0.00003,0.00009,0.97998
113.12000,1.02193,0.02087,0.00006,0.00022,0.97886
113.26000,1.02193,0.02076,0.00005,0.00021,0.97897
113.40000,1.02193,0.03370,0.00005,0.00031,0.96594
113.54000,1.02193,0.02795,0.00008,0.00026,0.97170
113.68000,1.02193,0.03084,0.00006,0.00042,0.96869
113.82000,1.02193,0.02552,0.00008,0.00053,0.97386
113.96000,1.02194,0.02346,0.00007,0.00053,0.97593
114.10000,1.02194,0.02485,0.00004,0.00043,0.97467
114.24000,1.02194,0.02679,0.00008,0.00075,0.97238
114.38000,1.02194,0.01937,0.00007,0.00058,0.97998
114.52000,1.02194,0.02149,0.00009,0.00063,0.97779
114.66000,1.02193,0.01761,0.00006,0.00039,0.98194
114.80000,1.02193,0.01727,0.00011,0.00060,0.98201
114.94000,1.02193,0.01772,0.00012,0.00064,0.98151
115.08000,1.02193,0.01742,0.00014,0.00063,0.98181
115.22000,1.02193,0.01632,0.00014,0.00053,0.98301
115.36000,1.02193,0.01766,0.00015,0.00060,0.98159
115.50000,1.02193,0.02072,0.00020,0.00088,0.97821
115.64000,1.02193,0.01850,0.00021,0.00076,0.98054
115.78000,1.02194,0.01581,0.00015,0.00053,0.98352
115.92000,1.02194,0.01501,0.00011,0.00042,0.98446
116.06000,1.02194,0.01589,0.00012,0.00041,0.98359
116.20000,1.02194,0.01520,0.00012,0.00039,0.98428
116.34000,1.02194,0.01080,0.00006,0.00015,0.98899
116.48000,1.02193,0.01027,0.00002,0.00007,0.98965
116.62000,1.02193,0.01059,0.00004,0.00009,0.98928
116.76000,1.02193,0.00993,0.00003,0.00006,0.98999
116.90000,1.02193,0.01061,0.00005,0.00009,0.98925
117.04000,1.02193,0.00963,0.00001,0.00002,0.99034
117.18000,1.02193,0.01018,0.00003,0.00003,0.98976
117.32000,1.02193,0.01193,0.00002,0.00002,0.98803
117.46000,1.02194,0.01088,0.00003,0.00005,0.98904
117.60000,1.02194,0.01261,0.00003,0.00008,0.98728
117.74000,1.02194,0.01394,0.00004,0.00010,0.98593
117.88000,1.02194,0.01212,0.00006,0.00008,0.98774
118.02000,1.02194,0.01253,0.00014,0.00031,0.98702
118.16000,1.02193,0.01209,0.00009,0.00024,0.98758
118.30000,1.02193,0.01257,0.00007,0.00016,0.98720
118.44000,1.02193,0.01606,0.00009,0.00031,0.98353
118.58000,1.02193,0.01535,0.00016,0.00040,0.98410
118.72000,1.02193,0.02028,0.00013,0.00054,0.97905
118.86000,1.02193,0.02095,0.00018,0.00051,0.97836
119.00000,1.02193,0.02044,0.00016,0.00057,0.97882
119.14000,1.02193,0.02503,0.00038,0.00097,0.97362
119.28000,1.02194,0.02764,0.00029,0.00172,0.97035
119.42000,1.02194,0.02777,0.00026,0.00160,0.97037
119.56000,1.02194,0.02440,0.00010,0.00043,0.97507
119.70000,1.02194,0.02162,0.00016,0.00044,0.97777
119.84000,1.02194,0.02405,0.00011,0.00063,0.97521
119.98000,1.02193,0.02419,0.00018,0.00079,0.97484
120.12000,1.02193,0.02742,0.00020,0.00064,0.97174
120.26000,1.02193,0.02842,0.00013,0.00075,0.97070
120.40000,1.02193,0.02446,0.00034,0.00133,0.97387
120.54000,1.02193,0.02858,0.00027,0.00222,0.96893
120.68000,1.02193,0.03783,0.00030,0.00318,0.95869
120.82000,1.02193,0.02810,0.00019,0.00189,0.96982
120.96000,1.02194,0.01938,0.00005,0.00019,0.98038
121.10000,1.02194,0.01782,0.00004,0.00015,0.98199
121.24000,1.02194,0.01672,0.00003,0.00018,0.98306
121.38000,1.02194,0.01730,0.00004,0.00018,0.98248
121.52000,1.02194,0.01760,0.00005,0.00014,0.98221
121.66000,1.02193,0.01517,0.00003,0.00010,0.98470
121.80000,1.02193,0.01789,0.00030,0.00055,0.98126
121.94000,1.02193,0.02548,0.00016,0.00121,0.97315
122.08000,1.02193,0.02774,0.00010,0.00063,0.97152
122.22000,1.02193,0.02119,0.00011,0.00042,0.97828
122.36000,1.02193,0.02526,0.00012,0.00073,0.97389
122.50000,1.02193,0.02288,0.00014,0.00064,0.97634
122.64000,1.02193,0.02674,0.00016,0.00085,0.97226
122.78000,1.02194,0.02679,0.00010,0.00061,0.97251
122.92000,1.02194,0.02686,0.00037,0.00146,0.97131
123.06000,1.02194,0.02876,0.00027,0.00188,0.96910
123.20000,1.02194,0.02307,0.00013,0.00065,0.97615
123.34000,1.02194,0.02040,0.00013,0.00058,0.97889
123.48000,1.02193,0.02137,0.00015,0.00064,0.97784
123.62000,1.02193,0.02651,0.00012,0.00081,0.97256
123.76000,1.02193,0.02696,0.00012,0.00095,0.97197
123.90000,1.02193,0.02873,0.00012,0.00120,0.96994
124.04000,1.02193,0.03322,0.00022,0.00182,0.96474
124.18000,1.02193,0.03985,0.00028,0.00431,0.95556
124.32000,1.02193,0.03746,0.00025,0.00338,0.95891
124.46000,1.02194,0.03028,0.00021,0.00218,0.96733
124.60000,1.02194,0.03173,0.00025,0.00247,0.96556
124.74000,1.02194,0.02967,0.00017,0.00179,0.96836
124.88000,1.02194,0.02364,0.00017,0.00114,0.97505
125.02000,1.02194,0.02412,0.00020,0.00120,0.97448
125.16000,1.02193,0.02912,0.00019,0.00108,0.96962
125.30000,1.02193,0.02505,0.00022,0.00084,0.97389
125.44000,1.02193,0.02285,0.00007,0.00032,0.97676
125.58000,1.02193,0.01761,0.00005,0.00012,0.98223
125.72000,1.02193,0.01980,0.00015,0.00032,0.97974
125.86000,1.02193,0.02260,0.00009,0.00040,0.97691
126.00000,1.02193,0.02570,0.00007,0.00033,0.97390
126.14000,1.02193,0.01502,0.00001,0.00003,0.98494
126.28000,1.02194,0.01555,0.00002,0.00006,0.98436
126.42000,1.02194,0.01700,0.00008,0.00018,0.98274
126.56000,1.02194,0.01546,0.00004,0.00008,0.98442
126.70000,1.02194,0.01055,0.00002,0.00003,0.98940
126.84000,1.02194,0.00932,0.00003,0.00003,0.99062
126.98000,1.02193,0.00734,0.00005,0.00005,0.99256
127.12000,1.02193,0.00893,0.00003,0.00007,0.99096
127.26000,1.02193,0.01068,0.00003,0.00011,0.98918
127.40000,1.02193,0.01434,0.00003,0.00019,0.98544
127.54000,1.02193,0.01251,0.00004,0.00009,0.98736
127.68000,1.02193,0.01652,0.00002,0.00010,0.98336
127.82000,1.02193,0.01813,0.00003,0.00014,0.98170
127.96000,1.02193,0.01715,0.00004,0.00017,0.98264
128.10001,1.02193,0.02394,0.00005,0.00028,0.97573
128.24001,1.02193,0.01605,0.00004,0.00014,0.98376
128.38000,1.02193,0.01416,0.00014,0.00022,0.98547
128.52000,1.02193,0.02060,0.00008,0.00047,0.97885
128.66000,1.02193,0.02088,0.00007,0.00050,0.97855
128.80000,1.02193,0.02052,0.00008,0.00060,0.97881
128.94000,1.02194,0.02109,0.00011,0.00084,0.97796
129.08000,1.02194,0.02287,0.00011,0.00091,0.97611
129.22000,1.02194,0.02438,0.00016,0.00115,0.97431
129.36000,1.02194,0.02992,0.00020,0.00174,0.96814
129.50000,1.02194,0.02895,0.00024,0.00159,0.96922
129.64000,1.02194,0.02106,0.00007,0.00060,0.97828
129.78000,1.02194,0.01829,0.00005,0.00035,0.98131
129.92000,1.02194,0.01586,0.00005,0.00027,0.98381
130.06000,1.02194,0.01686,0.00006,0.00027,0.98281
130.20000,1.02194,0.02202,0.00005,0.00041,0.97752
130.34000,1.02194,0.01771,0.00005,0.00033,0.98191
130.48000,1.02194,0.01990,0.00004,0.00036,0.97970
130.62000,1.02194,0.02112,0.00013,0.00088,0.97786
130.75999,1.02194,0.02693,0.00015,0.00171,0.97121
130.89999,1.02194,0.03102,0.00020,0.00230,0.96649
131.03999,1.02194,0.03310,0.00017,0.00243,0.96430
131.17999,1.02194,0.03637,0.00015,0.00320,0.96028
131.32001,1.02193,0.04685,0.00027,0.00670,0.94618
131.46001,1.02193,0.05165,0.00024,0.00805,0.94006
131.60001,1.02193,0.06069,0.00025,0.00957,0.92948
131.74001,1.02193,0.07233,0.00024,0.01375,0.91369
131.88000,1.02193,0.08945,0.00037,0.01755,0.89263
132.02000,1.02193,0.07538,0.00031,0.01532,0.90898
132.16000,1.02193,0.08350,0.00033,0.01708,0.89909
132.30000,1.02193,0.08479,0.00017,0.00880,0.90623
132.44000,1.02194,0.07963,0.00022,0.00899,0.91116
132.58000,1.02194,0.06225,0.00004,0.00155,0.93616
132.72000,1.02194,0.05947,0.00005,0.00036,0.94013
132.86000,1.02194,0.05656,0.00006,0.00062,0.94276
133.00000,1.02194,0.03530,0.00002,0.00016,0.96452
133.14000,1.02194,0.03489,0.00002,0.00005,0.96504
133.28000,1.02194,0.02454,0.00001,0.00001,0.97543
133.42000,1.02194,0.02518,0.00001,0.00002,0.97479
133.56000,1.02194,0.01306,0.00003,0.00004,0.98687
133.70000,1.02194,0.01715,0.00003,0.00009,0.98273
133.84000,1.02194,0.02166,0.00003,0.00013,0.97819
133.98000,1.02194,0.01640,0.00004,0.00010,0.98347
134.12000,1.02194,0.02588,0.00020,0.00134,0.97258
134.25999,1.02194,0.01847,0.00003,0.00017,0.98133
134.39999,1.02194,0.01449,0.00001,0.00009,0.98540
134.53999,1.02194,0.01720,0.00002,0.00012,0.98266
134.67999,1.02194,0.01453,0.00001,0.00004,0.98542
134.82001,1.02193,0.02024,0.00001,0.00005,0.97970
134.96001,1.02193,0.02394,0.00002,0.00006,0.97599
135.10001,1.02193,0.02688,0.00005,0.00012,0.97296
135.24001,1.02193,0.02938,0.00004,0.00033,0.97024
135.38000,1.02193,0.02632,0.00002,0.00007,0.97359
135.52000,1.02193,0.02423,0.00002,0.00005,0.97570
135.66000,1.02193,0.02761,0.00007,0.00009,0.97223
135.80000,1.02193,0.01807,0.00002,0.00006,0.98185
135.94000,1.02194,0.01346,0.00003,0.00006,0.98644
136.08000,1.02194,0.01490,0.00002,0.00008,0.98500
136.22000,1.02194,0.01849,0.00008,0.00016,0.98128
136.36000,1.02194,0.02332,0.00014,0.00095,0.97560
136.50000,1.02194,0.02695,0.00013,0.00117,0.97174
136.64000,1.02194,0.03082,0.00019,0.00158,0.96741
136.78000,1.02194,0.02833,0.00016,0.00133,0.97017
136.92000,1.02194,0.03353,0.00014,0.00179,0.96454
137.06000,1.02194,0.04206,0.00027,0.00294,0.95473
137.20000,1.02194,0.04426,0.00022,0.00388,0.95164
137.34000,1.02194,0.05179,0.00018,0.00501,0.94302
137.48000,1.02194,0.05164,0.00016,0.00500,0.94320
137.62000,1.02194,0.05696,0.00016,0.00564,0.93724
137.75999,1.02194,0.06802,0.00022,0.00772,0.92404
137.89999,1.02194,0.04821,0.00012,0.00351,0.94816
138.03999,1.02194,0.03182,0.00017,0.00144,0.96656
138.17999,1.02194,0.02964,0.00034,0.00159,0.96842
138.32001,1.02193,0.02038,0.00016,0.00052,0.97894
138.46001,1.02193,0.01524,0.00006,0.00020,0.98450
138.60001,1.02193,0.01327,0.00005,0.00016,0.98652
138.74001,1.02193,0.01438,0.00006,0.00021,0.98535
138.88000,1.02193,0.01745,0.00022,0.00055,0.98179
139.02000,1.02193,0.01883,0.00015,0.00061,0.98041
139.16000,1.02193,0.02606,0.00011,0.00112,0.97271
139.30000,1.02193,0.03434,0.00025,0.00320,0.96222
139.44000,1.02194,0.04395,0.00039,0.00506,0.95059
139.58000,1.02194,0.04180,0.00051,0.00532,0.95237
139.72000,1.02194,0.05210,0.00087,0.00542,0.94162
139.86000,1.02194,0.04703,0.00043,0.00443,0.94811
140.00000,1.02194,0.05426,0.00031,0.00195,0.94347
140.14000,1.02194,0.04372,0.00045,0.00093,0.95490
140.28000,1.02194,0.05436,0.00037,0.00163,0.94364
140.42000,1.02194,0.09351,0.00100,0.00297,0.90251
140.56000,1.02194,0.09603,0.00103,0.00282,0.90012
140.70000,1.02194,0.10110,0.00041,0.00274,0.89575
140.84000,1.02194,0.09487,0.00181,0.01201,0.89131
140.98000,1.02194,0.09595,0.00134,0.01247,0.89024
141.12000,1.02194,0.08263,0.00057,0.00987,0.90693
141.25999,1.02194,0.06565,0.00084,0.00441,0.92911
141.39999,1.02194,0.04782,0.00021,0.00433,0.94764
141.53999,1.02194,0.05088,0.00024,0.00516,0.94372
141.67999,1.02194,0.05933,0.00008,0.00161,0.93899
141.82001,1.02193,0.12183,0.00027,0.00569,0.87222
141.96001,1.02193,0.11272,0.00022,0.00271,0.88434
142.10001,1.02193,0.10834,0.00028,0.00256,0.88883
142.24001,1.02193,0.10090,0.00120,0.00275,0.89514
142.38000,1.02193,0.06937,0.00063,0.00138,0.92862
142.52000,1.02193,0.05580,0.00099,0.00080,0.94241
142.66000,1.02193,0.02285,0.00109,0.00070,0.97535
142.80000,1.02193,0.01569,0.00038,0.00020,0.98373
142.94000,1.02194,0.01558,0.00021,0.00029,0.98391
143.08000,1.02194,0.01698,0.00029,0.00037,0.98236
143.22000,1.02194,0.02038,0.00030,0.00044,0.97888
143.36000,1.02194,0.02291,0.00008,0.00027,0.97674
143.50000,1.02194,0.02372,0.00009,0.00040,0.97579
143.64000,1.02194,0.02166,0.00007,0.00036,0.97791
143.78000,1.02194,0.02423,0.00009,0.00050,0.97518
143.92000,1.02194,0.02762,0.00009,0.00045,0.97185
144.06000,1.02194,0.02535,0.00021,0.00068,0.97376
144.20000,1.02194,0.02896,0.00026,0.00118,0.96960
144.34000,1.02194,0.02829,0.00035,0.00189,0.96947
144.48000,1.02194,0.03461,0.00022,0.00238,0.96279
144.62000,1.02194,0.03978,0.00036,0.00162,0.95824
144.75999,1.02194,0.04525,0.00030,0.00205,0.95240
144.89999,1.02194,0.04938,0.00032,0.00238,0.94792
145.03999,1.02194,0.07502,0.00054,0.00361,0.92083
145.17999,1.02194,0.05995,0.00046,0.00255,0.93705
145.32001,1.02193,0.03795,0.00006,0.00055,0.96144
145.46001,1.02193,0.04795,0.00016,0.00033,0.95156
145.60001,1.02193,0.02639,0.00006,0.00020,0.97336
145.74001,1.02193,0.02320,0.00004,0.00018,0.97658
145.88000,1.02193,0.01936,0.00006,0.00015,0.98043
146.02000,1.02193,0.01415,0.00002,0.00003,0.98579
146.16000,1.02193,0.01713,0.00003,0.00007,0.98277
146.30000,1.02193,0.01568,0.00011,0.00024,0.98398
146.44000,1.02194,0.01942,0.00019,0.00037,0.98002
146.58000,1.02194,0.02033,0.00019,0.00060,0.97888
146.72000,1.02194,0.01908,0.00018,0.00056,0.98019
146.86000,1.02194,0.02349,0.00018,0.00075,0.97558
147.00000,1.02194,0.03356,0.00038,0.00168,0.96438
147.14000,1.02194,0.05211,0.00050,0.00280,0.94459
147.28000,1.02194,0.04897,0.00051,0.00286,0.94767
147.42000,1.02194,0.05381,0.00033,0.00340,0.94246
147.56000,1.02194,0.06955,0.00030,0.00540,0.92475
147.70000,1.02194,0.08089,0.00030,0.00753,0.91128
147.84000,1.02194,0.09842,0.00046,0.00954,0.89158
