Time (seconds), Duration (seconds),pred_(unlabeled),pred_brushing_teeth,pred_hair_drying,pred_showering
0.00000,0.12694,1.00000,0.00000,0.00000,0.00000
0.06600,0.12694,1.00000,0.00000,0.00000,0.00000
0.13200,0.12694,1.00000,0.00000,0.00000,0.00000
0.19800,0.12694,1.00000,0.00000,0.00000,0.00000
0.26400,0.12694,0.99998,0.00000,0.00002,0.00000
0.33000,0.12694,0.99999,0.00000,0.00001,0.00000
0.39600,0.12694,1.00000,0.00000,0.00000,0.00000
0.46200,0.12694,0.99998,0.00000,0.00002,0.00000
0.52800,0.12694,0.99990,0.00000,0.00009,0.00000
0.59400,0.12694,0.99820,0.00006,0.00061,0.00113
0.66000,0.12694,0.99995,0.00000,0.00005,0.00000
0.72600,0.12694,0.99990,0.00000,0.00010,0.00000
0.79200,0.12694,0.99999,0.00000,0.00001,0.00000
0.85800,0.12694,0.99999,0.00000,0.00001,0.00000
0.92400,0.12694,1.00000,0.00000,0.00000,0.00000
0.99000,0.12694,0.99998,0.00000,0.00002,0.00000
1.05600,0.12694,0.99995,0.00000,0.00005,0.00000
1.12200,0.12694,0.99998,0.00000,0.00002,0.00000
1.18800,0.12694,1.00000,0.00000,0.00000,0.00000
1.25400,0.12694,1.00000,0.00000,0.00000,0.00000
1.32000,0.12694,0.99998,0.00000,0.00002,0.00000
1.38600,0.12694,0.99999,0.00000,0.00001,0.00000
1.45200,0.12694,1.00000,0.00000,0.00000,0.00000
1.51800,0.12694,1.00000,0.00000,0.00000,0.00000
1.58400,0.12694,1.00000,0.00000,0.00000,0.00000
1.65000,0.12694,1.00000,0.00000,0.00000,0.00000
1.71600,0.12694,1.00000,0.00000,0.00000,0.00000
1.78200,0.12694,1.00000,0.00000,0.00000,0.00000
1.84800,0.12694,0.99999,0.00000,0.00001,0.00000
1.91400,0.12694,0.99998,0.00000,0.00002,0.00000
1.98000,0.12694,1.00000,0.00000,0.00000,0.00000
2.04600,0.12694,1.00000,0.00000,0.00000,0.00000
2.11200,0.12694,1.00000,0.00000,0.00000,0.00000
2.17800,0.12694,0.99999,0.00000,0.00001,0.00000
2.24400,0.12694,1.00000,0.00000,0.00000,0.00000
2.31000,0.12694,1.00000,0.00000,0.00000,0.00000
2.37600,0.12694,0.99999,0.00000,0.00001,0.00000
2.44200,0.12694,0.99997,0.00000,0.00003,0.00000
2.50800,0.12694,1.00000,0.00000,0.00000,0.00000
2.57400,0.12694,1.00000,0.00000,0.00000,0.00000
2.64000,0.12694,0.99999,0.00000,0.00001,0.00000
2.70600,0.12694,0.99999,0.00000,0.00001,0.00000
2.77200,0.12694,0.99999,0.00000,0.00001,0.00000
2.83800,0.12694,1.00000,0.00000,0.00000,0.00000
2.90400,0.12694,1.00000,0.00000,0.00000,0.00000
2.97000,0.12694,1.00000,0.00000,0.00000,0.00000
3.03600,0.12694,1.00000,0.00000,0.00000,0.00000
3.10200,0.12694,1.00000,0.00000,0.00000,0.00000
3.16800,0.12694,0.99999,0.00000,0.00001,0.00000
3.23400,0.12694,1.00000,0.00000,0.00000,0.00000
3.30000,0.12694,0.99999,0.00000,0.00001,0.00000
3.36600,0.12694,1.00000,0.00000,0.00000,0.00000
3.43200,0.12694,1.00000,0.00000,0.00000,0.00000
3.49800,0.12694,1.00000,0.00000,0.00000,0.00000
3.56400,0.12694,1.00000,0.00000,0.00000,0.00000
3.63000,0.12694,1.00000,0.00000,0.00000,0.00000
3.69600,0.12694,0.99998,0.00000,0.00002,0.00000
3.76200,0.12694,0.99999,0.00000,0.00001,0.00000
3.82800,0.12694,1.00000,0.00000,0.00000,0.00000
3.89400,0.12694,1.00000,0.00000,0.00000,0.00000
3.96000,0.12694,0.99999,0.00000,0.00001,0.00000
4.02600,0.12694,0.98362,0.00027,0.00091,0.01520
4.09200,0.12694,0.99779,0.00006,0.00022,0.00193
4.15800,0.12694,0.99997,0.00000,0.00003,0.00001
4.22400,0.12694,1.00000,0.00000,0.00000,0.00000
4.29000,0.12694,1.00000,0.00000,0.00000,0.00000
4.35600,0.12694,1.00000,0.00000,0.00000,0.00000
4.42200,0.12694,0.99997,0.00000,0.00003,0.00000
4.48800,0.12694,0.99990,0.00000,0.00010,0.00000
4.55400,0.12694,1.00000,0.00000,0.00000,0.00000
4.62000,0.12694,0.99997,0.00000,0.00003,0.00000
4.68600,0.12694,0.99970,0.00001,0.00006,0.00023
4.75200,0.12694,0.99916,0.00011,0.00038,0.00035
4.81800,0.12694,0.96249,0.03590,0.00028,0.00133
4.88400,0.12694,0.98144,0.01300,0.00014,0.00542
4.95000,0.12694,0.99427,0.00092,0.00006,0.00475
5.01600,0.12694,0.99962,0.00002,0.00008,0.00028
5.08200,0.12694,0.99999,0.00000,0.00001,0.00000
5.14800,0.12694,0.99987,0.00000,0.00005,0.00008
5.21400,0.12694,0.99870,0.00004,0.00027,0.00100
5.28000,0.12694,0.99608,0.00013,0.00028,0.00352
5.34600,0.12694,0.99991,0.00000,0.00005,0.00003
5.41200,0.12694,0.99999,0.00000,0.00001,0.00000
5.47800,0.12694,0.99998,0.00000,0.00002,0.00000
5.54400,0.12694,0.99978,0.00000,0.00022,0.00000
5.61000,0.12694,0.99999,0.00000,0.00001,0.00000
5.67600,0.12694,0.99996,0.00000,0.00004,0.00000
5.74200,0.12694,0.99996,0.00000,0.00004,0.00000
5.80800,0.12694,0.99997,0.00000,0.00003,0.00000
5.87400,0.12694,0.99998,0.00000,0.00002,0.00000
5.94000,0.12694,0.99988,0.00000,0.00012,0.00000
6.00600,0.12694,0.99993,0.00000,0.00007,0.00000
6.07200,0.12694,1.00000,0.00000,0.00000,0.00000
6.13800,0.12694,1.00000,0.00000,0.00000,0.00000
6.20400,0.12694,1.00000,0.00000,0.00000,0.00000
6.27000,0.12694,1.00000,0.00000,0.00000,0.00000
6.33600,0.12694,0.99999,0.00000,0.00001,0.00000
6.40200,0.12694,1.00000,0.00000,0.00000,0.00000
6.46800,0.12694,1.00000,0.00000,0.00000,0.00000
6.53400,0.12694,1.00000,0.00000,0.00000,0.00000
6.60000,0.12694,0.99998,0.00000,0.00002,0.00000
6.66600,0.12694,0.99995,0.00000,0.00005,0.00000
6.73200,0.12694,1.00000,0.00000,0.00000,0.00000
6.79800,0.12694,1.00000,0.00000,0.00000,0.00000
6.86400,0.12694,0.99997,0.00000,0.00003,0.00000
6.93000,0.12694,0.99970,0.00008,0.00013,0.00009
6.99600,0.12694,0.99587,0.00048,0.00076,0.00290
7.06200,0.12694,0.99704,0.00013,0.00135,0.00148
7.12800,0.12694,0.94564,0.00026,0.00037,0.05373
7.19400,0.12694,0.57586,0.00114,0.00059,0.42241
7.26000,0.12694,0.97556,0.00293,0.00123,0.02027
7.32600,0.12694,0.99617,0.00042,0.00070,0.00271
7.39200,0.12694,0.98335,0.00005,0.01658,0.00002
7.45800,0.12694,0.98943,0.00000,0.01056,0.00001
7.52400,0.12694,0.88094,0.00062,0.11837,0.00007
7.59000,0.12694,0.09184,0.36853,0.53819,0.00144
7.65600,0.12694,0.10607,0.01525,0.87281,0.00587
7.72200,0.12694,0.02671,0.00306,0.96995,0.00029
7.78800,0.12694,0.00744,0.00248,0.99001,0.00007
7.85400,0.12694,0.00948,0.00248,0.98790,0.00014
7.92000,0.12694,0.01207,0.00076,0.98708,0.00009
7.98600,0.12694,0.00304,0.00026,0.99668,0.00002
8.05200,0.12694,0.00266,0.00005,0.99729,0.00000
8.11800,0.12694,0.00575,0.00012,0.99412,0.00001
8.18400,0.12694,0.00069,0.00005,0.99927,0.00000
8.25000,0.12694,0.00029,0.00003,0.99968,0.00000
8.31600,0.12694,0.00020,0.00002,0.99978,0.00000
8.38200,0.12694,0.00209,0.00016,0.99774,0.00001
8.44800,0.12694,0.00170,0.00025,0.99804,0.00001
8.51400,0.12694,0.00941,0.00038,0.99006,0.00014
8.58000,0.12694,0.00521,0.00010,0.99448,0.00020
8.64600,0.12694,0.00709,0.00015,0.99267,0.00009
8.71200,0.12694,0.00145,0.00029,0.99826,0.00001
8.77800,0.12694,0.00165,0.00027,0.99806,0.00002
8.84400,0.12694,0.00219,0.00045,0.99734,0.00001
8.91000,0.12694,0.00174,0.00017,0.99809,0.00000
8.97600,0.12694,0.00327,0.00026,0.99646,0.00001
9.04200,0.12694,0.00740,0.00065,0.99189,0.00006
9.10800,0.12694,0.00618,0.00102,0.99261,0.00019
9.17400,0.12694,0.00428,0.00120,0.99415,0.00036
9.24000,0.12694,0.00663,0.00207,0.99108,0.00022
9.30600,0.12694,0.00106,0.00031,0.99862,0.00001
9.37200,0.12694,0.00821,0.00086,0.99071,0.00022
9.43800,0.12694,0.00217,0.00008,0.99774,0.00001
9.50400,0.12694,0.00277,0.00018,0.99702,0.00003
9.57000,0.12694,0.00159,0.00021,0.99813,0.00007
9.63600,0.12694,0.00106,0.00035,0.99857,0.00002
9.70200,0.12694,0.00128,0.00030,0.99842,0.00001
9.76800,0.12694,0.00158,0.00043,0.99796,0.00003
9.83400,0.12694,0.00514,0.00087,0.99389,0.00010
9.90000,0.12694,0.00291,0.00096,0.99612,0.00001
9.96600,0.12694,0.00344,0.00057,0.99596,0.00003
10.03200,0.12694,0.00398,0.00011,0.99590,0.00002
10.09800,0.12694,0.00141,0.00083,0.99775,0.00000
10.16400,0.12694,0.00156,0.00060,0.99784,0.00000
10.23000,0.12694,0.00311,0.00115,0.99570,0.00004
10.29600,0.12694,0.00112,0.00047,0.99841,0.00000
10.36200,0.12694,0.00152,0.00018,0.99829,0.00001
10.42800,0.12694,0.00161,0.00009,0.99829,0.00000
10.49400,0.12694,0.00127,0.00002,0.99871,0.00000
10.56000,0.12694,0.00221,0.00012,0.99766,0.00000
10.62600,0.12694,0.00106,0.00006,0.99888,0.00000
10.69200,0.12694,0.00654,0.00042,0.99298,0.00007
10.75800,0.12694,0.01041,0.00171,0.98768,0.00019
10.82400,0.12694,0.01351,0.00012,0.98628,0.00009
10.89000,0.12694,0.01779,0.00023,0.98187,0.00012
10.95600,0.12694,0.00244,0.00020,0.99734,0.00002
11.02200,0.12694,0.00303,0.00053,0.99642,0.00002
11.08800,0.12694,0.01241,0.00124,0.98619,0.00017
11.15400,0.12694,0.00506,0.00024,0.99452,0.00018
11.22000,0.12694,0.01000,0.00061,0.98891,0.00048
11.28600,0.12694,0.00288,0.00021,0.99674,0.00017
11.35200,0.12694,0.07221,0.00091,0.91935,0.00753
11.41800,0.12694,0.17694,0.00355,0.75738,0.06213
11.48400,0.12694,0.20394,0.00842,0.71661,0.07102
11.55000,0.12694,0.14580,0.00149,0.81918,0.03353
11.61600,0.12694,0.16150,0.00003,0.83475,0.00372
11.68200,0.12694,0.04788,0.00001,0.95148,0.00063
11.74800,0.12694,0.03463,0.00069,0.96298,0.00169
11.81400,0.12694,0.06578,0.00009,0.93301,0.00112
11.88000,0.12694,0.05075,0.00016,0.94854,0.00054
11.94600,0.12694,0.04901,0.00158,0.94554,0.00386
12.01200,0.12694,0.03103,0.04342,0.91319,0.01236
12.07800,0.12694,0.03018,0.00742,0.95637,0.00603
12.14400,0.12694,0.04189,0.00216,0.94998,0.00596
12.21000,0.12694,0.03539,0.00150,0.96121,0.00190
12.27600,0.12694,0.01568,0.00036,0.98347,0.00050
12.34200,0.12694,0.02818,0.00124,0.95899,0.01158
12.40800,0.12694,0.04500,0.00068,0.94326,0.01106
12.47400,0.12694,0.00663,0.00001,0.99332,0.00005
12.54000,0.12694,0.01186,0.00003,0.98798,0.00013
12.60600,0.12694,0.00337,0.00015,0.99640,0.00008
12.67200,0.12694,0.00774,0.00024,0.99186,0.00016
12.73800,0.12694,0.00430,0.00004,0.99565,0.00000
12.80400,0.12694,0.00366,0.00030,0.99602,0.00001
12.87000,0.12694,0.00283,0.00027,0.99686,0.00005
12.93600,0.12694,0.00496,0.00023,0.99471,0.00010
13.00200,0.12694,0.00260,0.00028,0.99705,0.00006
13.06800,0.12694,0.00591,0.00025,0.99361,0.00022
13.13400,0.12694,0.03793,0.00202,0.95787,0.00219
13.20000,0.12694,0.02120,0.00065,0.97781,0.00035
13.26600,0.12694,0.00144,0.00012,0.99843,0.00000
13.33200,0.12694,0.00471,0.00089,0.99430,0.00010
13.39800,0.12694,0.00196,0.00031,0.99768,0.00005
13.46400,0.12694,0.00232,0.00013,0.99754,0.00001
13.53000,0.12694,0.00479,0.00062,0.99457,0.00002
13.59600,0.12694,0.00464,0.00132,0.99400,0.00003
13.66200,0.12694,0.00194,0.00012,0.99791,0.00003
13.72800,0.12694,0.00673,0.00038,0.99281,0.00008
13.79400,0.12694,0.00335,0.00049,0.99615,0.00001
13.86000,0.12694,0.00309,0.00019,0.99666,0.00006
13.92600,0.12694,0.00277,0.00012,0.99699,0.00012
13.99200,0.12694,0.00333,0.00013,0.99648,0.00006
14.05800,0.12694,0.00044,0.00006,0.99950,0.00000
14.12400,0.12694,0.00147,0.00012,0.99840,0.00001
14.19000,0.12694,0.00141,0.00006,0.99852,0.00001
14.25600,0.12694,0.00540,0.00009,0.99445,0.00006
14.32200,0.12694,0.00792,0.00058,0.99137,0.00013
14.38800,0.12694,0.03230,0.01363,0.95194,0.00213
14.45400,0.12694,0.02730,0.00403,0.96437,0.00430
14.52000,0.12694,0.00565,0.00036,0.99361,0.00038
14.58600,0.12694,0.01771,0.00230,0.97844,0.00155
14.65200,0.12694,0.02426,0.00184,0.97263,0.00127
14.71800,0.12694,0.00588,0.00074,0.99308,0.00030
14.78400,0.12694,0.00938,0.00026,0.98954,0.00082
14.85000,0.12694,0.02072,0.00037,0.97445,0.00445
14.91600,0.12694,0.10929,0.00176,0.86726,0.02170
14.98200,0.12694,0.06081,0.00111,0.93300,0.00508
15.04800,0.12694,0.01543,0.00148,0.98154,0.00155
15.11400,0.12694,0.00493,0.00132,0.99312,0.00063
15.18000,0.12694,0.06301,0.00545,0.86868,0.06286
15.24600,0.12694,0.06331,0.00214,0.84245,0.09210
15.31200,0.12694,0.01618,0.00037,0.98093,0.00252
15.37800,0.12694,0.00291,0.00017,0.99689,0.00003
15.44400,0.12694,0.00673,0.00006,0.99320,0.00001
15.51000,0.12694,0.00633,0.00008,0.99355,0.00003
15.57600,0.12694,0.01048,0.00089,0.98799,0.00064
15.64200,0.12694,0.03022,0.00663,0.96012,0.00303
15.70800,0.12694,0.07513,0.00203,0.91474,0.00810
15.77400,0.12694,0.09720,0.00091,0.88654,0.01535
15.84000,0.12694,0.08734,0.00326,0.90569,0.00371
15.90600,0.12694,0.03683,0.00044,0.95953,0.00320
15.97200,0.12694,0.01197,0.00195,0.98555,0.00053
16.03800,0.12694,0.08227,0.00550,0.91048,0.00175
16.10400,0.12694,0.04603,0.00213,0.94946,0.00238
16.17000,0.12694,0.03203,0.00454,0.96201,0.00142
16.23600,0.12694,0.00899,0.00004,0.99095,0.00002
16.30200,0.12694,0.00244,0.00003,0.99753,0.00000
16.36800,0.12694,0.00255,0.00018,0.99724,0.00003
16.43400,0.12694,0.02042,0.00772,0.97051,0.00136
16.50000,0.12694,0.01639,0.00485,0.97693,0.00183
16.56600,0.12694,0.05001,0.00179,0.94024,0.00796
16.63200,0.12694,0.05689,0.00027,0.94145,0.00138
16.69800,0.12694,0.04023,0.00695,0.93952,0.01330
16.76400,0.12694,0.01406,0.00137,0.98249,0.00208
16.83000,0.12694,0.01909,0.00115,0.97692,0.00285
16.89600,0.12694,0.02382,0.00289,0.96914,0.00415
16.96200,0.12694,0.01454,0.00096,0.98235,0.00214
17.02800,0.12694,0.00280,0.00061,0.99646,0.00012
17.09400,0.12694,0.00109,0.00054,0.99836,0.00002
17.16000,0.12694,0.00577,0.00040,0.99373,0.00011
17.22600,0.12694,0.02055,0.00030,0.97828,0.00087
17.29200,0.12694,0.00326,0.00024,0.99639,0.00011
17.35800,0.12694,0.00195,0.00022,0.99781,0.00001
17.42400,0.12694,0.00760,0.00245,0.98926,0.00068
17.49000,0.12694,0.00509,0.00078,0.99405,0.00008
17.55600,0.12694,0.00441,0.00052,0.99496,0.00011
17.62200,0.12694,0.00510,0.00084,0.99398,0.00008
17.68800,0.12694,0.00213,0.00016,0.99770,0.00001
17.75400,0.12694,0.00914,0.00043,0.99025,0.00017
17.82000,0.12694,0.00663,0.00151,0.99167,0.00019
17.88600,0.12694,0.00367,0.00027,0.99603,0.00003
17.95200,0.12694,0.00330,0.00009,0.99659,0.00002
18.01800,0.12694,0.00078,0.00007,0.99915,0.00000
18.08400,0.12694,0.00755,0.00079,0.99161,0.00004
18.15000,0.12694,0.00468,0.00007,0.99524,0.00001
18.21600,0.12694,0.00226,0.00013,0.99761,0.00000
18.28200,0.12694,0.00377,0.00014,0.99606,0.00003
18.34800,0.12694,0.00641,0.00063,0.99293,0.00003
18.41400,0.12694,0.00618,0.00096,0.99284,0.00002
18.48000,0.12694,0.00126,0.00015,0.99859,0.00000
18.54600,0.12694,0.01158,0.00193,0.98613,0.00037
18.61200,0.12694,0.02234,0.00037,0.97676,0.00053
18.67800,0.12694,0.00461,0.00014,0.99523,0.00002
18.74400,0.12694,0.00220,0.00018,0.99760,0.00002
18.81000,0.12694,0.00122,0.00006,0.99871,0.00000
18.87600,0.12694,0.00239,0.00025,0.99734,0.00002
18.94200,0.12694,0.00617,0.00041,0.99334,0.00008
19.00800,0.12694,0.00408,0.00107,0.99483,0.00002
19.07400,0.12694,0.00237,0.00024,0.99739,0.00000
19.14000,0.12694,0.00219,0.00037,0.99743,0.00001
19.20600,0.12694,0.00290,0.00016,0.99694,0.00001
19.27200,0.12694,0.00244,0.00004,0.99751,0.00000
19.33800,0.12694,0.00251,0.00018,0.99731,0.00001
19.40400,0.12694,0.00225,0.00017,0.99758,0.00000
19.47000,0.12694,0.00323,0.00011,0.99666,0.00000
19.53600,0.12694,0.00402,0.00025,0.99570,0.00003
19.60200,0.12694,0.00194,0.00009,0.99796,0.00000
19.66800,0.12694,0.00225,0.00006,0.99769,0.00001
19.73400,0.12694,0.01006,0.00016,0.98976,0.00001
19.80000,0.12694,0.00700,0.00062,0.99233,0.00004
19.86600,0.12694,0.00722,0.00018,0.99256,0.00004
19.93200,0.12694,0.01230,0.00026,0.98727,0.00016
19.99800,0.12694,0.00144,0.00008,0.99847,0.00000
20.06400,0.12694,0.00123,0.00009,0.99868,0.00000
20.13000,0.12694,0.00329,0.00019,0.99650,0.00002
20.19600,0.12694,0.00111,0.00005,0.99884,0.00000
20.26200,0.12694,0.00133,0.00016,0.99851,0.00000
20.32800,0.12694,0.00447,0.00020,0.99532,0.00001
20.39400,0.12694,0.00255,0.00020,0.99724,0.00001
20.46000,0.12694,0.00540,0.00018,0.99439,0.00003
20.52600,0.12694,0.00324,0.00063,0.99605,0.00007
20.59200,0.12694,0.00122,0.00027,0.99851,0.00001
20.65800,0.12694,0.00329,0.00064,0.99604,0.00002
20.72400,0.12694,0.01147,0.00272,0.98560,0.00021
20.79000,0.12694,0.00244,0.00017,0.99738,0.00000
20.85600,0.12694,0.00126,0.00017,0.99857,0.00000
20.92200,0.12694,0.00397,0.00017,0.99584,0.00002
20.98800,0.12694,0.00275,0.00048,0.99674,0.00002
21.05400,0.12694,0.00354,0.00049,0.99594,0.00003
21.12000,0.12694,0.00654,0.00177,0.99157,0.00012
21.18600,0.12694,0.00233,0.00020,0.99745,0.00002
21.25200,0.12694,0.00702,0.00045,0.99245,0.00007
21.31800,0.12694,0.01243,0.00052,0.98688,0.00017
21.38400,0.12694,0.00180,0.00011,0.99809,0.00000
21.45000,0.12694,0.00247,0.00017,0.99734,0.00001
21.51600,0.12694,0.00074,0.00003,0.99922,0.00000
21.58200,0.12694,0.00781,0.00008,0.99209,0.00002
21.64800,0.12694,0.00565,0.00046,0.99378,0.00010
21.71400,0.12694,0.00573,0.00037,0.99386,0.00004
21.78000,0.12694,0.01024,0.00022,0.98945,0.00010
21.84600,0.12694,0.00400,0.00034,0.99555,0.00012
21.91200,0.12694,0.00344,0.00026,0.99628,0.00002
21.97800,0.12694,0.00794,0.00105,0.99092,0.00009
22.04400,0.12694,0.00509,0.00048,0.99440,0.00003
22.11000,0.12694,0.00859,0.00034,0.99104,0.00002
22.17600,0.12694,0.00439,0.00025,0.99535,0.00000
22.24200,0.12694,0.00320,0.00013,0.99665,0.00002
22.30800,0.12694,0.00438,0.00027,0.99529,0.00006
22.37400,0.12694,0.00255,0.00020,0.99722,0.00003
22.44000,0.12694,0.00948,0.00111,0.98919,0.00022
22.50600,0.12694,0.00471,0.00024,0.99503,0.00002
22.57200,0.12694,0.00112,0.00006,0.99882,0.00000
22.63800,0.12694,0.00091,0.00009,0.99900,0.00000
22.70400,0.12694,0.00140,0.00004,0.99856,0.00000
22.77000,0.12694,0.00329,0.00102,0.99564,0.00004
22.83600,0.12694,0.00807,0.00087,0.99098,0.00007
22.90200,0.12694,0.00070,0.00008,0.99922,0.00000
22.96800,0.12694,0.00515,0.00024,0.99456,0.00005
23.03400,0.12694,0.00342,0.00007,0.99649,0.00003
23.10000,0.12694,0.00134,0.00008,0.99855,0.00002
23.16600,0.12694,0.00175,0.00011,0.99811,0.00002
23.23200,0.12694,0.00192,0.00014,0.99793,0.00001
23.29800,0.12694,0.00589,0.00035,0.99373,0.00002
23.36400,0.12694,0.01146,0.00022,0.98809,0.00023
23.43000,0.12694,0.00310,0.00047,0.99636,0.00007
23.49600,0.12694,0.00276,0.00008,0.99715,0.00001
23.56200,0.12694,0.00155,0.00007,0.99837,0.00001
23.62800,0.12694,0.00178,0.00007,0.99814,0.00001
23.69400,0.12694,0.00494,0.00076,0.99417,0.00013
23.76000,0.12694,0.00927,0.00168,0.98837,0.00068
23.82600,0.12694,0.00145,0.00068,0.99785,0.00003
23.89200,0.12694,0.00466,0.00026,0.99497,0.00011
23.95800,0.12694,0.00350,0.00035,0.99610,0.00004
24.02400,0.12694,0.00535,0.00076,0.99386,0.00003
24.09000,0.12694,0.00094,0.00028,0.99877,0.00001
24.15600,0.12694,0.00171,0.00124,0.99700,0.00004
24.22200,0.12694,0.00082,0.00049,0.99868,0.00000
24.28800,0.12694,0.00124,0.00050,0.99826,0.00001
24.35400,0.12694,0.00185,0.00020,0.99794,0.00001
24.42000,0.12694,0.00463,0.00051,0.99472,0.00014
24.48600,0.12694,0.00138,0.00055,0.99804,0.00003
24.55200,0.12694,0.00175,0.00018,0.99803,0.00004
24.61800,0.12694,0.00989,0.00022,0.98866,0.00124
24.68400,0.12694,0.00413,0.00031,0.99552,0.00004
24.75000,0.12694,0.00157,0.00031,0.99812,0.00001
24.81600,0.12694,0.00213,0.00016,0.99769,0.00002
24.88200,0.12694,0.00233,0.00049,0.99716,0.00002
24.94800,0.12694,0.00506,0.00120,0.99361,0.00013
25.01400,0.12694,0.00558,0.00097,0.99301,0.00044
25.08000,0.12694,0.00139,0.00015,0.99841,0.00006
25.14600,0.12694,0.00109,0.00029,0.99860,0.00002
25.21200,0.12694,0.00136,0.00031,0.99832,0.00001
25.27800,0.12694,0.00133,0.00018,0.99847,0.00002
25.34400,0.12694,0.00306,0.00028,0.99664,0.00002
25.41000,0.12694,0.00391,0.00028,0.99579,0.00003
25.47600,0.12694,0.00155,0.00034,0.99810,0.00001
25.54200,0.12694,0.00255,0.00030,0.99714,0.00001
25.60800,0.12694,0.00140,0.00007,0.99852,0.00000
25.67400,0.12694,0.00076,0.00011,0.99912,0.00001
25.74000,0.12694,0.00051,0.00023,0.99925,0.00000
25.80600,0.12694,0.00181,0.00083,0.99735,0.00001
25.87200,0.12694,0.00117,0.00034,0.99849,0.00000
25.93800,0.12694,0.00253,0.00047,0.99698,0.00002
26.00400,0.12694,0.01030,0.00063,0.98889,0.00018
26.07000,0.12694,0.00250,0.00063,0.99686,0.00002
26.13600,0.12694,0.00472,0.00103,0.99417,0.00009
26.20200,0.12694,0.00400,0.00131,0.99464,0.00005
26.26800,0.12694,0.00091,0.00020,0.99889,0.00000
26.33400,0.12694,0.00230,0.00038,0.99729,0.00004
26.40000,0.12694,0.00318,0.00049,0.99628,0.00005
26.46600,0.12694,0.00106,0.00020,0.99874,0.00000
26.53200,0.12694,0.00052,0.00005,0.99944,0.00000
26.59800,0.12694,0.00111,0.00012,0.99877,0.00000
26.66400,0.12694,0.00191,0.00029,0.99779,0.00000
26.73000,0.12694,0.00071,0.00009,0.99920,0.00000
26.79600,0.12694,0.00147,0.00023,0.99829,0.00001
26.86200,0.12694,0.00149,0.00069,0.99782,0.00000
26.92800,0.12694,0.00497,0.00160,0.99342,0.00002
26.99400,0.12694,0.00512,0.00050,0.99433,0.00005
27.06000,0.12694,0.00314,0.00040,0.99639,0.00006
27.12600,0.12694,0.00313,0.00174,0.99509,0.00003
27.19200,0.12694,0.00162,0.00072,0.99765,0.00001
27.25800,0.12694,0.00454,0.00183,0.99360,0.00003
27.32400,0.12694,0.00093,0.00050,0.99856,0.00001
27.39000,0.12694,0.00218,0.00048,0.99734,0.00001
27.45600,0.12694,0.00178,0.00014,0.99806,0.00001
27.52200,0.12694,0.00294,0.00140,0.99557,0.00009
27.58800,0.12694,0.00243,0.00155,0.99601,0.00001
27.65400,0.12694,0.00360,0.00022,0.99616,0.00002
27.72000,0.12694,0.00354,0.00034,0.99611,0.00001
27.78600,0.12694,0.00295,0.00090,0.99613,0.00002
27.85200,0.12694,0.00171,0.00010,0.99817,0.00002
27.91800,0.12694,0.00262,0.00119,0.99619,0.00001
27.98400,0.12694,0.00137,0.00050,0.99812,0.00001
28.05000,0.12694,0.00399,0.00077,0.99518,0.00006
28.11600,0.12694,0.00111,0.00021,0.99867,0.00001
28.18200,0.12694,0.00064,0.00005,0.99931,0.00000
28.24800,0.12694,0.00143,0.00037,0.99819,0.00000
28.31400,0.12694,0.00446,0.00081,0.99470,0.00004
28.38000,0.12694,0.00103,0.00027,0.99866,0.00004
28.44600,0.12694,0.00229,0.00025,0.99739,0.00007
28.51200,0.12694,0.00190,0.00036,0.99773,0.00001
28.57800,0.12694,0.00312,0.00021,0.99664,0.00004
28.64400,0.12694,0.00671,0.00062,0.99253,0.00014
28.71000,0.12694,0.00184,0.00029,0.99787,0.00000
28.77600,0.12694,0.00305,0.00051,0.99641,0.00003
28.84200,0.12694,0.00216,0.00045,0.99737,0.00001
28.90800,0.12694,0.00256,0.00035,0.99707,0.00003
28.97400,0.12694,0.00297,0.00050,0.99643,0.00010
29.04000,0.12694,0.00292,0.00130,0.99575,0.00003
29.10600,0.12694,0.00238,0.00166,0.99594,0.00001
29.17200,0.12694,0.00090,0.00058,0.99852,0.00000
29.23800,0.12694,0.00229,0.00150,0.99613,0.00007
29.30400,0.12694,0.00241,0.00027,0.99731,0.00002
29.37000,0.12694,0.00192,0.00018,0.99790,0.00001
29.43600,0.12694,0.00346,0.00085,0.99560,0.00008
29.50200,0.12694,0.00318,0.00206,0.99474,0.00003
29.56800,0.12694,0.00235,0.00046,0.99719,0.00001
29.63400,0.12694,0.00256,0.00019,0.99725,0.00000
29.70000,0.12694,0.00050,0.00007,0.99943,0.00000
29.76600,0.12694,0.00048,0.00016,0.99936,0.00000
29.83200,0.12694,0.00153,0.00034,0.99813,0.00001
29.89800,0.12694,0.00168,0.00019,0.99813,0.00000
29.96400,0.12694,0.00085,0.00007,0.99908,0.00000
30.03000,0.12694,0.00296,0.00083,0.99618,0.00003
30.09600,0.12694,0.00190,0.00039,0.99771,0.00001
30.16200,0.12694,0.00261,0.00087,0.99649,0.00002
30.22800,0.12694,0.00215,0.00077,0.99707,0.00001
30.29400,0.12694,0.00639,0.00034,0.99316,0.00011
30.36000,0.12694,0.00155,0.00012,0.99832,0.00002
30.42600,0.12694,0.00198,0.00044,0.99757,0.00001
30.49200,0.12694,0.00155,0.00016,0.99829,0.00000
30.55800,0.12694,0.00035,0.00003,0.99961,0.00000
30.62400,0.12694,0.00106,0.00006,0.99886,0.00001
30.69000,0.12694,0.00320,0.00028,0.99648,0.00004
30.75600,0.12694,0.00066,0.00009,0.99925,0.00000
30.82200,0.12694,0.00320,0.00074,0.99605,0.00001
30.88800,0.12694,0.00190,0.00048,0.99761,0.00001
30.95400,0.12694,0.00120,0.00018,0.99861,0.00000
31.02000,0.12694,0.00237,0.00056,0.99707,0.00001
31.08600,0.12694,0.00146,0.00007,0.99847,0.00000
31.15200,0.12694,0.00175,0.00038,0.99782,0.00006
31.21800,0.12694,0.00313,0.00045,0.99628,0.00014
31.28400,0.12694,0.00231,0.00048,0.99720,0.00001
31.35000,0.12694,0.00142,0.00013,0.99844,0.00001
31.41600,0.12694,0.00299,0.00030,0.99668,0.00003
31.48200,0.12694,0.00318,0.00026,0.99653,0.00004
31.54800,0.12694,0.00232,0.00052,0.99715,0.00001
31.61400,0.12694,0.00152,0.00019,0.99829,0.00000
31.68000,0.12694,0.00644,0.00108,0.99246,0.00002
31.74600,0.12694,0.00107,0.00014,0.99879,0.00000
31.81200,0.12694,0.00129,0.00024,0.99846,0.00000
31.87800,0.12694,0.00170,0.00023,0.99806,0.00001
31.94400,0.12694,0.00134,0.00049,0.99816,0.00001
32.01000,0.12694,0.00096,0.00018,0.99885,0.00001
32.07600,0.12694,0.00163,0.00026,0.99810,0.00002
32.14200,0.12694,0.00098,0.00034,0.99868,0.00001
32.20800,0.12694,0.00086,0.00006,0.99907,0.00001
32.27400,0.12694,0.00206,0.00015,0.99777,0.00002
32.34000,0.12694,0.00299,0.00010,0.99690,0.00001
32.40600,0.12694,0.00563,0.00034,0.99397,0.00007
32.47200,0.12694,0.00441,0.00019,0.99536,0.00003
32.53800,0.12694,0.00268,0.00037,0.99694,0.00001
32.60400,0.12694,0.00607,0.00065,0.99322,0.00005
32.67000,0.12694,0.00123,0.00043,0.99834,0.00000
32.73600,0.12694,0.00079,0.00031,0.99890,0.00000
32.80200,0.12694,0.00130,0.00031,0.99839,0.00000
32.86800,0.12694,0.00322,0.00145,0.99532,0.00002
32.93400,0.12694,0.00150,0.00058,0.99791,0.00002
33.00000,0.12694,0.00158,0.00076,0.99764,0.00001
33.06600,0.12693,0.00065,0.00049,0.99882,0.00004
33.13200,0.12694,0.00484,0.00068,0.99364,0.00085
33.19800,0.12693,0.00135,0.00017,0.99844,0.00005
33.26400,0.12694,0.00101,0.00052,0.99846,0.00001
33.33000,0.12693,0.00228,0.00024,0.99746,0.00002
33.39600,0.12694,0.00227,0.00045,0.99725,0.00003
33.46200,0.12693,0.00652,0.00115,0.99225,0.00008
33.52800,0.12694,0.00218,0.00023,0.99759,0.00001
33.59400,0.12693,0.00511,0.00065,0.99417,0.00007
33.66000,0.12694,0.00204,0.00031,0.99759,0.00006
33.72600,0.12693,0.00120,0.00021,0.99858,0.00001
33.79200,0.12694,0.00134,0.00026,0.99839,0.00001
33.85800,0.12693,0.00144,0.00022,0.99833,0.00001
33.92400,0.12694,0.00102,0.00008,0.99889,0.00001
33.99000,0.12693,0.00282,0.00029,0.99677,0.00012
34.05600,0.12694,0.00141,0.00025,0.99832,0.00001
34.12200,0.12693,0.00360,0.00063,0.99570,0.00008
34.18800,0.12694,0.00189,0.00015,0.99795,0.00001
34.25400,0.12693,0.00208,0.00009,0.99780,0.00002
34.32000,0.12694,0.00297,0.00043,0.99656,0.00004
34.38600,0.12693,0.00327,0.00019,0.99651,0.00002
34.45200,0.12694,0.00259,0.00036,0.99703,0.00002
34.51800,0.12693,0.00069,0.00004,0.99927,0.00000
34.58400,0.12694,0.00250,0.00059,0.99689,0.00002
34.65000,0.12694,0.00068,0.00008,0.99924,0.00000
34.71600,0.12694,0.00241,0.00054,0.99702,0.00002
34.78200,0.12694,0.00100,0.00018,0.99882,0.00001
34.84800,0.12694,0.00145,0.00039,0.99815,0.00001
34.91400,0.12694,0.00225,0.00021,0.99749,0.00004
34.98000,0.12694,0.00052,0.00017,0.99931,0.00000
35.04600,0.12694,0.00529,0.00116,0.99347,0.00008
35.11200,0.12694,0.00090,0.00056,0.99854,0.00000
35.17800,0.12694,0.00146,0.00056,0.99798,0.00001
35.24400,0.12694,0.00138,0.00074,0.99788,0.00001
35.31000,0.12694,0.00124,0.00081,0.99795,0.00001
35.37600,0.12694,0.00334,0.00250,0.99410,0.00006
35.44200,0.12694,0.00168,0.00036,0.99795,0.00001
35.50800,0.12694,0.00054,0.00006,0.99940,0.00000
35.57400,0.12694,0.00054,0.00012,0.99934,0.00000
35.64000,0.12694,0.00074,0.00035,0.99891,0.00000
35.70600,0.12694,0.00182,0.00044,0.99774,0.00001
35.77200,0.12694,0.00446,0.00120,0.99402,0.00031
35.83800,0.12694,0.00308,0.00027,0.99655,0.00010
35.90400,0.12694,0.00142,0.00006,0.99851,0.00002
35.97000,0.12694,0.00037,0.00005,0.99959,0.00000
36.03600,0.12694,0.00181,0.00025,0.99792,0.00001
36.10200,0.12694,0.00196,0.00013,0.99789,0.00002
36.16800,0.12694,0.00212,0.00013,0.99771,0.00004
36.23400,0.12694,0.00119,0.00016,0.99863,0.00002
36.30000,0.12694,0.00354,0.00028,0.99618,0.00001
36.36600,0.12694,0.00390,0.00027,0.99582,0.00001
36.43200,0.12694,0.00117,0.00017,0.99865,0.00001
36.49800,0.12694,0.00140,0.00025,0.99834,0.00001
36.56400,0.12694,0.00247,0.00030,0.99722,0.00000
36.63000,0.12694,0.00051,0.00009,0.99940,0.00000
36.69600,0.12694,0.00163,0.00061,0.99775,0.00000
36.76200,0.12694,0.00529,0.00049,0.99417,0.00005
36.82800,0.12694,0.00187,0.00033,0.99780,0.00000
36.89400,0.12694,0.00142,0.00021,0.99836,0.00001
36.96000,0.12694,0.00041,0.00009,0.99950,0.00000
37.02600,0.12694,0.00083,0.00022,0.99895,0.00000
37.09200,0.12694,0.00424,0.00031,0.99543,0.00002
37.15800,0.12694,0.00234,0.00038,0.99727,0.00001
37.22400,0.12694,0.00640,0.00135,0.99193,0.00032
37.29000,0.12694,0.00206,0.00042,0.99747,0.00004
37.35600,0.12694,0.00193,0.00152,0.99652,0.00003
37.42200,0.12694,0.00147,0.00022,0.99827,0.00004
37.48800,0.12694,0.00174,0.00016,0.99809,0.00001
37.55400,0.12694,0.00299,0.00129,0.99566,0.00006
37.62000,0.12694,0.00191,0.00038,0.99770,0.00001
37.68600,0.12694,0.00202,0.00025,0.99772,0.00000
37.75200,0.12694,0.00284,0.00034,0.99680,0.00002
37.81800,0.12694,0.00240,0.00041,0.99717,0.00002
37.88400,0.12694,0.00523,0.00254,0.99219,0.00005
37.95000,0.12694,0.00259,0.00034,0.99706,0.00001
38.01600,0.12694,0.00332,0.00047,0.99617,0.00004
38.08200,0.12694,0.00495,0.00256,0.99235,0.00014
38.14800,0.12694,0.00353,0.00105,0.99540,0.00002
38.21400,0.12694,0.00223,0.00026,0.99751,0.00001
38.28000,0.12694,0.00087,0.00009,0.99903,0.00000
38.34600,0.12694,0.00206,0.00045,0.99747,0.00002
38.41200,0.12694,0.00167,0.00081,0.99750,0.00001
38.47800,0.12694,0.00095,0.00032,0.99873,0.00000
38.54400,0.12694,0.00228,0.00026,0.99745,0.00001
38.61000,0.12694,0.00139,0.00016,0.99845,0.00000
38.67600,0.12694,0.00727,0.00102,0.99168,0.00004
38.74200,0.12694,0.00111,0.00034,0.99855,0.00000
38.80800,0.12694,0.00260,0.00067,0.99672,0.00001
38.87400,0.12694,0.00076,0.00017,0.99907,0.00000
38.94000,0.12694,0.00158,0.00030,0.99811,0.00001
39.00600,0.12694,0.00066,0.00018,0.99916,0.00000
39.07200,0.12694,0.00063,0.00017,0.99920,0.00000
39.13800,0.12694,0.00231,0.00041,0.99727,0.00002
39.20400,0.12694,0.00325,0.00081,0.99592,0.00002
39.27000,0.12694,0.00096,0.00015,0.99889,0.00000
39.33600,0.12694,0.00234,0.00021,0.99743,0.00002
39.40200,0.12694,0.00145,0.00071,0.99784,0.00001
39.46800,0.12694,0.00322,0.00065,0.99611,0.00002
39.53400,0.12694,0.00192,0.00043,0.99765,0.00000
39.60000,0.12694,0.00395,0.00140,0.99462,0.00003
39.66600,0.12694,0.00182,0.00014,0.99804,0.00001
39.73200,0.12694,0.00240,0.00028,0.99731,0.00000
39.79800,0.12694,0.00207,0.00035,0.99758,0.00000
39.86400,0.12694,0.00321,0.00046,0.99632,0.00001
39.93000,0.12694,0.00179,0.00019,0.99800,0.00001
39.99600,0.12694,0.00282,0.00071,0.99646,0.00002
40.06200,0.12694,0.00284,0.00042,0.99673,0.00001
40.12800,0.12694,0.00162,0.00011,0.99827,0.00000
40.19400,0.12694,0.00135,0.00028,0.99837,0.00000
40.26000,0.12694,0.00218,0.00031,0.99749,0.00001
40.32600,0.12694,0.00829,0.00117,0.99045,0.00009
40.39200,0.12694,0.00205,0.00073,0.99720,0.00001
40.45800,0.12694,0.00237,0.00052,0.99708,0.00003
40.52400,0.12694,0.00147,0.00016,0.99836,0.00001
40.59000,0.12694,0.00126,0.00030,0.99843,0.00000
40.65600,0.12694,0.00681,0.00063,0.99242,0.00014
40.72200,0.12694,0.00367,0.00059,0.99573,0.00002
40.78800,0.12694,0.00221,0.00023,0.99755,0.00001
40.85400,0.12694,0.00083,0.00025,0.99892,0.00001
40.92000,0.12694,0.00171,0.00012,0.99816,0.00001
40.98600,0.12694,0.00249,0.00019,0.99730,0.00001
41.05200,0.12694,0.00321,0.00078,0.99601,0.00000
41.11800,0.12694,0.00252,0.00028,0.99718,0.00003
41.18400,0.12694,0.00125,0.00017,0.99857,0.00001
41.25000,0.12694,0.00206,0.00032,0.99762,0.00001
41.31600,0.12693,0.00388,0.00082,0.99523,0.00007
41.38200,0.12694,0.00433,0.00147,0.99407,0.00013
41.44800,0.12693,0.00185,0.00020,0.99793,0.00002
41.51400,0.12694,0.00081,0.00009,0.99909,0.00000
41.58000,0.12693,0.00190,0.00087,0.99718,0.00004
41.64600,0.12694,0.00570,0.00126,0.99273,0.00031
41.71200,0.12693,0.00164,0.00041,0.99794,0.00001
41.77800,0.12694,0.00119,0.00015,0.99864,0.00001
41.84400,0.12693,0.00128,0.00020,0.99852,0.00000
41.91000,0.12694,0.00143,0.00123,0.99732,0.00001
41.97600,0.12693,0.00354,0.00053,0.99591,0.00003
42.04200,0.12694,0.00572,0.00055,0.99364,0.00009
42.10800,0.12693,0.00459,0.00030,0.99508,0.00004
42.17400,0.12694,0.00914,0.00115,0.98937,0.00034
42.24000,0.12693,0.00268,0.00031,0.99699,0.00002
42.30600,0.12694,0.00315,0.00030,0.99653,0.00002
42.37200,0.12693,0.00067,0.00015,0.99918,0.00000
42.43800,0.12694,0.00241,0.00029,0.99724,0.00005
42.50400,0.12693,0.00893,0.00052,0.99045,0.00011
42.57000,0.12694,0.00082,0.00005,0.99913,0.00000
42.63600,0.12693,0.00161,0.00014,0.99825,0.00000
42.70200,0.12694,0.01118,0.00124,0.98745,0.00013
42.76800,0.12693,0.00570,0.00108,0.99320,0.00002
42.83400,0.12694,0.00164,0.00029,0.99806,0.00000
42.90000,0.12694,0.00174,0.00021,0.99804,0.00001
42.96600,0.12694,0.00267,0.00030,0.99702,0.00001
43.03200,0.12694,0.00520,0.00086,0.99393,0.00002
43.09800,0.12694,0.00696,0.00170,0.99127,0.00007
43.16400,0.12694,0.00211,0.00051,0.99735,0.00002
43.23000,0.12694,0.00125,0.00052,0.99822,0.00000
43.29600,0.12694,0.00102,0.00048,0.99850,0.00000
43.36200,0.12694,0.00144,0.00066,0.99789,0.00001
43.42800,0.12694,0.00584,0.00046,0.99356,0.00014
43.49400,0.12694,0.00236,0.00032,0.99730,0.00002
43.56000,0.12694,0.00530,0.00146,0.99319,0.00005
43.62600,0.12694,0.00274,0.00026,0.99700,0.00001
43.69200,0.12694,0.00342,0.00188,0.99465,0.00004
43.75800,0.12694,0.00157,0.00033,0.99808,0.00002
43.82400,0.12694,0.00221,0.00050,0.99727,0.00002
43.89000,0.12694,0.00197,0.00039,0.99764,0.00001
43.95600,0.12694,0.00110,0.00009,0.99880,0.00000
44.02200,0.12694,0.00108,0.00042,0.99850,0.00000
44.08800,0.12694,0.00223,0.00043,0.99733,0.00001
44.15400,0.12694,0.00362,0.00082,0.99554,0.00002
44.22000,0.12694,0.00304,0.00031,0.99664,0.00001
44.28600,0.12694,0.00157,0.00019,0.99824,0.00001
44.35200,0.12694,0.00208,0.00026,0.99765,0.00001
44.41800,0.12694,0.00372,0.00077,0.99546,0.00006
44.48400,0.12694,0.00896,0.00044,0.99054,0.00006
44.55000,0.12694,0.00477,0.00028,0.99490,0.00005
44.61600,0.12694,0.00250,0.00028,0.99720,0.00002
44.68200,0.12694,0.00407,0.00040,0.99551,0.00002
44.74800,0.12694,0.00137,0.00020,0.99843,0.00001
44.81400,0.12694,0.00318,0.00088,0.99590,0.00004
44.88000,0.12694,0.00267,0.00088,0.99644,0.00001
44.94600,0.12694,0.00247,0.00062,0.99689,0.00003
45.01200,0.12694,0.00342,0.00262,0.99391,0.00005
45.07800,0.12694,0.00185,0.00137,0.99661,0.00017
45.14400,0.12694,0.00201,0.00062,0.99730,0.00006
45.21000,0.12694,0.00052,0.00018,0.99930,0.00000
45.27600,0.12694,0.00302,0.00092,0.99596,0.00010
45.34200,0.12694,0.00157,0.00029,0.99813,0.00001
45.40800,0.12694,0.00332,0.00057,0.99609,0.00002
45.47400,0.12694,0.00146,0.00010,0.99843,0.00000
45.54000,0.12694,0.00442,0.00032,0.99525,0.00001
45.60600,0.12694,0.00331,0.00046,0.99620,0.00003
45.67200,0.12694,0.00097,0.00028,0.99875,0.00000
45.73800,0.12694,0.00219,0.00028,0.99752,0.00000
45.80400,0.12694,0.00214,0.00102,0.99683,0.00001
45.87000,0.12694,0.00155,0.00057,0.99788,0.00001
45.93600,0.12694,0.00293,0.00036,0.99670,0.00000
46.00200,0.12694,0.00205,0.00044,0.99750,0.00000
46.06800,0.12694,0.00222,0.00106,0.99672,0.00001
46.13400,0.12694,0.00328,0.00062,0.99604,0.00006
46.20000,0.12694,0.00149,0.00047,0.99803,0.00001
46.26600,0.12694,0.00157,0.00046,0.99796,0.00001
46.33200,0.12694,0.00071,0.00015,0.99914,0.00000
46.39800,0.12694,0.00117,0.00007,0.99876,0.00000
46.46400,0.12694,0.00323,0.00022,0.99652,0.00004
46.53000,0.12694,0.00316,0.00191,0.99465,0.00027
46.59600,0.12694,0.00377,0.00120,0.99493,0.00009
46.66200,0.12694,0.00123,0.00018,0.99859,0.00000
46.72800,0.12694,0.00066,0.00051,0.99883,0.00000
46.79400,0.12694,0.00147,0.00032,0.99817,0.00004
46.86000,0.12694,0.00120,0.00011,0.99867,0.00002
46.92600,0.12694,0.00157,0.00038,0.99800,0.00005
46.99200,0.12694,0.00557,0.00045,0.99350,0.00048
47.05800,0.12694,0.00208,0.00026,0.99763,0.00002
47.12400,0.12694,0.00336,0.00106,0.99556,0.00003
47.19000,0.12694,0.00067,0.00006,0.99927,0.00000
47.25600,0.12694,0.00154,0.00006,0.99839,0.00001
47.32200,0.12694,0.00346,0.00039,0.99612,0.00004
47.38800,0.12694,0.00581,0.00232,0.99183,0.00003
47.45400,0.12694,0.00066,0.00128,0.99806,0.00000
47.52000,0.12694,0.00287,0.00083,0.99626,0.00004
47.58600,0.12694,0.00531,0.00035,0.99429,0.00005
47.65200,0.12694,0.00158,0.00088,0.99752,0.00002
47.71800,0.12694,0.00047,0.00004,0.99949,0.00000
47.78400,0.12694,0.00108,0.00005,0.99886,0.00000
47.85000,0.12694,0.00141,0.00011,0.99847,0.00000
47.91600,0.12694,0.00129,0.00026,0.99845,0.00001
47.98200,0.12694,0.00056,0.00006,0.99939,0.00000
48.04800,0.12694,0.00190,0.00068,0.99741,0.00001
48.11400,0.12694,0.00092,0.00022,0.99885,0.00000
48.18000,0.12694,0.00191,0.00051,0.99756,0.00002
48.24600,0.12694,0.00079,0.00043,0.99877,0.00001
48.31200,0.12694,0.00646,0.00276,0.99042,0.00035
48.37800,0.12694,0.00487,0.00165,0.99343,0.00004
48.44400,0.12694,0.00571,0.00056,0.99365,0.00007
48.51000,0.12694,0.00112,0.00058,0.99830,0.00001
48.57600,0.12694,0.00074,0.00011,0.99915,0.00000
48.64200,0.12694,0.00135,0.00027,0.99837,0.00002
48.70800,0.12694,0.00105,0.00039,0.99855,0.00001
48.77400,0.12694,0.00103,0.00024,0.99871,0.00001
48.84000,0.12694,0.00072,0.00020,0.99908,0.00000
48.90600,0.12694,0.00264,0.00020,0.99715,0.00001
48.97200,0.12694,0.01531,0.00101,0.98324,0.00043
49.03800,0.12694,0.01153,0.00088,0.98711,0.00048
49.10400,0.12694,0.00328,0.00044,0.99626,0.00002
49.17000,0.12694,0.00145,0.00032,0.99822,0.00001
49.23600,0.12694,0.00218,0.00042,0.99739,0.00001
49.30200,0.12694,0.00197,0.00067,0.99735,0.00001
49.36800,0.12694,0.00157,0.00021,0.99821,0.00001
49.43400,0.12694,0.00090,0.00032,0.99878,0.00000
49.50000,0.12694,0.00550,0.00097,0.99350,0.00003
49.56600,0.12693,0.00338,0.00028,0.99633,0.00001
49.63200,0.12694,0.00200,0.00053,0.99747,0.00000
49.69800,0.12693,0.00317,0.00016,0.99662,0.00004
49.76400,0.12694,0.00236,0.00028,0.99735,0.00000
49.83000,0.12693,0.00319,0.00071,0.99607,0.00002
49.89600,0.12694,0.00163,0.00012,0.99824,0.00001
49.96200,0.12693,0.00249,0.00065,0.99684,0.00002
50.02800,0.12694,0.00247,0.00106,0.99641,0.00007
50.09400,0.12693,0.00391,0.00105,0.99497,0.00007
50.16000,0.12694,0.00136,0.00008,0.99855,0.00001
50.22600,0.12693,0.00112,0.00004,0.99883,0.00001
50.29200,0.12694,0.00200,0.00019,0.99780,0.00001
50.35800,0.12693,0.00048,0.00010,0.99942,0.00000
50.42400,0.12694,0.00085,0.00015,0.99899,0.00000
50.49000,0.12693,0.00387,0.00148,0.99453,0.00012
50.55600,0.12694,0.00162,0.00044,0.99793,0.00001
50.62200,0.12693,0.00373,0.00059,0.99562,0.00006
50.68800,0.12694,0.00633,0.00145,0.99219,0.00004
50.75400,0.12693,0.00667,0.00159,0.99170,0.00004
50.82000,0.12694,0.00117,0.00015,0.99867,0.00000
50.88600,0.12693,0.00122,0.00020,0.99858,0.00000
50.95200,0.12694,0.00163,0.00069,0.99767,0.00001
51.01800,0.12693,0.00347,0.00107,0.99545,0.00001
51.08400,0.12694,0.00216,0.00021,0.99761,0.00001
51.15000,0.12694,0.00252,0.00039,0.99708,0.00001
51.21600,0.12694,0.00232,0.00050,0.99718,0.00001
51.28200,0.12694,0.00401,0.00100,0.99497,0.00003
51.34800,0.12694,0.00255,0.00034,0.99710,0.00001
51.41400,0.12694,0.00091,0.00014,0.99895,0.00000
51.48000,0.12694,0.00201,0.00020,0.99779,0.00000
51.54600,0.12694,0.00211,0.00051,0.99738,0.00001
51.61200,0.12694,0.00124,0.00063,0.99812,0.00000
51.67800,0.12694,0.00321,0.00097,0.99575,0.00006
51.74400,0.12694,0.00482,0.00105,0.99386,0.00027
51.81000,0.12694,0.00130,0.00032,0.99837,0.00000
51.87600,0.12694,0.00192,0.00040,0.99767,0.00001
51.94200,0.12694,0.00179,0.00013,0.99806,0.00001
52.00800,0.12694,0.00837,0.00030,0.99129,0.00004
52.07400,0.12694,0.00236,0.00027,0.99737,0.00000
52.14000,0.12694,0.00173,0.00034,0.99793,0.00000
52.20600,0.12694,0.00100,0.00024,0.99876,0.00000
52.27200,0.12694,0.00688,0.00237,0.99071,0.00004
52.33800,0.12694,0.00624,0.00069,0.99301,0.00006
52.40400,0.12694,0.00336,0.00082,0.99579,0.00004
52.47000,0.12694,0.00220,0.00019,0.99759,0.00002
52.53600,0.12694,0.00096,0.00015,0.99888,0.00001
52.60200,0.12694,0.00101,0.00028,0.99869,0.00002
52.66800,0.12694,0.00183,0.00062,0.99754,0.00000
52.73400,0.12694,0.00300,0.00071,0.99628,0.00001
52.80000,0.12694,0.00206,0.00033,0.99760,0.00000
52.86600,0.12694,0.00141,0.00030,0.99829,0.00000
52.93200,0.12694,0.00528,0.00013,0.99458,0.00002
52.99800,0.12694,0.00421,0.00018,0.99560,0.00001
53.06400,0.12694,0.00163,0.00058,0.99778,0.00001
53.13000,0.12694,0.00158,0.00064,0.99778,0.00001
53.19600,0.12694,0.00231,0.00071,0.99694,0.00004
53.26200,0.12694,0.00145,0.00065,0.99786,0.00004
53.32800,0.12694,0.00215,0.00075,0.99702,0.00007
53.39400,0.12694,0.00776,0.00093,0.99119,0.00013
53.46000,0.12694,0.01418,0.00098,0.98468,0.00016
53.52600,0.12694,0.00192,0.00070,0.99738,0.00001
53.59200,0.12694,0.00103,0.00079,0.99817,0.00001
53.65800,0.12694,0.00144,0.00053,0.99803,0.00001
53.72400,0.12694,0.00137,0.00067,0.99794,0.00001
53.79000,0.12694,0.00246,0.00064,0.99689,0.00002
53.85600,0.12694,0.00136,0.00046,0.99815,0.00002
53.92200,0.12694,0.00065,0.00012,0.99923,0.00000
53.98800,0.12694,0.00123,0.00032,0.99844,0.00001
54.05400,0.12694,0.00176,0.00022,0.99800,0.00002
54.12000,0.12694,0.00349,0.00065,0.99584,0.00003
54.18600,0.12694,0.00160,0.00022,0.99817,0.00000
54.25200,0.12694,0.00140,0.00036,0.99824,0.00000
54.31800,0.12694,0.00455,0.00227,0.99313,0.00005
54.38400,0.12694,0.00063,0.00031,0.99905,0.00001
54.45000,0.12694,0.00058,0.00015,0.99926,0.00000
54.51600,0.12694,0.00339,0.00065,0.99586,0.00010
54.58200,0.12694,0.00583,0.00165,0.99234,0.00018
54.64800,0.12694,0.00216,0.00045,0.99738,0.00001
54.71400,0.12694,0.00114,0.00053,0.99832,0.00000
54.78000,0.12694,0.00107,0.00044,0.99849,0.00000
54.84600,0.12694,0.00177,0.00031,0.99792,0.00001
54.91200,0.12694,0.00071,0.00008,0.99921,0.00000
54.97800,0.12694,0.00067,0.00018,0.99915,0.00000
55.04400,0.12694,0.00278,0.00027,0.99692,0.00003
55.11000,0.12694,0.00462,0.00033,0.99492,0.00013
55.17600,0.12694,0.00078,0.00010,0.99911,0.00001
55.24200,0.12694,0.00084,0.00027,0.99889,0.00001
55.30800,0.12694,0.00048,0.00026,0.99926,0.00000
55.37400,0.12694,0.00252,0.00034,0.99713,0.00001
55.44000,0.12694,0.00148,0.00026,0.99825,0.00001
55.50600,0.12694,0.00213,0.00066,0.99716,0.00004
55.57200,0.12694,0.00156,0.00039,0.99805,0.00001
55.63800,0.12694,0.00264,0.00075,0.99660,0.00001
55.70400,0.12694,0.00334,0.00034,0.99630,0.00002
55.77000,0.12694,0.00140,0.00019,0.99840,0.00000
55.83600,0.12694,0.00192,0.00013,0.99792,0.00002
55.90200,0.12694,0.00182,0.00031,0.99786,0.00001
55.96800,0.12694,0.00132,0.00027,0.99841,0.00000
56.03400,0.12694,0.00796,0.00037,0.99155,0.00012
56.10000,0.12694,0.00160,0.00026,0.99813,0.00000
56.16600,0.12694,0.00281,0.00027,0.99690,0.00001
56.23200,0.12694,0.00451,0.00097,0.99444,0.00008
56.29800,0.12694,0.00131,0.00016,0.99853,0.00001
56.36400,0.12694,0.00406,0.00047,0.99544,0.00003
56.43000,0.12694,0.00438,0.00074,0.99484,0.00005
56.49600,0.12694,0.00464,0.00042,0.99490,0.00004
56.56200,0.12694,0.00197,0.00016,0.99786,0.00001
56.62800,0.12694,0.00414,0.00169,0.99416,0.00002
56.69400,0.12694,0.00112,0.00011,0.99876,0.00000
56.76000,0.12694,0.00144,0.00008,0.99847,0.00000
56.82600,0.12694,0.00543,0.00059,0.99396,0.00002
56.89200,0.12694,0.00178,0.00031,0.99790,0.00000
56.95800,0.12694,0.00277,0.00066,0.99656,0.00001
57.02400,0.12694,0.00149,0.00046,0.99805,0.00000
57.09000,0.12694,0.00368,0.00080,0.99549,0.00003
57.15600,0.12694,0.00342,0.00088,0.99557,0.00013
57.22200,0.12694,0.00404,0.00121,0.99471,0.00003
57.28800,0.12694,0.00108,0.00017,0.99873,0.00001
57.35400,0.12694,0.00245,0.00048,0.99706,0.00001
57.42000,0.12694,0.00279,0.00041,0.99679,0.00001
57.48600,0.12694,0.00177,0.00011,0.99811,0.00001
57.55200,0.12694,0.00077,0.00011,0.99911,0.00000
57.61800,0.12694,0.00436,0.00023,0.99539,0.00001
57.68400,0.12694,0.00297,0.00026,0.99676,0.00001
57.75000,0.12694,0.00142,0.00029,0.99828,0.00000
57.81600,0.12693,0.00176,0.00015,0.99808,0.00000
57.88200,0.12694,0.00171,0.00027,0.99800,0.00001
57.94800,0.12693,0.00714,0.00093,0.99185,0.00007
58.01400,0.12694,0.00464,0.00027,0.99507,0.00002
58.08000,0.12693,0.00324,0.00040,0.99633,0.00003
58.14600,0.12694,0.00142,0.00041,0.99816,0.00001
58.21200,0.12693,0.00345,0.00149,0.99505,0.00001
58.27800,0.12694,0.00066,0.00016,0.99918,0.00000
58.34400,0.12693,0.00096,0.00012,0.99892,0.00001
58.41000,0.12694,0.00720,0.00058,0.99213,0.00008
58.47600,0.12693,0.00551,0.00046,0.99401,0.00002
58.54200,0.12694,0.00198,0.00037,0.99764,0.00001
58.60800,0.12693,0.00078,0.00039,0.99883,0.00000
58.67400,0.12694,0.00399,0.00053,0.99545,0.00003
58.74000,0.12693,0.00404,0.00074,0.99520,0.00003
58.80600,0.12694,0.00064,0.00011,0.99925,0.00000
58.87200,0.12693,0.00080,0.00016,0.99904,0.00000
58.93800,0.12694,0.00189,0.00014,0.99797,0.00000
59.00400,0.12693,0.00111,0.00016,0.99873,0.00000
59.07000,0.12694,0.00157,0.00016,0.99827,0.00000
59.13600,0.12693,0.00234,0.00072,0.99691,0.00003
59.20200,0.12694,0.00122,0.00039,0.99838,0.00001
59.26800,0.12693,0.00168,0.00023,0.99809,0.00001
59.33400,0.12694,0.00320,0.00079,0.99597,0.00003
59.40000,0.12694,0.00345,0.00101,0.99551,0.00003
59.46600,0.12694,0.00301,0.00226,0.99470,0.00003
59.53200,0.12694,0.00195,0.00071,0.99734,0.00001
59.59800,0.12694,0.00219,0.00130,0.99650,0.00001
59.66400,0.12694,0.00117,0.00012,0.99871,0.00000
59.73000,0.12694,0.00280,0.00048,0.99670,0.00001
59.79600,0.12694,0.00712,0.00144,0.99139,0.00005
59.86200,0.12694,0.00150,0.00019,0.99831,0.00000
59.92800,0.12694,0.00110,0.00026,0.99863,0.00000
59.99400,0.12694,0.00142,0.00025,0.99833,0.00000
60.06000,0.12694,0.00252,0.00031,0.99716,0.00001
60.12600,0.12694,0.00069,0.00026,0.99905,0.00000
60.19200,0.12694,0.00163,0.00080,0.99755,0.00002
60.25800,0.12694,0.00292,0.00062,0.99644,0.00002
60.32400,0.12694,0.00606,0.00050,0.99338,0.00006
60.39000,0.12694,0.00159,0.00034,0.99807,0.00001
60.45600,0.12694,0.00703,0.00119,0.99172,0.00007
60.52200,0.12694,0.00783,0.00084,0.99109,0.00024
60.58800,0.12694,0.00313,0.00027,0.99659,0.00002
60.65400,0.12694,0.00594,0.00068,0.99329,0.00008
60.72000,0.12694,0.00303,0.00128,0.99566,0.00003
60.78600,0.12694,0.00071,0.00014,0.99915,0.00000
60.85200,0.12694,0.00166,0.00015,0.99818,0.00001
60.91800,0.12694,0.00461,0.00088,0.99443,0.00008
60.98400,0.12694,0.00204,0.00026,0.99769,0.00001
61.05000,0.12694,0.00503,0.00011,0.99484,0.00002
61.11600,0.12694,0.00097,0.00003,0.99900,0.00000
61.18200,0.12694,0.00201,0.00055,0.99743,0.00001
61.24800,0.12694,0.00128,0.00005,0.99866,0.00001
61.31400,0.12694,0.00090,0.00014,0.99894,0.00002
61.38000,0.12694,0.00431,0.00073,0.99488,0.00008
61.44600,0.12694,0.00313,0.00045,0.99639,0.00003
61.51200,0.12694,0.00156,0.00021,0.99821,0.00001
61.57800,0.12694,0.00142,0.00018,0.99840,0.00001
61.64400,0.12694,0.00107,0.00025,0.99867,0.00001
61.71000,0.12694,0.00180,0.00019,0.99799,0.00002
61.77600,0.12694,0.00062,0.00009,0.99928,0.00000
61.84200,0.12694,0.00242,0.00080,0.99673,0.00005
61.90800,0.12694,0.00129,0.00046,0.99824,0.00001
61.97400,0.12694,0.00178,0.00059,0.99761,0.00002
62.04000,0.12694,0.00251,0.00063,0.99685,0.00001
62.10600,0.12694,0.00089,0.00009,0.99902,0.00000
62.17200,0.12694,0.00119,0.00007,0.99871,0.00003
62.23800,0.12694,0.00153,0.00020,0.99825,0.00002
62.30400,0.12694,0.00140,0.00013,0.99845,0.00001
62.37000,0.12694,0.00202,0.00083,0.99713,0.00002
62.43600,0.12694,0.00473,0.00136,0.99389,0.00002
62.50200,0.12694,0.00335,0.00058,0.99605,0.00002
62.56800,0.12694,0.00143,0.00030,0.99826,0.00001
62.63400,0.12694,0.00337,0.00236,0.99420,0.00006
62.70000,0.12694,0.00296,0.00090,0.99612,0.00002
62.76600,0.12694,0.00276,0.00084,0.99640,0.00001
62.83200,0.12694,0.00043,0.00007,0.99950,0.00000
62.89800,0.12694,0.00304,0.00059,0.99634,0.00003
62.96400,0.12694,0.00056,0.00007,0.99937,0.00000
63.03000,0.12694,0.00242,0.00031,0.99726,0.00001
63.09600,0.12694,0.00159,0.00045,0.99795,0.00001
63.16200,0.12694,0.00493,0.00080,0.99424,0.00004
63.22800,0.12694,0.00223,0.00054,0.99722,0.00002
63.29400,0.12694,0.00034,0.00009,0.99957,0.00000
63.36000,0.12694,0.00212,0.00037,0.99749,0.00001
63.42600,0.12694,0.00138,0.00011,0.99851,0.00000
63.49200,0.12694,0.00044,0.00007,0.99949,0.00000
63.55800,0.12694,0.00209,0.00034,0.99755,0.00002
63.62400,0.12694,0.00183,0.00117,0.99697,0.00003
63.69000,0.12694,0.00043,0.00015,0.99942,0.00000
63.75600,0.12694,0.00456,0.00171,0.99369,0.00004
63.82200,0.12694,0.00432,0.00034,0.99532,0.00003
63.88800,0.12694,0.00478,0.00024,0.99493,0.00004
63.95400,0.12694,0.00498,0.00063,0.99421,0.00017
64.02000,0.12694,0.00211,0.00073,0.99714,0.00002
64.08600,0.12694,0.00227,0.00038,0.99734,0.00001
64.15200,0.12694,0.00173,0.00034,0.99792,0.00001
64.21800,0.12694,0.00092,0.00041,0.99867,0.00000
64.28400,0.12694,0.00235,0.00022,0.99742,0.00001
64.35000,0.12694,0.00576,0.00124,0.99294,0.00006
64.41600,0.12694,0.00190,0.00034,0.99775,0.00001
64.48200,0.12694,0.00575,0.00221,0.99197,0.00007
64.54800,0.12694,0.00077,0.00023,0.99900,0.00000
64.61400,0.12694,0.00272,0.00039,0.99688,0.00001
64.68000,0.12694,0.00246,0.00037,0.99716,0.00001
64.74600,0.12694,0.00071,0.00010,0.99919,0.00000
64.81200,0.12694,0.00117,0.00038,0.99844,0.00001
64.87800,0.12694,0.00067,0.00025,0.99907,0.00000
64.94400,0.12694,0.00071,0.00012,0.99917,0.00000
65.01000,0.12694,0.00559,0.00054,0.99385,0.00002
65.07600,0.12694,0.00169,0.00006,0.99824,0.00000
65.14200,0.12694,0.00516,0.00082,0.99400,0.00003
65.20800,0.12694,0.00107,0.00018,0.99875,0.00000
65.27400,0.12694,0.00192,0.00059,0.99748,0.00000
65.34000,0.12694,0.00088,0.00021,0.99891,0.00000
65.40600,0.12694,0.00136,0.00010,0.99854,0.00000
65.47200,0.12694,0.00209,0.00048,0.99741,0.00002
65.53800,0.12694,0.00226,0.00027,0.99746,0.00001
65.60400,0.12694,0.00577,0.00054,0.99364,0.00005
65.67000,0.12694,0.00272,0.00054,0.99672,0.00001
65.73600,0.12694,0.00052,0.00005,0.99943,0.00000
65.80200,0.12694,0.00290,0.00036,0.99673,0.00001
65.86800,0.12694,0.00300,0.00030,0.99670,0.00001
65.93400,0.12694,0.00138,0.00014,0.99848,0.00001
66.00000,0.12694,0.00334,0.00061,0.99602,0.00003
66.06600,0.12694,0.00108,0.00021,0.99870,0.00000
66.13200,0.12693,0.00334,0.00084,0.99580,0.00001
66.19800,0.12694,0.00286,0.00082,0.99630,0.00002
66.26400,0.12694,0.00085,0.00011,0.99904,0.00000
66.33000,0.12694,0.00191,0.00020,0.99789,0.00000
66.39600,0.12693,0.00225,0.00028,0.99744,0.00002
66.46200,0.12694,0.00057,0.00018,0.99925,0.00000
66.52800,0.12694,0.00343,0.00061,0.99595,0.00001
66.59400,0.12694,0.00130,0.00012,0.99857,0.00000
66.66000,0.12693,0.00206,0.00039,0.99754,0.00001
66.72600,0.12694,0.00170,0.00033,0.99793,0.00004
66.79200,0.12694,0.00271,0.00042,0.99686,0.00001
66.85800,0.12694,0.00442,0.00135,0.99420,0.00004
66.92400,0.12693,0.00395,0.00108,0.99494,0.00003
66.99000,0.12694,0.00321,0.00070,0.99598,0.00010
67.05600,0.12694,0.00125,0.00015,0.99858,0.00002
67.12200,0.12694,0.00223,0.00054,0.99721,0.00002
67.18800,0.12693,0.00043,0.00014,0.99943,0.00000
67.25400,0.12694,0.00182,0.00156,0.99659,0.00002
67.32000,0.12694,0.00375,0.00080,0.99541,0.00004
67.38600,0.12694,0.00698,0.00058,0.99232,0.00012
67.45200,0.12693,0.00346,0.00134,0.99516,0.00004
67.51800,0.12694,0.00326,0.00085,0.99584,0.00005
67.58400,0.12694,0.00400,0.00067,0.99525,0.00008
67.65000,0.12694,0.00091,0.00011,0.99897,0.00001
67.71600,0.12694,0.00129,0.00044,0.99827,0.00000
67.78200,0.12694,0.00152,0.00036,0.99810,0.00001
67.84800,0.12694,0.00177,0.00037,0.99781,0.00006
67.91400,0.12694,0.00277,0.00053,0.99667,0.00003
67.98000,0.12694,0.01420,0.00160,0.98413,0.00008
68.04600,0.12694,0.00301,0.00048,0.99650,0.00001
68.11200,0.12694,0.00286,0.00429,0.99284,0.00001
68.17800,0.12694,0.00141,0.00075,0.99783,0.00001
68.24400,0.12694,0.00140,0.00032,0.99825,0.00002
68.31000,0.12694,0.00399,0.00138,0.99449,0.00014
68.37600,0.12694,0.00361,0.00082,0.99556,0.00001
68.44200,0.12694,0.00305,0.00013,0.99681,0.00000
68.50800,0.12694,0.00045,0.00011,0.99944,0.00000
68.57400,0.12694,0.00175,0.00061,0.99761,0.00002
68.64000,0.12694,0.00097,0.00042,0.99860,0.00001
68.70600,0.12694,0.00535,0.00110,0.99348,0.00007
68.77200,0.12694,0.00158,0.00054,0.99788,0.00000
68.83800,0.12694,0.00129,0.00018,0.99852,0.00000
68.90400,0.12694,0.00139,0.00023,0.99837,0.00001
68.97000,0.12694,0.00070,0.00046,0.99883,0.00000
69.03600,0.12694,0.00268,0.00017,0.99715,0.00001
69.10200,0.12694,0.00189,0.00029,0.99781,0.00001
69.16800,0.12694,0.00072,0.00018,0.99909,0.00000
69.23400,0.12694,0.00380,0.00106,0.99512,0.00002
69.30000,0.12694,0.00137,0.00018,0.99844,0.00001
69.36600,0.12694,0.00162,0.00031,0.99807,0.00001
69.43200,0.12694,0.00311,0.00038,0.99649,0.00001
69.49800,0.12694,0.00259,0.00054,0.99686,0.00001
69.56400,0.12694,0.00063,0.00012,0.99925,0.00000
69.63000,0.12694,0.00361,0.00015,0.99624,0.00001
69.69600,0.12694,0.00080,0.00007,0.99913,0.00001
69.76200,0.12694,0.00319,0.00027,0.99648,0.00007
69.82800,0.12694,0.00178,0.00016,0.99805,0.00001
69.89400,0.12694,0.00095,0.00017,0.99888,0.00000
69.96000,0.12694,0.00138,0.00045,0.99815,0.00001
70.02600,0.12694,0.00575,0.00068,0.99351,0.00007
70.09200,0.12694,0.00115,0.00040,0.99845,0.00000
70.15800,0.12694,0.00202,0.00069,0.99728,0.00001
70.22400,0.12694,0.00176,0.00042,0.99781,0.00001
70.29000,0.12694,0.00165,0.00030,0.99805,0.00001
70.35600,0.12694,0.00321,0.00063,0.99611,0.00005
70.42200,0.12694,0.00356,0.00053,0.99585,0.00006
70.48800,0.12694,0.00353,0.00035,0.99608,0.00004
70.55400,0.12694,0.00237,0.00033,0.99729,0.00002
70.62000,0.12694,0.00186,0.00030,0.99782,0.00002
70.68600,0.12694,0.00108,0.00041,0.99850,0.00000
70.75200,0.12694,0.00232,0.00019,0.99748,0.00001
70.81800,0.12694,0.00846,0.00066,0.99074,0.00014
70.88400,0.12694,0.00293,0.00044,0.99659,0.00004
70.95000,0.12694,0.00281,0.00024,0.99694,0.00001
71.01600,0.12694,0.00447,0.00117,0.99434,0.00003
71.08200,0.12694,0.00230,0.00028,0.99740,0.00002
71.14800,0.12694,0.00282,0.00071,0.99646,0.00001
71.21400,0.12694,0.00234,0.00025,0.99740,0.00001
71.28000,0.12694,0.00111,0.00040,0.99848,0.00001
71.34600,0.12694,0.00049,0.00014,0.99937,0.00000
71.41200,0.12694,0.00447,0.00103,0.99445,0.00004
71.47800,0.12694,0.00191,0.00019,0.99789,0.00001
71.54400,0.12694,0.00221,0.00031,0.99748,0.00000
71.61000,0.12694,0.00133,0.00024,0.99843,0.00001
71.67600,0.12694,0.00400,0.00145,0.99452,0.00003
71.74200,0.12694,0.00683,0.00145,0.99170,0.00003
71.80800,0.12694,0.00273,0.00028,0.99698,0.00001
71.87400,0.12694,0.00929,0.00178,0.98867,0.00026
71.94000,0.12694,0.00831,0.00059,0.99095,0.00016
72.00600,0.12694,0.02155,0.00071,0.97714,0.00061
72.07200,0.12694,0.03257,0.00650,0.95855,0.00238
72.13800,0.12694,0.00674,0.00049,0.99266,0.00011
72.20400,0.12694,0.00281,0.00085,0.99629,0.00005
72.27000,0.12694,0.00123,0.00018,0.99857,0.00001
72.33600,0.12694,0.01208,0.00234,0.98522,0.00037
72.40200,0.12694,0.00306,0.00101,0.99589,0.00004
72.46800,0.12694,0.00192,0.00056,0.99751,0.00002
72.53400,0.12694,0.00314,0.00035,0.99647,0.00003
72.60000,0.12694,0.00087,0.00021,0.99892,0.00000
72.66600,0.12694,0.00863,0.00001,0.99135,0.00002
72.73200,0.12694,0.23425,0.00001,0.76125,0.00450
72.79800,0.12694,0.03531,0.00001,0.96455,0.00014
72.86400,0.12694,0.00400,0.00000,0.99598,0.00001
72.93000,0.12694,0.04435,0.00011,0.95290,0.00264
72.99600,0.12694,0.00447,0.00017,0.99524,0.00012
73.06200,0.12694,0.00307,0.00091,0.99598,0.00005
73.12800,0.12694,0.00082,0.00021,0.99896,0.00001
73.19400,0.12694,0.00076,0.00041,0.99882,0.00001
73.26000,0.12694,0.00246,0.00017,0.99735,0.00002
73.32600,0.12694,0.00152,0.00020,0.99828,0.00001
73.39200,0.12694,0.00279,0.00103,0.99616,0.00002
73.45800,0.12694,0.00214,0.00051,0.99734,0.00001
73.52400,0.12694,0.00090,0.00027,0.99882,0.00000
73.59000,0.12694,0.00739,0.00160,0.99092,0.00009
73.65600,0.12694,0.00102,0.00046,0.99851,0.00001
73.72200,0.12694,0.00364,0.00066,0.99564,0.00006
73.78800,0.12694,0.00172,0.00022,0.99805,0.00001
73.85400,0.12694,0.00310,0.00065,0.99624,0.00001
73.92000,0.12694,0.00231,0.00068,0.99697,0.00004
73.98600,0.12694,0.00136,0.00011,0.99852,0.00001
74.05200,0.12694,0.00511,0.00109,0.99377,0.00003
74.11800,0.12694,0.00204,0.00036,0.99760,0.00001
74.18400,0.12694,0.00456,0.00159,0.99376,0.00009
74.25000,0.12694,0.00937,0.00216,0.98838,0.00008
74.31600,0.12694,0.00126,0.00026,0.99848,0.00000
74.38200,0.12693,0.00478,0.00107,0.99414,0.00001
74.44800,0.12694,0.00219,0.00061,0.99720,0.00001
74.51400,0.12694,0.00205,0.00023,0.99769,0.00003
74.58000,0.12694,0.00382,0.00167,0.99440,0.00011
74.64600,0.12693,0.00388,0.00122,0.99477,0.00014
74.71200,0.12694,0.00326,0.00062,0.99594,0.00018
74.77800,0.12694,0.00215,0.00070,0.99713,0.00001
74.84400,0.12694,0.00642,0.00021,0.99330,0.00008
74.91000,0.12693,0.00281,0.00021,0.99691,0.00006
74.97600,0.12694,0.00399,0.00117,0.99473,0.00011
75.04200,0.12694,0.00218,0.00024,0.99757,0.00000
75.10800,0.12694,0.00919,0.00041,0.99031,0.00008
75.17400,0.12693,0.00118,0.00011,0.99871,0.00000
75.24000,0.12694,0.00126,0.00035,0.99838,0.00001
75.30600,0.12694,0.00452,0.00018,0.99525,0.00005
75.37200,0.12694,0.00191,0.00028,0.99778,0.00003
75.43800,0.12693,0.00242,0.00029,0.99728,0.00002
75.50400,0.12694,0.00088,0.00016,0.99896,0.00001
75.57000,0.12694,0.00147,0.00056,0.99796,0.00001
75.63600,0.12694,0.00209,0.00015,0.99775,0.00001
75.70200,0.12693,0.00334,0.00053,0.99613,0.00001
75.76800,0.12694,0.00076,0.00023,0.99900,0.00000
75.83400,0.12694,0.00086,0.00020,0.99893,0.00001
75.90000,0.12694,0.00100,0.00007,0.99893,0.00000
75.96600,0.12694,0.00359,0.00034,0.99603,0.00005
76.03200,0.12694,0.00196,0.00012,0.99791,0.00001
76.09800,0.12694,0.00398,0.00091,0.99508,0.00003
76.16400,0.12694,0.00265,0.00061,0.99672,0.00002
76.23000,0.12694,0.00113,0.00010,0.99877,0.00000
76.29600,0.12694,0.00129,0.00046,0.99825,0.00001
76.36200,0.12694,0.00430,0.00160,0.99404,0.00007
76.42800,0.12694,0.00155,0.00029,0.99815,0.00001
76.49400,0.12694,0.00330,0.00023,0.99643,0.00004
76.56000,0.12694,0.00134,0.00017,0.99848,0.00002
76.62600,0.12694,0.00435,0.00009,0.99546,0.00009
76.69200,0.12694,0.00145,0.00018,0.99834,0.00003
76.75800,0.12694,0.00180,0.00028,0.99787,0.00005
76.82400,0.12694,0.00227,0.00020,0.99749,0.00004
76.89000,0.12694,0.00168,0.00011,0.99820,0.00001
76.95600,0.12694,0.00140,0.00013,0.99846,0.00001
77.02200,0.12694,0.00149,0.00015,0.99834,0.00002
77.08800,0.12694,0.00269,0.00014,0.99715,0.00001
77.15400,0.12694,0.00143,0.00034,0.99820,0.00003
77.22000,0.12694,0.00318,0.00057,0.99591,0.00034
77.28600,0.12694,0.00584,0.00083,0.99321,0.00012
77.35200,0.12694,0.00228,0.00016,0.99752,0.00004
77.41800,0.12694,0.00226,0.00054,0.99719,0.00002
77.48400,0.12694,0.00073,0.00076,0.99851,0.00000
77.55000,0.12694,0.00160,0.00122,0.99717,0.00001
77.61600,0.12694,0.00142,0.00035,0.99822,0.00001
77.68200,0.12694,0.00221,0.00028,0.99751,0.00001
77.74800,0.12694,0.00018,0.00003,0.99979,0.00000
77.81400,0.12694,0.00083,0.00022,0.99894,0.00001
77.88000,0.12694,0.00091,0.00056,0.99850,0.00002
77.94600,0.12694,0.00084,0.00008,0.99908,0.00000
78.01200,0.12694,0.00192,0.00025,0.99783,0.00000
78.07800,0.12694,0.00253,0.00032,0.99712,0.00003
78.14400,0.12694,0.00044,0.00006,0.99951,0.00000
78.21000,0.12694,0.00084,0.00021,0.99894,0.00000
78.27600,0.12694,0.00650,0.00016,0.99329,0.00006
78.34200,0.12694,0.00219,0.00032,0.99748,0.00001
78.40800,0.12694,0.00157,0.00023,0.99819,0.00001
78.47400,0.12694,0.00205,0.00029,0.99765,0.00001
78.54000,0.12694,0.00291,0.00019,0.99689,0.00001
78.60600,0.12694,0.00138,0.00044,0.99817,0.00001
78.67200,0.12694,0.00129,0.00021,0.99850,0.00000
78.73800,0.12694,0.00333,0.00010,0.99656,0.00001
78.80400,0.12694,0.00060,0.00007,0.99932,0.00000
78.87000,0.12694,0.00190,0.00041,0.99766,0.00003
78.93600,0.12694,0.00177,0.00005,0.99816,0.00001
79.00200,0.12694,0.00987,0.00025,0.98982,0.00006
79.06800,0.12694,0.00274,0.00016,0.99708,0.00001
79.13400,0.12694,0.00185,0.00015,0.99799,0.00000
79.20000,0.12694,0.00149,0.00045,0.99805,0.00001
79.26600,0.12694,0.00084,0.00011,0.99905,0.00000
79.33200,0.12694,0.00190,0.00026,0.99779,0.00005
79.39800,0.12694,0.00290,0.00015,0.99690,0.00005
79.46400,0.12694,0.00220,0.00013,0.99764,0.00003
79.53000,0.12694,0.00061,0.00010,0.99928,0.00000
79.59600,0.12694,0.00033,0.00003,0.99964,0.00000
79.66200,0.12694,0.00077,0.00039,0.99884,0.00000
79.72800,0.12694,0.00223,0.00045,0.99732,0.00001
79.79400,0.12694,0.00232,0.00031,0.99736,0.00001
79.86000,0.12694,0.00120,0.00006,0.99874,0.00000
79.92600,0.12694,0.00119,0.00020,0.99859,0.00002
79.99200,0.12694,0.00199,0.00028,0.99767,0.00006
80.05800,0.12694,0.00146,0.00030,0.99823,0.00001
80.12400,0.12694,0.00334,0.00022,0.99643,0.00001
80.19000,0.12694,0.00711,0.00059,0.99227,0.00003
80.25600,0.12694,0.00236,0.00033,0.99730,0.00001
80.32200,0.12694,0.00254,0.00091,0.99648,0.00007
80.38800,0.12694,0.00180,0.00037,0.99782,0.00001
80.45400,0.12694,0.00337,0.00077,0.99583,0.00002
80.52000,0.12694,0.00188,0.00022,0.99790,0.00001
80.58600,0.12694,0.00149,0.00016,0.99835,0.00001
80.65200,0.12694,0.00388,0.00036,0.99568,0.00009
80.71800,0.12694,0.00323,0.00012,0.99654,0.00012
80.78400,0.12694,0.00070,0.00034,0.99895,0.00000
80.85000,0.12694,0.00263,0.00027,0.99704,0.00006
80.91600,0.12694,0.00161,0.00031,0.99805,0.00002
80.98200,0.12694,0.00305,0.00053,0.99634,0.00008
81.04800,0.12694,0.00276,0.00023,0.99691,0.00010
81.11400,0.12694,0.00164,0.00016,0.99816,0.00004
81.18000,0.12694,0.00126,0.00027,0.99840,0.00007
81.24600,0.12694,0.00384,0.00039,0.99572,0.00006
81.31200,0.12694,0.00102,0.00007,0.99889,0.00001
81.37800,0.12694,0.00166,0.00025,0.99807,0.00002
81.44400,0.12694,0.00258,0.00042,0.99698,0.00002
81.51000,0.12694,0.00358,0.00025,0.99612,0.00004
81.57600,0.12694,0.00520,0.00058,0.99411,0.00012
81.64200,0.12694,0.00096,0.00008,0.99896,0.00001
81.70800,0.12694,0.00110,0.00008,0.99880,0.00001
81.77400,0.12694,0.00132,0.00009,0.99858,0.00001
81.84000,0.12694,0.00167,0.00044,0.99786,0.00003
81.90600,0.12694,0.00134,0.00038,0.99826,0.00003
81.97200,0.12694,0.00294,0.00009,0.99690,0.00007
82.03800,0.12694,0.00147,0.00017,0.99835,0.00001
82.10400,0.12694,0.00141,0.00015,0.99842,0.00001
82.17000,0.12694,0.00189,0.00018,0.99791,0.00002
82.23600,0.12694,0.00599,0.00042,0.99348,0.00012
82.30200,0.12694,0.00180,0.00022,0.99795,0.00003
82.36800,0.12694,0.00246,0.00075,0.99676,0.00004
82.43400,0.12694,0.00306,0.00107,0.99577,0.00010
82.50000,0.12694,0.00144,0.00027,0.99826,0.00002
82.56600,0.12694,0.00572,0.00064,0.99350,0.00015
82.63200,0.12693,0.00331,0.00027,0.99629,0.00012
82.69800,0.12694,0.00180,0.00018,0.99798,0.00004
82.76400,0.12694,0.00238,0.00028,0.99731,0.00003
82.83000,0.12694,0.00140,0.00031,0.99828,0.00001
82.89600,0.12693,0.00098,0.00028,0.99873,0.00000
82.96200,0.12694,0.00082,0.00018,0.99899,0.00001
83.02800,0.12694,0.00078,0.00052,0.99869,0.00001
83.09400,0.12694,0.00176,0.00033,0.99786,0.00006
83.16000,0.12693,0.00077,0.00008,0.99914,0.00001
83.22600,0.12694,0.00051,0.00003,0.99946,0.00000
83.29200,0.12694,0.00060,0.00004,0.99936,0.00000
83.35800,0.12694,0.00083,0.00014,0.99903,0.00000
83.42400,0.12693,0.00275,0.00028,0.99696,0.00002
83.49000,0.12694,0.00339,0.00018,0.99638,0.00006
83.55600,0.12694,0.00299,0.00092,0.99604,0.00005
83.62200,0.12694,0.00289,0.00050,0.99656,0.00006
83.68800,0.12693,0.00257,0.00036,0.99696,0.00011
83.75400,0.12694,0.00028,0.00002,0.99969,0.00000
83.82000,0.12694,0.00093,0.00030,0.99875,0.00002
83.88600,0.12694,0.00273,0.00127,0.99595,0.00005
83.95200,0.12693,0.00247,0.00141,0.99607,0.00005
84.01800,0.12694,0.00513,0.00094,0.99377,0.00016
84.08400,0.12694,0.00096,0.00026,0.99877,0.00001
84.15000,0.12694,0.00115,0.00097,0.99787,0.00002
84.21600,0.12694,0.00161,0.00025,0.99812,0.00002
84.28200,0.12694,0.00102,0.00020,0.99878,0.00000
84.34800,0.12694,0.00268,0.00051,0.99675,0.00006
84.41400,0.12694,0.00201,0.00028,0.99763,0.00007
84.48000,0.12694,0.00101,0.00024,0.99873,0.00003
84.54600,0.12694,0.00298,0.00025,0.99673,0.00004
84.61200,0.12694,0.00119,0.00024,0.99856,0.00001
84.67800,0.12694,0.00083,0.00015,0.99902,0.00000
84.74400,0.12694,0.00162,0.00008,0.99830,0.00000
84.81000,0.12694,0.00098,0.00012,0.99890,0.00001
84.87600,0.12694,0.00071,0.00016,0.99910,0.00004
84.94200,0.12694,0.00052,0.00006,0.99942,0.00000
85.00800,0.12694,0.00138,0.00030,0.99828,0.00004
85.07400,0.12694,0.00736,0.00108,0.99128,0.00029
85.14000,0.12694,0.00509,0.00125,0.99364,0.00002
85.20600,0.12694,0.00131,0.00023,0.99845,0.00001
85.27200,0.12694,0.00418,0.00020,0.99555,0.00007
85.33800,0.12694,0.00243,0.00051,0.99705,0.00002
85.40400,0.12694,0.00165,0.00019,0.99815,0.00001
85.47000,0.12694,0.00144,0.00022,0.99834,0.00001
85.53600,0.12694,0.00074,0.00018,0.99908,0.00000
85.60200,0.12694,0.00157,0.00078,0.99764,0.00000
85.66800,0.12694,0.00169,0.00085,0.99742,0.00003
85.73400,0.12694,0.00152,0.00064,0.99782,0.00001
85.80000,0.12694,0.00068,0.00009,0.99923,0.00000
85.86600,0.12694,0.00132,0.00021,0.99847,0.00000
85.93200,0.12694,0.00168,0.00025,0.99807,0.00000
85.99800,0.12694,0.00156,0.00013,0.99830,0.00001
86.06400,0.12694,0.00177,0.00022,0.99799,0.00001
86.13000,0.12694,0.00327,0.00094,0.99577,0.00002
86.19600,0.12694,0.00405,0.00047,0.99543,0.00005
86.26200,0.12694,0.00106,0.00011,0.99883,0.00000
86.32800,0.12694,0.00106,0.00033,0.99860,0.00000
86.39400,0.12694,0.00366,0.00042,0.99581,0.00011
86.46000,0.12694,0.00228,0.00009,0.99761,0.00002
86.52600,0.12694,0.00226,0.00030,0.99742,0.00002
86.59200,0.12694,0.00202,0.00036,0.99762,0.00001
86.65800,0.12694,0.00804,0.00049,0.99137,0.00010
86.72400,0.12694,0.00329,0.00016,0.99654,0.00001
86.79000,0.12694,0.00152,0.00082,0.99764,0.00002
86.85600,0.12694,0.00212,0.00020,0.99762,0.00006
86.92200,0.12694,0.00296,0.00015,0.99687,0.00002
86.98800,0.12694,0.00080,0.00010,0.99909,0.00000
87.05400,0.12694,0.00094,0.00042,0.99863,0.00001
87.12000,0.12694,0.00146,0.00031,0.99822,0.00001
87.18600,0.12694,0.00103,0.00008,0.99889,0.00000
87.25200,0.12694,0.00093,0.00023,0.99884,0.00000
87.31800,0.12694,0.00032,0.00008,0.99960,0.00000
87.38400,0.12694,0.00051,0.00006,0.99943,0.00000
87.45000,0.12694,0.00193,0.00031,0.99774,0.00001
87.51600,0.12694,0.00185,0.00038,0.99775,0.00002
87.58200,0.12694,0.00100,0.00039,0.99860,0.00001
87.64800,0.12694,0.00088,0.00009,0.99902,0.00000
87.71400,0.12694,0.00144,0.00013,0.99841,0.00002
87.78000,0.12694,0.00172,0.00020,0.99807,0.00001
87.84600,0.12694,0.00244,0.00023,0.99731,0.00002
87.91200,0.12694,0.00179,0.00008,0.99812,0.00002
87.97800,0.12694,0.00403,0.00042,0.99541,0.00014
88.04400,0.12694,0.00374,0.00048,0.99573,0.00005
88.11000,0.12694,0.00139,0.00018,0.99843,0.00000
88.17600,0.12694,0.00129,0.00037,0.99833,0.00000
88.24200,0.12694,0.00051,0.00024,0.99925,0.00000
88.30800,0.12694,0.00079,0.00021,0.99898,0.00001
88.37400,0.12694,0.00137,0.00014,0.99848,0.00001
88.44000,0.12694,0.00233,0.00031,0.99733,0.00002
88.50600,0.12694,0.00311,0.00069,0.99606,0.00014
88.57200,0.12694,0.00178,0.00041,0.99779,0.00002
88.63800,0.12694,0.00430,0.00049,0.99515,0.00006
88.70400,0.12694,0.00455,0.00043,0.99496,0.00007
88.77000,0.12694,0.00232,0.00053,0.99711,0.00004
88.83600,0.12694,0.00104,0.00055,0.99840,0.00001
88.90200,0.12694,0.00362,0.00150,0.99483,0.00005
88.96800,0.12694,0.00246,0.00052,0.99699,0.00002
89.03400,0.12694,0.00169,0.00038,0.99792,0.00000
89.10000,0.12694,0.00174,0.00030,0.99794,0.00001
89.16600,0.12694,0.00223,0.00007,0.99766,0.00004
89.23200,0.12694,0.00146,0.00003,0.99850,0.00001
89.29800,0.12694,0.00230,0.00007,0.99762,0.00001
89.36400,0.12694,0.00231,0.00034,0.99735,0.00001
89.43000,0.12694,0.00552,0.00031,0.99413,0.00004
89.49600,0.12694,0.00177,0.00019,0.99804,0.00000
89.56200,0.12694,0.00090,0.00046,0.99864,0.00000
89.62800,0.12694,0.00252,0.00020,0.99727,0.00001
89.69400,0.12694,0.00354,0.00059,0.99586,0.00001
89.76000,0.12694,0.00579,0.00169,0.99248,0.00004
89.82600,0.12694,0.00090,0.00018,0.99892,0.00000
89.89200,0.12694,0.00166,0.00086,0.99748,0.00001
89.95800,0.12694,0.00116,0.00031,0.99852,0.00001
90.02400,0.12694,0.00165,0.00073,0.99760,0.00001
90.09000,0.12694,0.00084,0.00020,0.99896,0.00000
90.15600,0.12694,0.00129,0.00017,0.99853,0.00001
90.22200,0.12694,0.00119,0.00009,0.99871,0.00000
90.28800,0.12694,0.00187,0.00011,0.99800,0.00001
90.35400,0.12694,0.00099,0.00006,0.99895,0.00000
90.42000,0.12694,0.00129,0.00027,0.99844,0.00000
90.48600,0.12694,0.00162,0.00040,0.99797,0.00001
90.55200,0.12694,0.00260,0.00050,0.99681,0.00010
90.61800,0.12694,0.00043,0.00019,0.99938,0.00000
90.68400,0.12694,0.00092,0.00028,0.99880,0.00000
90.75000,0.12694,0.00340,0.00051,0.99606,0.00002
90.81600,0.12694,0.00255,0.00030,0.99713,0.00002
90.88200,0.12693,0.00300,0.00059,0.99635,0.00006
90.94800,0.12694,0.00317,0.00107,0.99570,0.00006
91.01400,0.12694,0.00055,0.00056,0.99889,0.00000
91.08000,0.12694,0.00109,0.00068,0.99820,0.00002
91.14600,0.12693,0.00082,0.00035,0.99882,0.00002
91.21200,0.12694,0.00233,0.00043,0.99722,0.00001
91.27800,0.12694,0.00200,0.00013,0.99786,0.00001
91.34400,0.12694,0.00359,0.00020,0.99619,0.00002
91.41000,0.12693,0.00397,0.00027,0.99574,0.00003
91.47600,0.12694,0.00397,0.00028,0.99572,0.00003
91.54200,0.12694,0.00246,0.00018,0.99731,0.00004
91.60800,0.12694,0.00147,0.00024,0.99827,0.00002
91.67400,0.12693,0.00095,0.00026,0.99879,0.00000
91.74000,0.12694,0.00394,0.00072,0.99531,0.00003
91.80600,0.12694,0.00356,0.00184,0.99453,0.00007
91.87200,0.12694,0.00176,0.00012,0.99810,0.00002
91.93800,0.12693,0.00422,0.00044,0.99531,0.00003
92.00400,0.12694,0.00093,0.00039,0.99867,0.00000
92.07000,0.12694,0.00082,0.00033,0.99885,0.00000
92.13600,0.12694,0.00181,0.00023,0.99795,0.00001
92.20200,0.12693,0.00162,0.00020,0.99817,0.00002
92.26800,0.12694,0.00241,0.00038,0.99719,0.00001
92.33400,0.12694,0.00155,0.00020,0.99825,0.00001
92.40000,0.12694,0.00185,0.00025,0.99789,0.00000
92.46600,0.12694,0.00168,0.00038,0.99794,0.00000
92.53200,0.12694,0.00588,0.00104,0.99306,0.00002
92.59800,0.12694,0.00221,0.00035,0.99744,0.00000
92.66400,0.12694,0.00079,0.00039,0.99882,0.00000
92.73000,0.12694,0.00188,0.00031,0.99779,0.00001
92.79600,0.12694,0.00085,0.00035,0.99879,0.00001
92.86200,0.12694,0.00395,0.00029,0.99571,0.00005
92.92800,0.12694,0.00160,0.00021,0.99818,0.00001
92.99400,0.12694,0.00118,0.00008,0.99873,0.00001
93.06000,0.12694,0.00254,0.00028,0.99717,0.00001
93.12600,0.12694,0.00037,0.00007,0.99956,0.00000
93.19200,0.12694,0.00039,0.00009,0.99951,0.00000
93.25800,0.12694,0.00507,0.00195,0.99267,0.00032
93.32400,0.12694,0.00221,0.00050,0.99727,0.00002
93.39000,0.12694,0.00178,0.00024,0.99795,0.00003
93.45600,0.12694,0.00161,0.00025,0.99812,0.00002
93.52200,0.12694,0.00151,0.00017,0.99831,0.00001
93.58800,0.12694,0.00783,0.00070,0.99142,0.00006
93.65400,0.12694,0.00278,0.00062,0.99657,0.00004
93.72000,0.12694,0.00089,0.00018,0.99892,0.00001
93.78600,0.12694,0.00132,0.00020,0.99846,0.00001
93.85200,0.12694,0.00533,0.00054,0.99408,0.00005
93.91800,0.12694,0.00131,0.00008,0.99861,0.00000
93.98400,0.12694,0.00073,0.00066,0.99861,0.00000
94.05000,0.12694,0.00158,0.00118,0.99723,0.00001
94.11600,0.12694,0.00165,0.00023,0.99810,0.00001
94.18200,0.12694,0.00041,0.00007,0.99952,0.00000
94.24800,0.12694,0.00134,0.00032,0.99833,0.00001
94.31400,0.12694,0.00135,0.00016,0.99848,0.00002
94.38000,0.12694,0.00607,0.00079,0.99305,0.00008
94.44600,0.12694,0.00143,0.00026,0.99831,0.00000
94.51200,0.12694,0.00103,0.00008,0.99889,0.00000
94.57800,0.12694,0.00837,0.00064,0.99087,0.00012
94.64400,0.12694,0.00341,0.00046,0.99604,0.00009
94.71000,0.12694,0.00214,0.00027,0.99756,0.00003
94.77600,0.12694,0.00210,0.00021,0.99767,0.00002
94.84200,0.12694,0.00489,0.00025,0.99471,0.00016
94.90800,0.12694,0.00737,0.00024,0.99228,0.00011
94.97400,0.12694,0.00098,0.00024,0.99877,0.00000
95.04000,0.12694,0.00708,0.00186,0.99085,0.00021
95.10600,0.12694,0.00882,0.00045,0.99067,0.00007
95.17200,0.12694,0.00238,0.00014,0.99747,0.00001
95.23800,0.12694,0.00179,0.00010,0.99810,0.00001
95.30400,0.12694,0.00201,0.00026,0.99772,0.00002
95.37000,0.12694,0.00083,0.00021,0.99895,0.00001
95.43600,0.12694,0.00144,0.00087,0.99764,0.00004
95.50200,0.12694,0.00260,0.00041,0.99695,0.00004
95.56800,0.12694,0.00521,0.00165,0.99309,0.00004
95.63400,0.12694,0.00180,0.00094,0.99725,0.00001
95.70000,0.12694,0.00078,0.00018,0.99904,0.00000
95.76600,0.12694,0.00405,0.00105,0.99480,0.00010
95.83200,0.12694,0.00234,0.00019,0.99746,0.00001
95.89800,0.12694,0.00041,0.00003,0.99956,0.00000
95.96400,0.12694,0.00132,0.00021,0.99843,0.00005
96.03000,0.12694,0.00183,0.00058,0.99757,0.00002
96.09600,0.12694,0.00389,0.00074,0.99533,0.00004
96.16200,0.12694,0.00389,0.00068,0.99539,0.00005
96.22800,0.12694,0.00141,0.00022,0.99836,0.00001
96.29400,0.12694,0.00367,0.00088,0.99543,0.00002
96.36000,0.12694,0.00098,0.00030,0.99871,0.00000
96.42600,0.12694,0.00048,0.00008,0.99943,0.00000
96.49200,0.12694,0.00071,0.00010,0.99916,0.00003
96.55800,0.12694,0.00305,0.00051,0.99641,0.00003
96.62400,0.12694,0.00297,0.00034,0.99668,0.00001
96.69000,0.12694,0.00492,0.00044,0.99460,0.00003
96.75600,0.12694,0.00206,0.00035,0.99757,0.00002
96.82200,0.12694,0.00072,0.00009,0.99919,0.00000
96.88800,0.12694,0.00074,0.00016,0.99910,0.00000
96.95400,0.12694,0.00360,0.00016,0.99622,0.00001
97.02000,0.12694,0.00200,0.00022,0.99776,0.00002
97.08600,0.12694,0.00301,0.00053,0.99639,0.00007
97.15200,0.12694,0.00194,0.00028,0.99776,0.00003
97.21800,0.12694,0.00514,0.00092,0.99365,0.00029
97.28400,0.12694,0.00936,0.00115,0.98926,0.00024
97.35000,0.12694,0.00107,0.00059,0.99832,0.00001
97.41600,0.12694,0.00142,0.00044,0.99813,0.00001
97.48200,0.12694,0.00454,0.00122,0.99418,0.00005
97.54800,0.12694,0.00111,0.00016,0.99872,0.00000
97.61400,0.12694,0.00286,0.00065,0.99648,0.00001
97.68000,0.12694,0.00089,0.00031,0.99879,0.00001
97.74600,0.12694,0.00058,0.00018,0.99924,0.00001
97.81200,0.12694,0.00029,0.00010,0.99961,0.00000
97.87800,0.12694,0.00107,0.00007,0.99886,0.00000
97.94400,0.12694,0.00221,0.00015,0.99764,0.00001
98.01000,0.12694,0.00179,0.00016,0.99803,0.00002
98.07600,0.12694,0.00325,0.00031,0.99630,0.00014
98.14200,0.12694,0.00066,0.00004,0.99929,0.00001
98.20800,0.12694,0.00316,0.00018,0.99653,0.00013
98.27400,0.12694,0.00455,0.00040,0.99493,0.00011
98.34000,0.12694,0.00141,0.00064,0.99794,0.00002
98.40600,0.12694,0.00113,0.00073,0.99813,0.00000
98.47200,0.12694,0.00091,0.00012,0.99897,0.00000
98.53800,0.12694,0.00042,0.00011,0.99947,0.00000
98.60400,0.12694,0.00113,0.00049,0.99836,0.00002
98.67000,0.12694,0.00148,0.00034,0.99817,0.00001
98.73600,0.12694,0.00018,0.00004,0.99978,0.00000
98.80200,0.12694,0.00076,0.00027,0.99897,0.00000
98.86800,0.12694,0.00163,0.00040,0.99795,0.00002
98.93400,0.12694,0.00514,0.00065,0.99414,0.00008
99.00000,0.12694,0.00293,0.00026,0.99678,0.00003
99.06600,0.12694,0.00645,0.00052,0.99282,0.00021
99.13200,0.12693,0.00112,0.00011,0.99876,0.00001
99.19800,0.12694,0.00090,0.00012,0.99897,0.00001
99.26400,0.12694,0.00072,0.00051,0.99876,0.00001
99.33000,0.12694,0.00213,0.00293,0.99491,0.00002
99.39600,0.12693,0.00338,0.00095,0.99565,0.00002
99.46200,0.12694,0.00134,0.00031,0.99833,0.00003
99.52800,0.12694,0.00142,0.00017,0.99840,0.00001
99.59400,0.12694,0.00151,0.00038,0.99811,0.00000
99.66000,0.12693,0.00077,0.00015,0.99908,0.00000
99.72600,0.12694,0.00073,0.00004,0.99923,0.00000
99.79200,0.12694,0.00224,0.00003,0.99773,0.00000
99.85800,0.12694,0.00037,0.00001,0.99962,0.00000
99.92400,0.12693,0.00019,0.00000,0.99980,0.00000
99.99000,0.12694,0.00061,0.00001,0.99938,0.00000
100.05600,0.12694,0.00033,0.00001,0.99966,0.00000
100.12200,0.12694,0.00061,0.00003,0.99936,0.00000
100.18800,0.12693,0.00011,0.00000,0.99989,0.00000
100.25400,0.12694,0.00048,0.00001,0.99951,0.00000
100.32000,0.12694,0.00019,0.00000,0.99981,0.00000
100.38600,0.12694,0.00031,0.00002,0.99966,0.00000
100.45200,0.12693,0.00019,0.00000,0.99981,0.00000
100.51800,0.12694,0.00016,0.00000,0.99984,0.00000
100.58400,0.12694,0.00055,0.00000,0.99945,0.00000
100.65000,0.12694,0.00013,0.00001,0.99986,0.00000
100.71600,0.12694,0.00003,0.00000,0.99997,0.00000
100.78200,0.12694,0.00004,0.00000,0.99996,0.00000
100.84800,0.12694,0.00004,0.00000,0.99996,0.00000
100.91400,0.12694,0.00003,0.00000,0.99996,0.00000
100.98000,0.12694,0.00001,0.00000,0.99999,0.00000
101.04600,0.12694,0.00009,0.00000,0.99991,0.00000
101.11200,0.12694,0.00001,0.00000,0.99999,0.00000
101.17800,0.12694,0.00002,0.00000,0.99998,0.00000
101.24400,0.12694,0.00005,0.00000,0.99995,0.00000
101.31000,0.12694,0.00004,0.00000,0.99996,0.00000
101.37600,0.12694,0.00003,0.00000,0.99997,0.00000
101.44200,0.12694,0.00003,0.00000,0.99997,0.00000
101.50800,0.12694,0.00007,0.00000,0.99993,0.00000
101.57400,0.12694,0.00002,0.00000,0.99998,0.00000
101.64000,0.12694,0.00002,0.00000,0.99998,0.00000
101.70600,0.12694,0.00001,0.00000,0.99999,0.00000
101.77200,0.12694,0.00001,0.00000,0.99999,0.00000
101.83800,0.12694,0.00003,0.00000,0.99997,0.00000
101.90400,0.12694,0.00007,0.00000,0.99993,0.00000
101.97000,0.12694,0.00002,0.00000,0.99998,0.00000
102.03600,0.12694,0.00004,0.00000,0.99996,0.00000
102.10200,0.12694,0.00002,0.00000,0.99998,0.00000
102.16800,0.12694,0.00004,0.00000,0.99996,0.00000
102.23400,0.12694,0.00007,0.00000,0.99993,0.00000
102.30000,0.12694,0.00004,0.00000,0.99996,0.00000
102.36600,0.12694,0.00002,0.00000,0.99998,0.00000
102.43200,0.12694,0.00006,0.00000,0.99994,0.00000
102.49800,0.12694,0.00008,0.00000,0.99992,0.00000
102.56400,0.12694,0.00005,0.00000,0.99995,0.00000
102.63000,0.12694,0.00006,0.00000,0.99994,0.00000
102.69600,0.12694,0.00003,0.00000,0.99997,0.00000
102.76200,0.12694,0.00002,0.00000,0.99998,0.00000
102.82800,0.12694,0.00019,0.00000,0.99981,0.00000
102.89400,0.12694,0.00009,0.00000,0.99991,0.00000
102.96000,0.12694,0.00001,0.00000,0.99999,0.00000
103.02600,0.12694,0.00008,0.00000,0.99992,0.00000
103.09200,0.12694,0.00003,0.00000,0.99997,0.00000
103.15800,0.12694,0.00003,0.00000,0.99997,0.00000
103.22400,0.12694,0.00008,0.00000,0.99992,0.00000
103.29000,0.12694,0.00007,0.00000,0.99993,0.00000
103.35600,0.12694,0.00002,0.00000,0.99998,0.00000
103.42200,0.12694,0.00013,0.00000,0.99987,0.00000
103.48800,0.12694,0.00002,0.00000,0.99998,0.00000
103.55400,0.12694,0.00008,0.00000,0.99992,0.00000
103.62000,0.12694,0.00006,0.00000,0.99994,0.00000
103.68600,0.12694,0.00002,0.00000,0.99998,0.00000
103.75200,0.12694,0.00010,0.00000,0.99990,0.00000
103.81800,0.12694,0.00002,0.00000,0.99998,0.00000
103.88400,0.12694,0.00010,0.00000,0.99990,0.00000
103.95000,0.12694,0.00008,0.00000,0.99992,0.00000
104.01600,0.12694,0.00004,0.00000,0.99996,0.00000
104.08200,0.12694,0.00003,0.00000,0.99997,0.00000
104.14800,0.12694,0.00002,0.00000,0.99998,0.00000
104.21400,0.12694,0.00004,0.00000,0.99996,0.00000
104.28000,0.12694,0.00006,0.00000,0.99994,0.00000
104.34600,0.12694,0.00006,0.00000,0.99994,0.00000
104.41200,0.12694,0.00006,0.00000,0.99994,0.00000
104.47800,0.12694,0.00001,0.00000,0.99999,0.00000
104.54400,0.12694,0.00005,0.00000,0.99995,0.00000
104.61000,0.12694,0.00010,0.00000,0.99990,0.00000
104.67600,0.12694,0.00005,0.00000,0.99995,0.00000
104.74200,0.12694,0.00004,0.00000,0.99996,0.00000
104.80800,0.12694,0.00002,0.00000,0.99998,0.00000
104.87400,0.12694,0.00003,0.00000,0.99997,0.00000
104.94000,0.12694,0.00007,0.00000,0.99993,0.00000
105.00600,0.12694,0.00003,0.00000,0.99997,0.00000
105.07200,0.12694,0.00007,0.00000,0.99993,0.00000
105.13800,0.12694,0.00004,0.00000,0.99996,0.00000
105.20400,0.12694,0.00007,0.00000,0.99993,0.00000
105.27000,0.12694,0.00002,0.00000,0.99998,0.00000
105.33600,0.12694,0.00002,0.00000,0.99998,0.00000
105.40200,0.12694,0.00007,0.00000,0.99993,0.00000
105.46800,0.12694,0.00014,0.00001,0.99986,0.00000
105.53400,0.12694,0.00001,0.00000,0.99999,0.00000
105.60000,0.12694,0.00012,0.00000,0.99988,0.00000
105.66600,0.12694,0.00007,0.00000,0.99993,0.00000
105.73200,0.12694,0.00027,0.00000,0.99972,0.00000
105.79800,0.12694,0.00015,0.00000,0.99985,0.00000
105.86400,0.12694,0.00009,0.00000,0.99991,0.00000
105.93000,0.12694,0.00052,0.00000,0.99948,0.00000
105.99600,0.12694,0.00077,0.00000,0.99922,0.00000
106.06200,0.12694,0.00030,0.00001,0.99969,0.00000
106.12800,0.12694,0.00009,0.00000,0.99991,0.00000
106.19400,0.12694,0.00009,0.00001,0.99990,0.00000
106.26000,0.12694,0.00025,0.00001,0.99974,0.00000
106.32600,0.12694,0.00011,0.00001,0.99988,0.00000
106.39200,0.12694,0.00044,0.00002,0.99955,0.00000
106.45800,0.12694,0.00037,0.00001,0.99963,0.00000
106.52400,0.12694,0.00145,0.00003,0.99852,0.00000
106.59000,0.12694,0.00264,0.00005,0.99731,0.00000
106.65600,0.12694,0.01656,0.00016,0.98318,0.00010
106.72200,0.12694,0.00627,0.00005,0.99367,0.00002
106.78800,0.12694,0.02312,0.00031,0.97646,0.00012
106.85400,0.12694,0.00678,0.00009,0.99312,0.00000
106.92000,0.12694,0.01106,0.00009,0.98884,0.00001
106.98600,0.12694,0.00459,0.00005,0.99535,0.00000
107.05200,0.12694,0.01244,0.00008,0.98747,0.00001
107.11800,0.12694,0.07829,0.00188,0.91927,0.00056
107.18400,0.12694,0.28711,0.00207,0.68757,0.02326
107.25000,0.12694,0.25106,0.00238,0.74030,0.00627
107.31600,0.12694,0.25151,0.00396,0.74066,0.00387
107.38200,0.12693,0.31064,0.02768,0.64205,0.01963
107.44800,0.12694,0.83683,0.00174,0.15336,0.00807
107.51400,0.12694,0.85771,0.00760,0.13003,0.00467
107.58000,0.12694,0.76756,0.01704,0.21404,0.00136
107.64600,0.12693,0.44093,0.00999,0.54908,0.00000
107.71200,0.12694,0.22956,0.01881,0.75163,0.00000
107.77800,0.12694,0.20645,0.00647,0.78708,0.00001
107.84400,0.12694,0.47142,0.02866,0.49984,0.00008
107.91000,0.12693,0.82562,0.04267,0.13045,0.00127
107.97600,0.12694,0.26505,0.08632,0.64687,0.00176
108.04200,0.12694,0.31094,0.00240,0.68666,0.00001
108.10800,0.12694,0.45691,0.01339,0.52968,0.00002
108.17400,0.12693,0.54571,0.02042,0.43293,0.00095
108.24000,0.12694,0.94330,0.00151,0.01375,0.04144
108.30600,0.12694,0.96329,0.00167,0.00097,0.03407
108.37200,0.12694,0.99994,0.00000,0.00004,0.00002
108.43800,0.12693,1.00000,0.00000,0.00000,0.00000
108.50400,0.12694,0.99992,0.00000,0.00008,0.00000
108.57000,0.12694,0.99994,0.00000,0.00006,0.00000
108.63600,0.12694,0.99999,0.00000,0.00001,0.00000
108.70200,0.12693,1.00000,0.00000,0.00000,0.00000
108.76800,0.12694,0.99999,0.00000,0.00001,0.00000
108.83400,0.12694,0.99996,0.00000,0.00004,0.00000
108.90000,0.12694,0.99999,0.00000,0.00001,0.00000
108.96600,0.12694,0.99999,0.00000,0.00001,0.00000
