Time (seconds), Duration (seconds),pred_(unlabeled),pred_brushing_teeth,pred_hair_drying,pred_showering
0.00000,0.62194,1.00000,0.00000,0.00000,0.00000
0.33000,0.62194,0.99995,0.00000,0.00000,0.00005
0.66000,0.62194,0.99955,0.00000,0.00000,0.00044
0.99000,0.62194,0.99995,0.00000,0.00000,0.00005
1.32000,0.62194,1.00000,0.00000,0.00000,0.00000
1.65000,0.62194,1.00000,0.00000,0.00000,0.00000
1.98000,0.62194,1.00000,0.00000,0.00000,0.00000
2.31000,0.62194,1.00000,0.00000,0.00000,0.00000
2.64000,0.62194,0.99999,0.00000,0.00000,0.00001
2.97000,0.62194,0.99999,0.00000,0.00000,0.00001
3.30000,0.62194,0.99998,0.00000,0.00000,0.00002
3.63000,0.62194,1.00000,0.00000,0.00000,0.00000
3.96000,0.62194,1.00000,0.00000,0.00000,0.00000
4.29000,0.62194,1.00000,0.00000,0.00000,0.00000
4.62000,0.62194,0.99998,0.00000,0.00000,0.00002
4.95000,0.62194,0.99837,0.00000,0.00000,0.00163
5.28000,0.62194,0.99951,0.00000,0.00000,0.00049
5.61000,0.62194,0.99996,0.00000,0.00000,0.00004
5.94000,0.62194,1.00000,0.00000,0.00000,0.00000
6.27000,0.62194,1.00000,0.00000,0.00000,0.00000
6.60000,0.62194,0.99997,0.00000,0.00000,0.00003
6.93000,0.62194,0.99988,0.00000,0.00000,0.00012
7.26000,0.62194,0.99999,0.00000,0.00000,0.00001
7.59000,0.62194,0.99999,0.00000,0.00000,0.00001
7.92000,0.62194,1.00000,0.00000,0.00000,0.00000
8.25000,0.62194,1.00000,0.00000,0.00000,0.00000
8.58000,0.62194,0.99999,0.00000,0.00000,0.00001
8.91000,0.62194,1.00000,0.00000,0.00000,0.00000
9.24000,0.62194,1.00000,0.00000,0.00000,0.00000
9.57000,0.62194,0.99999,0.00000,0.00000,0.00001
9.90000,0.62194,1.00000,0.00000,0.00000,0.00000
10.23000,0.62194,1.00000,0.00000,0.00000,0.00000
10.56000,0.62194,1.00000,0.00000,0.00000,0.00000
10.89000,0.62194,1.00000,0.00000,0.00000,0.00000
11.22000,0.62194,1.00000,0.00000,0.00000,0.00000
11.55000,0.62194,1.00000,0.00000,0.00000,0.00000
11.88000,0.62194,1.00000,0.00000,0.00000,0.00000
12.21000,0.62194,1.00000,0.00000,0.00000,0.00000
12.54000,0.62194,1.00000,0.00000,0.00000,0.00000
12.87000,0.62194,1.00000,0.00000,0.00000,0.00000
13.20000,0.62194,1.00000,0.00000,0.00000,0.00000
13.53000,0.62194,0.99999,0.00000,0.00000,0.00001
13.86000,0.62194,0.99997,0.00000,0.00000,0.00003
14.19000,0.62194,0.99999,0.00000,0.00000,0.00001
14.52000,0.62194,0.99999,0.00000,0.00000,0.00001
14.85000,0.62194,0.99964,0.00000,0.00000,0.00036
15.18000,0.62194,0.99985,0.00000,0.00000,0.00015
15.51000,0.62194,0.99995,0.00000,0.00000,0.00005
15.84000,0.62194,0.99997,0.00000,0.00000,0.00003
16.17000,0.62194,0.99643,0.00000,0.00001,0.00356
16.50000,0.62194,0.99985,0.00000,0.00000,0.00015
16.83000,0.62194,1.00000,0.00000,0.00000,0.00000
17.16000,0.62194,1.00000,0.00000,0.00000,0.00000
17.49000,0.62194,1.00000,0.00000,0.00000,0.00000
17.82000,0.62194,1.00000,0.00000,0.00000,0.00000
18.15000,0.62194,1.00000,0.00000,0.00000,0.00000
18.48000,0.62194,1.00000,0.00000,0.00000,0.00000
18.81000,0.62194,1.00000,0.00000,0.00000,0.00000
19.14000,0.62194,0.88270,0.00022,0.00006,0.11703
19.47000,0.62194,0.02083,0.00026,0.00003,0.97888
19.80000,0.62194,0.11863,0.00006,0.00004,0.88127
20.13000,0.62194,0.83782,0.00007,0.00007,0.16204
20.46000,0.62194,0.97126,0.00003,0.00003,0.02867
20.79000,0.62194,0.95434,0.00003,0.00002,0.04561
21.12000,0.62194,0.91494,0.00002,0.00001,0.08502
21.45000,0.62194,0.90595,0.00001,0.00001,0.09403
21.78000,0.62194,0.67593,0.00004,0.00004,0.32399
22.11000,0.62194,0.00829,0.00002,0.00000,0.99168
22.44000,0.62194,0.00504,0.00003,0.00001,0.99492
22.77000,0.62194,0.02197,0.00005,0.00002,0.97796
23.10000,0.62194,0.74516,0.00005,0.00004,0.25475
23.43000,0.62194,0.90544,0.00002,0.00002,0.09452
23.76000,0.62194,0.90749,0.00002,0.00002,0.09247
24.09000,0.62194,0.90374,0.00003,0.00004,0.09620
24.42000,0.62194,0.93172,0.00001,0.00001,0.06827
24.75000,0.62194,0.65133,0.00005,0.00003,0.34859
25.08000,0.62194,0.89061,0.00002,0.00002,0.10936
25.41000,0.62194,0.89695,0.00002,0.00001,0.10302
25.74000,0.62194,0.92462,0.00002,0.00001,0.07535
26.07000,0.62194,0.96367,0.00001,0.00001,0.03631
26.40000,0.62194,0.96366,0.00001,0.00001,0.03633
26.73000,0.62194,0.95782,0.00001,0.00001,0.04217
27.06000,0.62194,0.95706,0.00001,0.00002,0.04291
27.39000,0.62194,0.93338,0.00001,0.00001,0.06660
27.72000,0.62194,0.84088,0.00002,0.00001,0.15909
28.05000,0.62194,0.73823,0.00004,0.00002,0.26171
28.38000,0.62194,0.71760,0.00004,0.00002,0.28234
28.71000,0.62194,0.60005,0.00009,0.00004,0.39981
29.04000,0.62194,0.45497,0.00008,0.00003,0.54491
29.37000,0.62194,0.77046,0.00004,0.00002,0.22948
29.70000,0.62194,0.77277,0.00004,0.00002,0.22717
30.03000,0.62194,0.28387,0.00009,0.00003,0.71601
30.36000,0.62194,0.24675,0.00014,0.00004,0.75308
30.69000,0.62194,0.09650,0.00013,0.00003,0.90334
31.02000,0.62194,0.06872,0.00009,0.00002,0.93117
31.35000,0.62194,0.15356,0.00014,0.00003,0.84626
31.68000,0.62194,0.34448,0.00005,0.00002,0.65546
32.01000,0.62194,0.39855,0.00003,0.00001,0.60141
32.34000,0.62194,0.71179,0.00006,0.00003,0.28812
32.67000,0.62194,0.83830,0.00005,0.00003,0.16162
33.00000,0.62194,0.83551,0.00004,0.00002,0.16444
33.33000,0.62194,0.43457,0.00005,0.00001,0.56537
33.66000,0.62194,0.29955,0.00005,0.00001,0.70039
33.99000,0.62194,0.44637,0.00004,0.00002,0.55357
34.32000,0.62194,0.77145,0.00003,0.00002,0.22850
34.65000,0.62194,0.55149,0.00008,0.00003,0.44840
34.98000,0.62194,0.45982,0.00012,0.00003,0.54003
35.31000,0.62194,0.35384,0.00007,0.00002,0.64608
35.64000,0.62194,0.68619,0.00005,0.00003,0.31373
35.97000,0.62194,0.78199,0.00007,0.00003,0.21791
36.30000,0.62194,0.73891,0.00006,0.00002,0.26100
36.63000,0.62194,0.79660,0.00004,0.00002,0.20334
36.96000,0.62194,0.70709,0.00006,0.00002,0.29283
37.29000,0.62194,0.77093,0.00004,0.00002,0.22902
37.62000,0.62194,0.87448,0.00003,0.00001,0.12548
37.95000,0.62194,0.88052,0.00002,0.00001,0.11946
38.28000,0.62194,0.88601,0.00003,0.00002,0.11394
38.61000,0.62194,0.89654,0.00002,0.00001,0.10343
38.94000,0.62194,0.78829,0.00003,0.00001,0.21167
39.27000,0.62194,0.82974,0.00005,0.00002,0.17019
39.60000,0.62194,0.85735,0.00004,0.00003,0.14258
39.93000,0.62194,0.78350,0.00005,0.00001,0.21645
40.26000,0.62194,0.80481,0.00003,0.00001,0.19515
40.59000,0.62194,0.77513,0.00003,0.00001,0.22483
40.92000,0.62194,0.11209,0.00006,0.00001,0.88785
41.25000,0.62194,0.00336,0.00007,0.00000,0.99657
41.58000,0.62194,0.00275,0.00006,0.00001,0.99718
41.91000,0.62194,0.00814,0.00012,0.00005,0.99168
42.24000,0.62194,0.00338,0.00008,0.00001,0.99653
42.57000,0.62194,0.00150,0.00008,0.00000,0.99842
42.90000,0.62194,0.00191,0.00017,0.00001,0.99791
43.23000,0.62194,0.00118,0.00007,0.00000,0.99875
43.56000,0.62194,0.00052,0.00005,0.00000,0.99943
43.89000,0.62194,0.00409,0.00037,0.00003,0.99550
44.22000,0.62194,0.01862,0.00147,0.00074,0.97917
44.55000,0.62194,0.00888,0.00080,0.00012,0.99021
44.88000,0.62194,0.00908,0.00116,0.00013,0.98963
45.21000,0.62194,0.00557,0.00034,0.00004,0.99404
45.54000,0.62194,0.00713,0.00024,0.00006,0.99257
45.87000,0.62194,0.00931,0.00039,0.00013,0.99016
46.20000,0.62194,0.01010,0.00059,0.00014,0.98917
46.53000,0.62194,0.01676,0.00085,0.00062,0.98177
46.86000,0.62194,0.01177,0.00044,0.00031,0.98747
47.19000,0.62194,0.01081,0.00051,0.00026,0.98841
47.52000,0.62194,0.00983,0.00044,0.00014,0.98960
47.85000,0.62194,0.00902,0.00050,0.00011,0.99038
48.18000,0.62194,0.01164,0.00070,0.00017,0.98749
48.51000,0.62194,0.00735,0.00064,0.00008,0.99194
48.84000,0.62194,0.00336,0.00058,0.00002,0.99605
49.17000,0.62194,0.00286,0.00026,0.00001,0.99686
49.50000,0.62194,0.00413,0.00039,0.00002,0.99545
49.83000,0.62194,0.00612,0.00043,0.00005,0.99339
50.16000,0.62194,0.00749,0.00038,0.00006,0.99207
50.49000,0.62194,0.00379,0.00027,0.00002,0.99593
50.82000,0.62194,0.00129,0.00010,0.00000,0.99861
51.15000,0.62194,0.00091,0.00007,0.00000,0.99902
51.48000,0.62194,0.00108,0.00003,0.00000,0.99889
51.81000,0.62194,0.00388,0.00003,0.00000,0.99609
52.14000,0.62194,0.00947,0.00003,0.00000,0.99050
52.47000,0.62194,0.00946,0.00004,0.00000,0.99050
52.80000,0.62194,0.00454,0.00002,0.00000,0.99544
53.13000,0.62194,0.00818,0.00002,0.00000,0.99179
53.46000,0.62194,0.00611,0.00004,0.00000,0.99385
53.79000,0.62194,0.00367,0.00003,0.00000,0.99630
54.12000,0.62194,0.03744,0.00003,0.00000,0.96253
54.45000,0.62194,0.14712,0.00004,0.00000,0.85283
54.78000,0.62194,0.00454,0.00007,0.00000,0.99538
55.11000,0.62194,0.05446,0.00011,0.00002,0.94541
55.44000,0.62194,0.15230,0.00018,0.00005,0.84747
55.77000,0.62194,0.13878,0.00008,0.00001,0.86113
56.10000,0.62194,0.04297,0.00006,0.00001,0.95696
56.43000,0.62194,0.00535,0.00009,0.00000,0.99456
56.76000,0.62194,0.01342,0.00008,0.00001,0.98649
57.09000,0.62194,0.16398,0.00014,0.00003,0.83585
57.42000,0.62194,0.25287,0.00012,0.00004,0.74698
57.75000,0.62194,0.43503,0.00006,0.00002,0.56490
58.08000,0.62194,0.25611,0.00022,0.00005,0.74361
58.41000,0.62194,0.01140,0.00043,0.00002,0.98815
58.74000,0.62194,0.04283,0.00542,0.00068,0.95108
59.07000,0.62194,0.01221,0.00134,0.00008,0.98637
59.40000,0.62194,0.01206,0.00155,0.00005,0.98633
59.73000,0.62194,0.02369,0.00112,0.00012,0.97507
60.06000,0.62194,0.00616,0.00029,0.00002,0.99353
60.39000,0.62194,0.00999,0.00076,0.00004,0.98921
60.72000,0.62194,0.00964,0.00037,0.00002,0.98997
61.05000,0.62194,0.02363,0.00015,0.00001,0.97621
61.38000,0.62194,0.02211,0.00013,0.00003,0.97773
61.71000,0.62194,0.00289,0.00012,0.00001,0.99698
62.04000,0.62194,0.00132,0.00005,0.00000,0.99863
62.37000,0.62194,0.06502,0.00012,0.00000,0.93486
62.70000,0.62194,0.06061,0.00011,0.00001,0.93927
63.03000,0.62194,0.06378,0.00011,0.00001,0.93610
63.36000,0.62194,0.39201,0.00006,0.00001,0.60792
63.69000,0.62194,0.59577,0.00004,0.00001,0.40418
64.02000,0.62194,0.82301,0.00003,0.00002,0.17693
64.35000,0.62194,0.23332,0.00110,0.00129,0.76430
64.68000,0.62194,0.00431,0.00049,0.00009,0.99511
65.01000,0.62193,0.00082,0.00007,0.00000,0.99910
65.34000,0.62194,0.00104,0.00010,0.00000,0.99886
65.67000,0.62194,0.00144,0.00008,0.00000,0.99848
66.00000,0.62194,0.00083,0.00007,0.00000,0.99910
66.33000,0.62193,0.00063,0.00004,0.00000,0.99933
66.66000,0.62193,0.00102,0.00008,0.00000,0.99890
66.99000,0.62194,0.00106,0.00012,0.00000,0.99881
67.32000,0.62194,0.00070,0.00008,0.00000,0.99922
67.65000,0.62193,0.00038,0.00005,0.00000,0.99957
67.98000,0.62193,0.00055,0.00003,0.00000,0.99942
68.31000,0.62194,0.00020,0.00003,0.00000,0.99978
68.64000,0.62194,0.00024,0.00005,0.00000,0.99971
68.97000,0.62193,0.00055,0.00005,0.00000,0.99939
69.30000,0.62193,0.00058,0.00006,0.00000,0.99936
69.63000,0.62194,0.00070,0.00010,0.00000,0.99919
69.96000,0.62194,0.00047,0.00015,0.00000,0.99938
70.29000,0.62193,0.00047,0.00010,0.00000,0.99943
70.62000,0.62193,0.00075,0.00005,0.00000,0.99920
70.95000,0.62194,0.00377,0.00005,0.00001,0.99618
71.28000,0.62194,0.00309,0.00004,0.00001,0.99686
71.61000,0.62194,0.01083,0.00010,0.00001,0.98906
71.94000,0.62193,0.01341,0.00009,0.00001,0.98649
72.27000,0.62194,0.01748,0.00012,0.00001,0.98239
72.60000,0.62194,0.09483,0.00007,0.00001,0.90509
72.93000,0.62194,0.18623,0.00005,0.00002,0.81370
73.26000,0.62193,0.02954,0.00006,0.00002,0.97037
73.59000,0.62194,0.00347,0.00007,0.00000,0.99645
73.92000,0.62194,0.03555,0.00018,0.00005,0.96423
74.25000,0.62194,0.01688,0.00018,0.00006,0.98288
74.58000,0.62193,0.00153,0.00008,0.00001,0.99839
74.91000,0.62193,0.00092,0.00003,0.00000,0.99905
75.24000,0.62194,0.00574,0.00006,0.00000,0.99420
75.57000,0.62194,0.00995,0.00007,0.00001,0.98998
75.90000,0.62193,0.00190,0.00010,0.00001,0.99799
76.23000,0.62193,0.00250,0.00021,0.00003,0.99726
76.56000,0.62194,0.00321,0.00024,0.00004,0.99651
76.89000,0.62194,0.00129,0.00007,0.00001,0.99863
77.22000,0.62193,0.00236,0.00021,0.00003,0.99740
77.55000,0.62193,0.00116,0.00013,0.00001,0.99870
77.88000,0.62194,0.00162,0.00012,0.00001,0.99825
78.21000,0.62194,0.00110,0.00006,0.00001,0.99883
78.54000,0.62193,0.00068,0.00010,0.00000,0.99922
78.87000,0.62193,0.00120,0.00007,0.00000,0.99873
79.20000,0.62194,0.00103,0.00002,0.00000,0.99895
79.53000,0.62194,0.01381,0.00003,0.00000,0.98616
79.86000,0.62194,0.05808,0.00004,0.00001,0.94188
80.19000,0.62193,0.00390,0.00005,0.00000,0.99604
80.52000,0.62194,0.00139,0.00005,0.00001,0.99855
80.85000,0.62194,0.00612,0.00006,0.00001,0.99381
81.18000,0.62194,0.00359,0.00006,0.00000,0.99635
81.51000,0.62193,0.00165,0.00009,0.00001,0.99826
81.84000,0.62194,0.00102,0.00010,0.00001,0.99888
82.17000,0.62194,0.00087,0.00014,0.00001,0.99899
82.50000,0.62194,0.00167,0.00022,0.00001,0.99810
82.83000,0.62193,0.00181,0.00009,0.00001,0.99809
83.16000,0.62193,0.00159,0.00009,0.00001,0.99830
83.49000,0.62194,0.00085,0.00009,0.00000,0.99906
83.82000,0.62194,0.00060,0.00008,0.00000,0.99931
84.15000,0.62193,0.00117,0.00014,0.00000,0.99869
84.48000,0.62193,0.00084,0.00014,0.00000,0.99901
84.81000,0.62194,0.00099,0.00013,0.00001,0.99887
85.14000,0.62194,0.00063,0.00008,0.00000,0.99928
85.47000,0.62193,0.00049,0.00007,0.00000,0.99943
85.80000,0.62193,0.00072,0.00006,0.00000,0.99921
86.13000,0.62194,0.00140,0.00020,0.00001,0.99840
86.46000,0.62194,0.00223,0.00027,0.00002,0.99748
86.79000,0.62193,0.00098,0.00010,0.00000,0.99891
87.12000,0.62193,0.00041,0.00002,0.00000,0.99956
87.45000,0.62194,0.00564,0.00006,0.00001,0.99430
87.78000,0.62194,0.00960,0.00007,0.00001,0.99033
88.11000,0.62194,0.00297,0.00013,0.00001,0.99688
88.44000,0.62193,0.00840,0.00008,0.00001,0.99151
88.77000,0.62194,0.00129,0.00003,0.00000,0.99868
89.10000,0.62194,0.00110,0.00004,0.00000,0.99886
89.43000,0.62194,0.00109,0.00006,0.00000,0.99884
89.76000,0.62193,0.00143,0.00013,0.00001,0.99843
90.09000,0.62194,0.00142,0.00011,0.00001,0.99846
90.42000,0.62194,0.00133,0.00005,0.00000,0.99861
90.75000,0.62194,0.00075,0.00004,0.00000,0.99921
91.08000,0.62193,0.00035,0.00008,0.00000,0.99957
91.41000,0.62193,0.00038,0.00005,0.00000,0.99957
91.74000,0.62194,0.00048,0.00004,0.00000,0.99948
92.07000,0.62194,0.00132,0.00007,0.00001,0.99861
92.40000,0.62193,0.00132,0.00007,0.00001,0.99861
92.73000,0.62193,0.00103,0.00010,0.00000,0.99888
93.06000,0.62194,0.00081,0.00007,0.00000,0.99912
93.39000,0.62194,0.00161,0.00004,0.00000,0.99835
93.72000,0.62193,0.00077,0.00004,0.00000,0.99918
94.05000,0.62193,0.00140,0.00006,0.00000,0.99853
94.38000,0.62194,0.00682,0.00006,0.00001,0.99311
94.71000,0.62194,0.03637,0.00007,0.00001,0.96355
95.04000,0.62193,0.00645,0.00012,0.00000,0.99343
95.37000,0.62193,0.00252,0.00010,0.00000,0.99738
95.70000,0.62194,0.00315,0.00007,0.00001,0.99677
96.03000,0.62194,0.00856,0.00011,0.00001,0.99132
96.36000,0.62194,0.00186,0.00011,0.00000,0.99802
96.69000,0.62193,0.00251,0.00006,0.00000,0.99742
97.02000,0.62194,0.00175,0.00005,0.00000,0.99820
97.35000,0.62194,0.00146,0.00003,0.00000,0.99851
97.68000,0.62194,0.00115,0.00006,0.00000,0.99879
98.01000,0.62193,0.00141,0.00005,0.00000,0.99854
98.34000,0.62194,0.00218,0.00006,0.00001,0.99775
98.67000,0.62194,0.00136,0.00008,0.00000,0.99855
99.00000,0.62194,0.00071,0.00004,0.00000,0.99925
99.33000,0.62193,0.00058,0.00005,0.00000,0.99937
99.66000,0.62193,0.00059,0.00004,0.00000,0.99937
99.99000,0.62194,0.00084,0.00002,0.00000,0.99914
100.32000,0.62194,0.00093,0.00004,0.00000,0.99903
100.65000,0.62193,0.00082,0.00007,0.00000,0.99910
100.98000,0.62193,0.00087,0.00008,0.00000,0.99904
101.31000,0.62194,0.00263,0.00012,0.00001,0.99724
101.64000,0.62194,0.00739,0.00010,0.00001,0.99250
101.97000,0.62193,0.00206,0.00003,0.00000,0.99790
102.30000,0.62193,0.00053,0.00003,0.00000,0.99944
102.63000,0.62194,0.00142,0.00007,0.00000,0.99852
102.96000,0.62194,0.00409,0.00006,0.00001,0.99584
103.29000,0.62193,0.00530,0.00006,0.00001,0.99463
103.62000,0.62193,0.00504,0.00012,0.00001,0.99484
103.95000,0.62194,0.00987,0.00007,0.00001,0.99006
104.28000,0.62194,0.00759,0.00004,0.00000,0.99237
104.61000,0.62194,0.05590,0.00007,0.00001,0.94402
104.94000,0.62193,0.10695,0.00007,0.00001,0.89297
105.27000,0.62194,0.05038,0.00009,0.00004,0.94949
105.60000,0.62194,0.00504,0.00004,0.00000,0.99492
105.93000,0.62194,0.00489,0.00002,0.00000,0.99509
106.26000,0.62193,0.00330,0.00002,0.00000,0.99668
106.59000,0.62194,0.00206,0.00004,0.00000,0.99790
106.92000,0.62194,0.01415,0.00010,0.00002,0.98574
107.25000,0.62194,0.10663,0.00008,0.00006,0.89323
107.58000,0.62193,0.07438,0.00004,0.00001,0.92557
107.91000,0.62193,0.03945,0.00006,0.00001,0.96049
108.24000,0.62194,0.02338,0.00009,0.00001,0.97652
108.57000,0.62194,0.00349,0.00008,0.00000,0.99643
108.90000,0.62193,0.00054,0.00004,0.00000,0.99942
109.23000,0.62193,0.00033,0.00003,0.00000,0.99964
109.56000,0.62194,0.00439,0.00003,0.00001,0.99557
109.89000,0.62194,0.00314,0.00007,0.00001,0.99678
110.22000,0.62193,0.00201,0.00008,0.00001,0.99789
110.55000,0.62193,0.00144,0.00006,0.00001,0.99850
110.88000,0.62194,0.00048,0.00004,0.00000,0.99949
111.21000,0.62194,0.00030,0.00002,0.00000,0.99968
111.54000,0.62193,0.00147,0.00003,0.00000,0.99850
111.87000,0.62193,0.00140,0.00003,0.00000,0.99857
112.20000,0.62194,0.01006,0.00005,0.00001,0.98988
112.53000,0.62194,0.09289,0.00004,0.00001,0.90707
112.86000,0.62194,0.22100,0.00002,0.00001,0.77896
113.19000,0.62193,0.00543,0.00004,0.00001,0.99453
113.52000,0.62194,0.00824,0.00025,0.00015,0.99136
113.85000,0.62194,0.03866,0.00119,0.00109,0.95906
114.18000,0.62194,0.00228,0.00013,0.00001,0.99759
114.51000,0.62193,0.00104,0.00003,0.00000,0.99893
114.84000,0.62194,0.00293,0.00002,0.00000,0.99705
115.17000,0.62194,0.04373,0.00008,0.00001,0.95618
115.50000,0.62194,0.10559,0.00153,0.00079,0.89209
115.83000,0.62193,0.00414,0.00009,0.00003,0.99574
116.16000,0.62193,0.00060,0.00002,0.00000,0.99938
116.49000,0.62194,0.00047,0.00003,0.00000,0.99949
116.82000,0.62194,0.00119,0.00006,0.00001,0.99875
117.15000,0.62193,0.00252,0.00013,0.00004,0.99730
117.48000,0.62193,0.02608,0.00220,0.00825,0.96348
117.81000,0.62194,0.01769,0.00135,0.00072,0.98025
118.14000,0.62194,0.07135,0.00281,0.01343,0.91240
118.47000,0.62193,0.06792,0.00282,0.03545,0.89381
118.80000,0.62193,0.00687,0.00050,0.00020,0.99243
119.13000,0.62194,0.00089,0.00008,0.00000,0.99903
119.46000,0.62194,0.00050,0.00004,0.00000,0.99946
119.79000,0.62193,0.00039,0.00001,0.00000,0.99960
120.12000,0.62193,0.00120,0.00002,0.00000,0.99878
120.45000,0.62194,0.00956,0.00005,0.00001,0.99037
120.78000,0.62194,0.00574,0.00004,0.00000,0.99422
121.11000,0.62194,0.00096,0.00004,0.00000,0.99900
121.44000,0.62193,0.00085,0.00006,0.00000,0.99909
121.77000,0.62194,0.00147,0.00008,0.00001,0.99844
122.10000,0.62194,0.00103,0.00009,0.00000,0.99888
122.43000,0.62194,0.00039,0.00004,0.00000,0.99957
122.76000,0.62193,0.00070,0.00006,0.00000,0.99924
123.09000,0.62194,0.00095,0.00009,0.00001,0.99895
123.42000,0.62194,0.00083,0.00009,0.00000,0.99908
123.75000,0.62194,0.00116,0.00009,0.00000,0.99875
124.08000,0.62193,0.00079,0.00003,0.00000,0.99917
124.41000,0.62193,0.00084,0.00005,0.00000,0.99911
124.74000,0.62194,0.00077,0.00006,0.00000,0.99917
125.07000,0.62194,0.00049,0.00004,0.00000,0.99946
125.40000,0.62193,0.00038,0.00002,0.00000,0.99959
125.73000,0.62193,0.00060,0.00004,0.00000,0.99936
126.06000,0.62194,0.00071,0.00003,0.00000,0.99925
126.39000,0.62194,0.00045,0.00004,0.00000,0.99951
126.72000,0.62193,0.00035,0.00006,0.00000,0.99959
127.05000,0.62193,0.00051,0.00007,0.00000,0.99942
127.38000,0.62194,0.00069,0.00004,0.00000,0.99927
127.71000,0.62194,0.00081,0.00005,0.00000,0.99915
128.03999,0.62195,0.00097,0.00006,0.00000,0.99897
128.37000,0.62195,0.00068,0.00003,0.00000,0.99929
128.70000,0.62193,0.00098,0.00006,0.00000,0.99895
129.03000,0.62193,0.00198,0.00007,0.00000,0.99794
129.36000,0.62193,0.00109,0.00005,0.00000,0.99887
129.69000,0.62193,0.00060,0.00004,0.00000,0.99935
130.02000,0.62193,0.00060,0.00003,0.00000,0.99937
130.35001,0.62193,0.00069,0.00003,0.00000,0.99928
130.67999,0.62195,0.00061,0.00003,0.00000,0.99936
131.00999,0.62195,0.00050,0.00003,0.00000,0.99947
131.34000,0.62195,0.00031,0.00002,0.00000,0.99966
131.67000,0.62193,0.00087,0.00003,0.00000,0.99910
132.00000,0.62193,0.00159,0.00004,0.00000,0.99837
132.33000,0.62193,0.00464,0.00004,0.00000,0.99531
132.66000,0.62193,0.00961,0.00005,0.00000,0.99033
132.99001,0.62193,0.00256,0.00004,0.00000,0.99740
133.32001,0.62193,0.00163,0.00002,0.00000,0.99835
133.64999,0.62195,0.00380,0.00005,0.00001,0.99615
133.98000,0.62195,0.00406,0.00021,0.00006,0.99567
134.31000,0.62193,0.00427,0.00029,0.00016,0.99528
134.64000,0.62193,0.00085,0.00005,0.00000,0.99910
134.97000,0.62193,0.00101,0.00007,0.00000,0.99892
135.30000,0.62193,0.00087,0.00007,0.00000,0.99906
135.63000,0.62193,0.00067,0.00010,0.00001,0.99922
135.96001,0.62193,0.00077,0.00008,0.00001,0.99914
136.28999,0.62195,0.00243,0.00023,0.00008,0.99726
136.62000,0.62195,0.00159,0.00017,0.00005,0.99819
136.95000,0.62193,0.00044,0.00003,0.00000,0.99952
137.28000,0.62193,0.00037,0.00003,0.00000,0.99960
137.61000,0.62193,0.00100,0.00008,0.00000,0.99891
137.94000,0.62193,0.00133,0.00007,0.00000,0.99860
138.27000,0.62193,0.00074,0.00017,0.00000,0.99909
138.60001,0.62193,0.00377,0.00015,0.00001,0.99607
138.92999,0.62195,0.00461,0.00006,0.00001,0.99532
139.25999,0.62195,0.00271,0.00003,0.00000,0.99726
139.59000,0.62195,0.07811,0.00003,0.00001,0.92186
139.92000,0.62193,0.02557,0.00004,0.00000,0.97439
140.25000,0.62193,0.01989,0.00006,0.00000,0.98005
140.58000,0.62193,0.08618,0.00005,0.00001,0.91377
140.91000,0.62193,0.00263,0.00004,0.00000,0.99733
141.24001,0.62193,0.00131,0.00006,0.00000,0.99862
141.57001,0.62193,0.00102,0.00005,0.00000,0.99893
141.89999,0.62195,0.00374,0.00002,0.00000,0.99624
142.23000,0.62195,0.00535,0.00001,0.00000,0.99463
142.56000,0.62193,0.00166,0.00002,0.00000,0.99832
142.89000,0.62193,0.00251,0.00005,0.00000,0.99743
143.22000,0.62193,0.00298,0.00005,0.00000,0.99697
143.55000,0.62193,0.00083,0.00010,0.00000,0.99907
143.88000,0.62193,0.00067,0.00012,0.00000,0.99921
144.21001,0.62193,0.00115,0.00005,0.00000,0.99880
144.53999,0.62195,0.00206,0.00003,0.00000,0.99791
144.87000,0.62195,0.00186,0.00003,0.00000,0.99812
145.20000,0.62193,0.00081,0.00003,0.00000,0.99916
145.53000,0.62193,0.00043,0.00005,0.00000,0.99952
145.86000,0.62193,0.00054,0.00029,0.00000,0.99916
146.19000,0.62193,0.00132,0.00010,0.00000,0.99858
146.52000,0.62193,0.00240,0.00003,0.00000,0.99757
146.85001,0.62193,0.00740,0.00003,0.00000,0.99257
147.17999,0.62195,0.10078,0.00003,0.00003,0.89916
147.50999,0.62195,0.01394,0.00008,0.00010,0.98588
147.84000,0.62195,0.00082,0.00003,0.00000,0.99915
148.17000,0.62193,0.00138,0.00005,0.00000,0.99857
148.50000,0.62193,0.00183,0.00004,0.00001,0.99812
148.83000,0.62193,0.00114,0.00002,0.00000,0.99883
149.16000,0.62193,0.00196,0.00005,0.00001,0.99798
149.49001,0.62193,0.00148,0.00005,0.00000,0.99847
149.82001,0.62193,0.00332,0.00004,0.00000,0.99664
150.14999,0.62195,0.00202,0.00003,0.00000,0.99794
150.48000,0.62195,0.00244,0.00004,0.00001,0.99751
150.81000,0.62193,0.00281,0.00006,0.00001,0.99713
151.14000,0.62193,0.00126,0.00004,0.00000,0.99870
151.47000,0.62193,0.00138,0.00004,0.00000,0.99858
151.80000,0.62193,0.00255,0.00007,0.00000,0.99738
152.13000,0.62193,0.00197,0.00005,0.00000,0.99798
152.46001,0.62193,0.00062,0.00003,0.00000,0.99935
152.78999,0.62195,0.00067,0.00004,0.00000,0.99929
153.12000,0.62195,0.00133,0.00005,0.00000,0.99862
153.45000,0.62193,0.00699,0.00030,0.00010,0.99261
153.78000,0.62193,0.00613,0.00020,0.00008,0.99360
154.11000,0.62193,0.00122,0.00004,0.00000,0.99874
154.44000,0.62193,0.00126,0.00004,0.00000,0.99870
154.77000,0.62193,0.00645,0.00003,0.00000,0.99352
155.10001,0.62193,0.01827,0.00006,0.00001,0.98166
155.42999,0.62195,0.00708,0.00006,0.00000,0.99286
155.75999,0.62195,0.03994,0.00006,0.00002,0.95998
156.09000,0.62195,0.48943,0.00007,0.00003,0.51046
156.42000,0.62193,0.17327,0.00009,0.00002,0.82662
156.75000,0.62193,0.00140,0.00004,0.00000,0.99856
157.08000,0.62193,0.00033,0.00002,0.00000,0.99965
157.41000,0.62193,0.00702,0.00005,0.00000,0.99293
157.74001,0.62193,0.00910,0.00005,0.00000,0.99084
158.07001,0.62193,0.00168,0.00008,0.00000,0.99824
158.39999,0.62195,0.00492,0.00013,0.00001,0.99494
158.73000,0.62195,0.01196,0.00009,0.00003,0.98792
159.06000,0.62193,0.00794,0.00007,0.00002,0.99197
159.39000,0.62193,0.02815,0.00006,0.00001,0.97178
159.72000,0.62193,0.00648,0.00003,0.00000,0.99349
160.05000,0.62193,0.03291,0.00003,0.00000,0.96706
160.38000,0.62193,0.01322,0.00003,0.00000,0.98675
160.71001,0.62193,0.03612,0.00098,0.00135,0.96156
161.03999,0.62195,0.01470,0.00040,0.00041,0.98449
161.37000,0.62195,0.00171,0.00003,0.00000,0.99825
161.70000,0.62193,0.00150,0.00014,0.00001,0.99835
162.03000,0.62193,0.00046,0.00008,0.00000,0.99946
162.36000,0.62193,0.00027,0.00004,0.00000,0.99969
162.69000,0.62193,0.00042,0.00004,0.00000,0.99953
163.02000,0.62193,0.00050,0.00005,0.00000,0.99945
163.35001,0.62193,0.00068,0.00006,0.00000,0.99925
163.67999,0.62195,0.00076,0.00006,0.00000,0.99918
164.00999,0.62195,0.00127,0.00007,0.00000,0.99866
164.34000,0.62195,0.00079,0.00004,0.00000,0.99917
164.67000,0.62193,0.00268,0.00008,0.00000,0.99723
165.00000,0.62193,0.00661,0.00005,0.00000,0.99333
165.33000,0.62193,0.01431,0.00004,0.00001,0.98564
165.66000,0.62193,0.00363,0.00004,0.00000,0.99633
165.99001,0.62193,0.00175,0.00003,0.00000,0.99821
166.32001,0.62193,0.00092,0.00006,0.00000,0.99901
166.64999,0.62195,0.00126,0.00010,0.00001,0.99864
166.98000,0.62195,0.00085,0.00007,0.00000,0.99907
167.31000,0.62193,0.00070,0.00009,0.00000,0.99921
167.64000,0.62193,0.00057,0.00008,0.00000,0.99934
167.97000,0.62193,0.00053,0.00004,0.00000,0.99943
168.30000,0.62193,0.00053,0.00008,0.00000,0.99939
168.63000,0.62193,0.00057,0.00006,0.00000,0.99937
168.96001,0.62193,0.00039,0.00005,0.00000,0.99957
169.28999,0.62195,0.00032,0.00004,0.00000,0.99964
169.62000,0.62195,0.00034,0.00003,0.00000,0.99963
169.95000,0.62193,0.00069,0.00004,0.00000,0.99926
170.28000,0.62193,0.00271,0.00004,0.00001,0.99724
170.61000,0.62193,0.00105,0.00003,0.00000,0.99892
170.94000,0.62193,0.00063,0.00004,0.00000,0.99933
171.27000,0.62193,0.00095,0.00003,0.00000,0.99902
171.60001,0.62193,0.00137,0.00003,0.00000,0.99860
171.92999,0.62195,0.00092,0.00002,0.00000,0.99906
172.25999,0.62195,0.00060,0.00004,0.00000,0.99936
172.59000,0.62195,0.00088,0.00003,0.00000,0.99909
172.92000,0.62193,0.00661,0.00003,0.00000,0.99335
173.25000,0.62193,0.02677,0.00002,0.00000,0.97320
173.58000,0.62193,0.03187,0.00006,0.00001,0.96806
173.91000,0.62193,0.01893,0.00005,0.00001,0.98101
174.24001,0.62193,0.02397,0.00003,0.00000,0.97600
174.57001,0.62193,0.22622,0.00004,0.00000,0.77373
174.89999,0.62195,0.00517,0.00004,0.00000,0.99480
175.23000,0.62195,0.00318,0.00003,0.00000,0.99679
175.56000,0.62193,0.00236,0.00005,0.00000,0.99760
175.89000,0.62193,0.00218,0.00006,0.00000,0.99775
176.22000,0.62193,0.00365,0.00004,0.00000,0.99631
176.55000,0.62193,0.00725,0.00003,0.00000,0.99271
176.88000,0.62193,0.02285,0.00004,0.00001,0.97711
177.21001,0.62193,0.24097,0.00003,0.00001,0.75898
177.53999,0.62195,0.35417,0.00003,0.00002,0.64577
177.87000,0.62195,0.02767,0.00002,0.00001,0.97230
178.20000,0.62193,0.06784,0.00003,0.00001,0.93212
178.53000,0.62193,0.02528,0.00003,0.00001,0.97468
178.86000,0.62193,0.00714,0.00005,0.00000,0.99281
179.19000,0.62193,0.00137,0.00007,0.00000,0.99856
179.52000,0.62193,0.00059,0.00003,0.00000,0.99938
179.85001,0.62193,0.00464,0.00002,0.00000,0.99534
180.17999,0.62195,0.02550,0.00004,0.00000,0.97446
180.50999,0.62195,0.00510,0.00004,0.00000,0.99485
180.84000,0.62195,0.00779,0.00004,0.00000,0.99216
181.17000,0.62193,0.00713,0.00004,0.00000,0.99283
181.50000,0.62193,0.01918,0.00003,0.00000,0.98079
181.83000,0.62193,0.00357,0.00003,0.00000,0.99640
182.16000,0.62193,0.00053,0.00004,0.00000,0.99944
182.49001,0.62193,0.00080,0.00004,0.00000,0.99917
182.82001,0.62193,0.00081,0.00004,0.00000,0.99915
183.14999,0.62195,0.00045,0.00006,0.00000,0.99949
183.48000,0.62195,0.00048,0.00003,0.00000,0.99949
183.81000,0.62193,0.00257,0.00004,0.00000,0.99739
184.14000,0.62193,0.01508,0.00006,0.00001,0.98486
184.47000,0.62193,0.01139,0.00005,0.00000,0.98855
184.80000,0.62193,0.00364,0.00003,0.00000,0.99633
185.13000,0.62193,0.00062,0.00002,0.00000,0.99936
185.46001,0.62193,0.00098,0.00003,0.00000,0.99898
185.78999,0.62195,0.00372,0.00002,0.00000,0.99625
186.12000,0.62195,0.00087,0.00002,0.00000,0.99911
186.45000,0.62193,0.00355,0.00004,0.00000,0.99641
186.78000,0.62193,0.00548,0.00003,0.00000,0.99449
187.11000,0.62193,0.01620,0.00003,0.00000,0.98377
187.44000,0.62193,0.02137,0.00003,0.00001,0.97860
187.77000,0.62193,0.03782,0.00006,0.00002,0.96210
188.10001,0.62193,0.01504,0.00005,0.00001,0.98490
188.42999,0.62195,0.10700,0.00006,0.00003,0.89292
188.75999,0.62195,0.39232,0.00006,0.00003,0.60760
189.09000,0.62195,0.41702,0.00004,0.00002,0.58292
189.42000,0.62193,0.55828,0.00004,0.00002,0.44166
189.75000,0.62193,0.08822,0.00005,0.00002,0.91171
190.08000,0.62193,0.00847,0.00003,0.00001,0.99149
190.41000,0.62193,0.00159,0.00002,0.00000,0.99838
190.74001,0.62193,0.00636,0.00003,0.00000,0.99360
191.07001,0.62193,0.03237,0.00004,0.00000,0.96758
191.39999,0.62195,0.02061,0.00004,0.00001,0.97934
191.73000,0.62195,0.08879,0.00004,0.00001,0.91117
192.06000,0.62193,0.86446,0.00001,0.00001,0.13553
192.39000,0.62193,0.89941,0.00001,0.00001,0.10058
192.72000,0.62193,0.90982,0.00002,0.00001,0.09015
193.05000,0.62193,0.53763,0.00004,0.00001,0.46232
193.38000,0.62193,0.01561,0.00003,0.00001,0.98435
193.71001,0.62193,0.00347,0.00007,0.00002,0.99644
194.03999,0.62195,0.00317,0.00007,0.00003,0.99674
194.37000,0.62195,0.00592,0.00003,0.00001,0.99404
194.70000,0.62193,0.00599,0.00002,0.00000,0.99399
195.03000,0.62193,0.19789,0.00011,0.00011,0.80189
195.36000,0.62193,0.10073,0.00027,0.00009,0.89890
195.69000,0.62193,0.00196,0.00009,0.00000,0.99795
196.02000,0.62193,0.00514,0.00005,0.00000,0.99481
196.35001,0.62193,0.00646,0.00003,0.00000,0.99351
196.67999,0.62195,0.00571,0.00005,0.00000,0.99424
197.00999,0.62195,0.00130,0.00008,0.00000,0.99863
197.34000,0.62195,0.00090,0.00003,0.00000,0.99907
197.67000,0.62193,0.00047,0.00004,0.00000,0.99949
198.00000,0.62193,0.00170,0.00005,0.00000,0.99825
198.33000,0.62193,0.00209,0.00006,0.00000,0.99785
198.66000,0.62193,0.01779,0.00010,0.00001,0.98210
198.99001,0.62193,0.04170,0.00003,0.00001,0.95826
199.32001,0.62193,0.02979,0.00002,0.00000,0.97018
199.64999,0.62195,0.45026,0.00012,0.00014,0.54947
199.98000,0.62195,0.64997,0.00003,0.00002,0.34998
200.31000,0.62193,0.16041,0.00005,0.00002,0.83953
200.64000,0.62193,0.00449,0.00003,0.00000,0.99548
200.97000,0.62193,0.00245,0.00007,0.00000,0.99748
201.30000,0.62193,0.00059,0.00005,0.00000,0.99936
201.63000,0.62193,0.00069,0.00002,0.00000,0.99929
201.96001,0.62193,0.00219,0.00004,0.00001,0.99776
202.28999,0.62195,0.00102,0.00002,0.00000,0.99895
202.62000,0.62195,0.00064,0.00004,0.00000,0.99932
202.95000,0.62193,0.00091,0.00007,0.00000,0.99902
203.28000,0.62193,0.00093,0.00016,0.00000,0.99891
203.61000,0.62193,0.00070,0.00012,0.00000,0.99918
203.94000,0.62193,0.00057,0.00006,0.00000,0.99937
204.27000,0.62193,0.00065,0.00004,0.00000,0.99931
204.60001,0.62193,0.00093,0.00005,0.00000,0.99901
204.92999,0.62195,0.00039,0.00005,0.00000,0.99956
205.25999,0.62195,0.00043,0.00003,0.00000,0.99954
205.59000,0.62195,0.00025,0.00002,0.00000,0.99973
205.92000,0.62193,0.00054,0.00003,0.00000,0.99943
206.25000,0.62193,0.00750,0.00003,0.00000,0.99247
206.58000,0.62193,0.01333,0.00002,0.00000,0.98665
206.91000,0.62193,0.00292,0.00002,0.00000,0.99706
207.24001,0.62193,0.00060,0.00003,0.00000,0.99937
207.57001,0.62193,0.00044,0.00003,0.00000,0.99952
207.89999,0.62195,0.00019,0.00002,0.00000,0.99979
208.23000,0.62195,0.00066,0.00005,0.00000,0.99929
208.56000,0.62193,0.00077,0.00005,0.00000,0.99918
208.89000,0.62193,0.00051,0.00005,0.00000,0.99944
209.22000,0.62193,0.00053,0.00006,0.00000,0.99940
209.55000,0.62193,0.00036,0.00004,0.00000,0.99960
209.88000,0.62193,0.00057,0.00005,0.00000,0.99938
210.21001,0.62193,0.00068,0.00007,0.00000,0.99925
210.53999,0.62195,0.00084,0.00008,0.00000,0.99908
210.87000,0.62195,0.00065,0.00005,0.00000,0.99930
211.20000,0.62193,0.00052,0.00004,0.00000,0.99944
211.53000,0.62193,0.00089,0.00006,0.00000,0.99906
211.86000,0.62193,0.00052,0.00003,0.00000,0.99945
212.19000,0.62193,0.00052,0.00003,0.00000,0.99945
212.52000,0.62193,0.00054,0.00003,0.00000,0.99943
212.85001,0.62193,0.00036,0.00002,0.00000,0.99962
213.17999,0.62195,0.00074,0.00008,0.00000,0.99918
213.50999,0.62195,0.00061,0.00006,0.00000,0.99932
213.84000,0.62195,0.00038,0.00003,0.00000,0.99959
214.17000,0.62193,0.00034,0.00003,0.00000,0.99963
214.50000,0.62193,0.00052,0.00003,0.00000,0.99945
214.83000,0.62193,0.00065,0.00005,0.00000,0.99930
215.16000,0.62193,0.00057,0.00004,0.00000,0.99939
215.49001,0.62193,0.00047,0.00002,0.00000,0.99951
215.82001,0.62193,0.00063,0.00003,0.00000,0.99934
216.14999,0.62195,0.00037,0.00004,0.00000,0.99959
216.48000,0.62195,0.00048,0.00003,0.00000,0.99949
216.81000,0.62193,0.00101,0.00003,0.00000,0.99896
217.14000,0.62193,0.00258,0.00007,0.00001,0.99733
217.47000,0.62193,0.00162,0.00008,0.00001,0.99829
217.80000,0.62193,0.00075,0.00005,0.00000,0.99920
218.13000,0.62193,0.00127,0.00003,0.00000,0.99869
218.46001,0.62193,0.00095,0.00003,0.00000,0.99902
218.78999,0.62195,0.00063,0.00003,0.00000,0.99934
219.12000,0.62195,0.00131,0.00006,0.00000,0.99862
219.45000,0.62193,0.00156,0.00004,0.00000,0.99839
219.78000,0.62193,0.00079,0.00004,0.00000,0.99916
220.11000,0.62193,0.00069,0.00006,0.00000,0.99925
220.44000,0.62193,0.00057,0.00008,0.00000,0.99935
220.77000,0.62193,0.00097,0.00012,0.00000,0.99891
221.10001,0.62193,0.00049,0.00004,0.00000,0.99947
221.42999,0.62195,0.00035,0.00003,0.00000,0.99962
221.75999,0.62195,0.00077,0.00004,0.00000,0.99919
222.09000,0.62195,0.00142,0.00006,0.00000,0.99852
222.42000,0.62193,0.00071,0.00005,0.00000,0.99924
222.75000,0.62193,0.00048,0.00004,0.00000,0.99949
223.08000,0.62193,0.00117,0.00009,0.00000,0.99874
223.41000,0.62193,0.00323,0.00009,0.00002,0.99667
223.74001,0.62193,0.00374,0.00003,0.00000,0.99623
224.07001,0.62193,0.02420,0.00004,0.00001,0.97575
224.39999,0.62195,0.00748,0.00005,0.00000,0.99247
224.73000,0.62195,0.00085,0.00008,0.00000,0.99906
225.06000,0.62193,0.00066,0.00006,0.00000,0.99927
225.39000,0.62193,0.00088,0.00005,0.00000,0.99907
225.72000,0.62193,0.00113,0.00008,0.00001,0.99878
226.05000,0.62193,0.00959,0.00006,0.00001,0.99035
226.38000,0.62193,0.00232,0.00008,0.00000,0.99760
226.71001,0.62193,0.00183,0.00007,0.00000,0.99809
227.03999,0.62195,0.00153,0.00003,0.00000,0.99844
227.37000,0.62195,0.00142,0.00003,0.00000,0.99855
227.70000,0.62193,0.00092,0.00003,0.00000,0.99905
228.03000,0.62193,0.00425,0.00004,0.00001,0.99570
228.36000,0.62193,0.00104,0.00017,0.00000,0.99879
228.69000,0.62193,0.00088,0.00009,0.00000,0.99903
229.02000,0.62193,0.04225,0.00004,0.00000,0.95771
229.35001,0.62193,0.05363,0.00003,0.00000,0.94634
229.67999,0.62195,0.04680,0.00003,0.00000,0.95317
230.00999,0.62195,0.00787,0.00003,0.00001,0.99210
230.34000,0.62195,0.02627,0.00003,0.00001,0.97370
230.67000,0.62193,0.01453,0.00003,0.00000,0.98544
231.00000,0.62193,0.00146,0.00005,0.00000,0.99849
231.33000,0.62193,0.00118,0.00005,0.00000,0.99876
231.66000,0.62193,0.00101,0.00004,0.00000,0.99895
231.99001,0.62193,0.00078,0.00004,0.00000,0.99917
232.32001,0.62193,0.00066,0.00004,0.00000,0.99930
232.64999,0.62195,0.00088,0.00003,0.00000,0.99909
232.98000,0.62195,0.00073,0.00002,0.00000,0.99925
233.31000,0.62193,0.00162,0.00004,0.00000,0.99834
233.64000,0.62193,0.00120,0.00002,0.00000,0.99877
233.97000,0.62193,0.02684,0.00004,0.00000,0.97312
234.30000,0.62193,0.23309,0.00003,0.00001,0.76687
234.63000,0.62193,0.19543,0.00002,0.00001,0.80454
234.96001,0.62193,0.23038,0.00003,0.00002,0.76958
235.28999,0.62195,0.19739,0.00004,0.00002,0.80255
235.62000,0.62195,0.08105,0.00004,0.00001,0.91890
235.95000,0.62193,0.00884,0.00003,0.00000,0.99113
236.28000,0.62193,0.00229,0.00012,0.00001,0.99758
236.61000,0.62193,0.00210,0.00010,0.00000,0.99780
236.94000,0.62193,0.00119,0.00004,0.00000,0.99877
237.27000,0.62193,0.00815,0.00011,0.00000,0.99174
237.60001,0.62193,0.00499,0.00008,0.00001,0.99492
237.92999,0.62195,0.00621,0.00007,0.00002,0.99369
238.25999,0.62195,0.00872,0.00033,0.00003,0.99092
238.59000,0.62195,0.05923,0.00120,0.00027,0.93931
238.92000,0.62193,0.00521,0.00012,0.00002,0.99466
239.25000,0.62193,0.00546,0.00014,0.00003,0.99437
239.58000,0.62193,0.00416,0.00009,0.00002,0.99573
239.91000,0.62193,0.00240,0.00010,0.00001,0.99749
240.24001,0.62193,0.00370,0.00017,0.00001,0.99612
240.57001,0.62193,0.00641,0.00011,0.00003,0.99345
240.89999,0.62195,0.00853,0.00031,0.00018,0.99097
241.23000,0.62195,0.02188,0.00096,0.00129,0.97587
241.56000,0.62193,0.00872,0.00034,0.00010,0.99084
241.89000,0.62193,0.00985,0.00073,0.00024,0.98917
242.22000,0.62193,0.00972,0.00039,0.00013,0.98976
242.55000,0.62193,0.00352,0.00009,0.00001,0.99637
242.88000,0.62193,0.00456,0.00026,0.00005,0.99513
243.21001,0.62193,0.00799,0.00050,0.00022,0.99129
243.53999,0.62195,0.00342,0.00017,0.00004,0.99637
243.87000,0.62195,0.00711,0.00044,0.00015,0.99230
244.20000,0.62193,0.00854,0.00027,0.00015,0.99104
244.53000,0.62193,0.00096,0.00001,0.00000,0.99902
244.86000,0.62193,0.00252,0.00003,0.00000,0.99745
245.19000,0.62193,0.00376,0.00004,0.00000,0.99620
245.52000,0.62193,0.00230,0.00005,0.00000,0.99765
245.85001,0.62193,0.00287,0.00002,0.00000,0.99711
246.17999,0.62195,0.00064,0.00003,0.00000,0.99933
246.50999,0.62195,0.00260,0.00003,0.00000,0.99737
246.84000,0.62195,0.02750,0.00006,0.00001,0.97244
247.17000,0.62193,0.01144,0.00004,0.00001,0.98851
247.50000,0.62193,0.00083,0.00003,0.00000,0.99914
247.83000,0.62193,0.00169,0.00003,0.00000,0.99828
248.16000,0.62193,0.00859,0.00002,0.00000,0.99138
248.49001,0.62193,0.00392,0.00004,0.00000,0.99604
248.82001,0.62193,0.00406,0.00005,0.00000,0.99589
249.14999,0.62195,0.00246,0.00004,0.00000,0.99750
249.48000,0.62195,0.00078,0.00004,0.00000,0.99918
249.81000,0.62193,0.00168,0.00005,0.00000,0.99827
250.14000,0.62193,0.00634,0.00003,0.00000,0.99363
250.47000,0.62193,0.00345,0.00003,0.00000,0.99652
250.80000,0.62193,0.00598,0.00003,0.00000,0.99399
251.13000,0.62193,0.01025,0.00003,0.00000,0.98971
251.46001,0.62193,0.02275,0.00004,0.00000,0.97721
251.78999,0.62195,0.00519,0.00004,0.00001,0.99476
252.12000,0.62195,0.01530,0.00006,0.00002,0.98461
252.45000,0.62193,0.02247,0.00008,0.00003,0.97742
252.78000,0.62193,0.01461,0.00005,0.00001,0.98533
253.11000,0.62193,0.01145,0.00003,0.00000,0.98852
253.44000,0.62193,0.00115,0.00004,0.00000,0.99881
253.77000,0.62193,0.00152,0.00008,0.00000,0.99840
254.10001,0.62193,0.02245,0.00022,0.00009,0.97724
254.42999,0.62195,0.30383,0.00024,0.00009,0.69585
254.75999,0.62195,0.06200,0.00009,0.00001,0.93790
255.09000,0.62195,0.00390,0.00009,0.00001,0.99600
255.42000,0.62193,0.02195,0.00006,0.00001,0.97798
255.75000,0.62195,0.14531,0.00003,0.00001,0.85465
256.07999,0.62195,0.05008,0.00004,0.00001,0.94987
256.41000,0.62195,0.00255,0.00002,0.00000,0.99742
256.73999,0.62195,0.00095,0.00003,0.00000,0.99902
257.07001,0.62192,0.00052,0.00002,0.00000,0.99946
257.39999,0.62195,0.00067,0.00002,0.00000,0.99932
257.73001,0.62192,0.00170,0.00003,0.00000,0.99826
258.06000,0.62195,0.00494,0.00004,0.00001,0.99502
258.39001,0.62192,0.00950,0.00008,0.00001,0.99041
258.72000,0.62195,0.00320,0.00011,0.00001,0.99667
259.04999,0.62195,0.00399,0.00006,0.00001,0.99594
259.38000,0.62192,0.00773,0.00006,0.00000,0.99221
259.70999,0.62195,0.00196,0.00003,0.00000,0.99800
260.04001,0.62192,0.00050,0.00002,0.00000,0.99949
260.37000,0.62195,0.00069,0.00005,0.00000,0.99926
260.70001,0.62192,0.00114,0.00007,0.00000,0.99879
261.03000,0.62195,0.00072,0.00007,0.00000,0.99921
261.35999,0.62195,0.00340,0.00006,0.00000,0.99654
261.69000,0.62195,0.00385,0.00011,0.00000,0.99604
262.01999,0.62195,0.00302,0.00004,0.00000,0.99694
262.35001,0.62192,0.00039,0.00004,0.00000,0.99957
262.67999,0.62195,0.00069,0.00005,0.00000,0.99925
263.01001,0.62192,0.00136,0.00005,0.00000,0.99859
263.34000,0.62195,0.00128,0.00003,0.00000,0.99869
263.67001,0.62192,0.00327,0.00002,0.00000,0.99670
264.00000,0.62195,0.01211,0.00006,0.00001,0.98782
264.32999,0.62195,0.00256,0.00004,0.00000,0.99740
264.66000,0.62195,0.00119,0.00005,0.00000,0.99876
264.98999,0.62195,0.00110,0.00004,0.00000,0.99886
265.32001,0.62192,0.00646,0.00005,0.00000,0.99348
265.64999,0.62195,0.06597,0.00006,0.00001,0.93395
265.98001,0.62192,0.03204,0.00005,0.00000,0.96791
266.31000,0.62195,0.00869,0.00007,0.00000,0.99124
266.64001,0.62192,0.00130,0.00026,0.00000,0.99844
266.97000,0.62195,0.00143,0.00013,0.00000,0.99844
267.29999,0.62195,0.02590,0.00002,0.00000,0.97407
267.63000,0.62192,0.00152,0.00003,0.00000,0.99845
267.95999,0.62195,0.00176,0.00003,0.00000,0.99820
268.29001,0.62192,0.09269,0.00005,0.00001,0.90726
268.62000,0.62195,0.16714,0.00004,0.00001,0.83281
268.95001,0.62192,0.05743,0.00004,0.00001,0.94252
269.28000,0.62195,0.04150,0.00006,0.00001,0.95842
269.60999,0.62195,0.07039,0.00009,0.00003,0.92949
269.94000,0.62195,0.03758,0.00005,0.00002,0.96234
270.26999,0.62195,0.04717,0.00004,0.00001,0.95277
270.60001,0.62192,0.02536,0.00005,0.00000,0.97458
270.92999,0.62195,0.00443,0.00004,0.00000,0.99553
271.26001,0.62192,0.01119,0.00002,0.00000,0.98879
271.59000,0.62195,0.26818,0.00005,0.00003,0.73173
271.92001,0.62192,0.73849,0.00005,0.00002,0.26144
272.25000,0.62195,0.34616,0.00004,0.00001,0.65380
272.57999,0.62195,0.01342,0.00013,0.00003,0.98642
272.91000,0.62195,0.58428,0.00007,0.00003,0.41562
273.23999,0.62195,0.98990,0.00000,0.00000,0.01009
273.57001,0.62192,0.99353,0.00000,0.00001,0.00646
273.89999,0.62195,0.99860,0.00000,0.00000,0.00140
274.23001,0.62192,0.99708,0.00000,0.00000,0.00292
274.56000,0.62195,0.97190,0.00001,0.00001,0.02808
274.89001,0.62192,0.99844,0.00000,0.00000,0.00156
275.22000,0.62195,0.99755,0.00000,0.00000,0.00245
275.54999,0.62195,0.99918,0.00000,0.00000,0.00082
275.88000,0.62192,0.99981,0.00000,0.00000,0.00019
276.20999,0.62195,0.99628,0.00000,0.00000,0.00372
276.54001,0.62192,0.99605,0.00000,0.00000,0.00395
276.87000,0.62195,0.96038,0.00001,0.00001,0.03959
277.20001,0.62192,0.98227,0.00000,0.00000,0.01772
277.53000,0.62195,0.99666,0.00000,0.00000,0.00334
277.85999,0.62195,0.99834,0.00000,0.00000,0.00166
278.19000,0.62195,0.99990,0.00000,0.00000,0.00010
278.51999,0.62195,0.99997,0.00000,0.00000,0.00003
278.85001,0.62192,0.99985,0.00000,0.00000,0.00015
279.17999,0.62195,0.99704,0.00000,0.00000,0.00296
279.51001,0.62192,0.99947,0.00000,0.00000,0.00053
279.84000,0.62195,0.99995,0.00000,0.00000,0.00005
280.17001,0.62192,0.99996,0.00000,0.00000,0.00004
280.50000,0.62195,0.99997,0.00000,0.00000,0.00003
280.82999,0.62195,1.00000,0.00000,0.00000,0.00000
281.16000,0.62195,1.00000,0.00000,0.00000,0.00000
281.48999,0.62195,0.99999,0.00000,0.00000,0.00001
281.82001,0.62192,0.99999,0.00000,0.00000,0.00001
282.14999,0.62195,1.00000,0.00000,0.00000,0.00000
282.48001,0.62192,1.00000,0.00000,0.00000,0.00000
282.81000,0.62195,1.00000,0.00000,0.00000,0.00000
283.14001,0.62192,0.99998,0.00000,0.00000,0.00002
283.47000,0.62195,0.99999,0.00000,0.00000,0.00001
283.79999,0.62195,0.99998,0.00000,0.00000,0.00002
284.13000,0.62192,1.00000,0.00000,0.00000,0.00000
284.45999,0.62195,1.00000,0.00000,0.00000,0.00000
284.79001,0.62192,1.00000,0.00000,0.00000,0.00000
285.12000,0.62195,1.00000,0.00000,0.00000,0.00000
285.45001,0.62192,1.00000,0.00000,0.00000,0.00000
285.78000,0.62195,1.00000,0.00000,0.00000,0.00000
286.10999,0.62195,1.00000,0.00000,0.00000,0.00000
286.44000,0.62195,1.00000,0.00000,0.00000,0.00000
286.76999,0.62195,1.00000,0.00000,0.00000,0.00000
287.10001,0.62192,1.00000,0.00000,0.00000,0.00000
287.42999,0.62195,1.00000,0.00000,0.00000,0.00000
287.76001,0.62192,1.00000,0.00000,0.00000,0.00000
288.09000,0.62195,1.00000,0.00000,0.00000,0.00000
288.42001,0.62192,1.00000,0.00000,0.00000,0.00000
288.75000,0.62195,1.00000,0.00000,0.00000,0.00000
289.07999,0.62195,1.00000,0.00000,0.00000,0.00000
289.41000,0.62195,1.00000,0.00000,0.00000,0.00000
289.73999,0.62195,1.00000,0.00000,0.00000,0.00000
290.07001,0.62192,1.00000,0.00000,0.00000,0.00000
290.39999,0.62195,0.99998,0.00000,0.00000,0.00002
290.73001,0.62192,1.00000,0.00000,0.00000,0.00000
291.06000,0.62195,1.00000,0.00000,0.00000,0.00000
291.39001,0.62192,1.00000,0.00000,0.00000,0.00000
291.72000,0.62195,0.99999,0.00000,0.00000,0.00001
292.04999,0.62195,0.99999,0.00000,0.00000,0.00001
292.38000,0.62192,0.99999,0.00000,0.00000,0.00001
292.70999,0.62195,0.99998,0.00000,0.00000,0.00002
293.04001,0.62192,0.99999,0.00000,0.00000,0.00001
293.37000,0.62195,0.99998,0.00000,0.00000,0.00002
293.70001,0.62192,0.99998,0.00000,0.00000,0.00002
294.03000,0.62195,0.99998,0.00000,0.00000,0.00002
294.35999,0.62195,0.99999,0.00000,0.00000,0.00001
294.69000,0.62195,0.99999,0.00000,0.00000,0.00001
295.01999,0.62195,1.00000,0.00000,0.00000,0.00000
295.35001,0.62192,1.00000,0.00000,0.00000,0.00000
295.67999,0.62195,1.00000,0.00000,0.00000,0.00000
296.01001,0.62192,1.00000,0.00000,0.00000,0.00000
296.34000,0.62195,1.00000,0.00000,0.00000,0.00000
296.67001,0.62192,1.00000,0.00000,0.00000,0.00000
297.00000,0.62195,0.99999,0.00000,0.00000,0.00001
297.32999,0.62195,0.99998,0.00000,0.00000,0.00002
297.66000,0.62195,1.00000,0.00000,0.00000,0.00000
297.98999,0.62195,1.00000,0.00000,0.00000,0.00000
298.32001,0.62192,1.00000,0.00000,0.00000,0.00000
298.64999,0.62195,1.00000,0.00000,0.00000,0.00000
298.98001,0.62192,1.00000,0.00000,0.00000,0.00000
299.31000,0.62195,0.99999,0.00000,0.00000,0.00001
