Time (seconds), Duration (seconds),pred_(unlabeled),pred_brushing_teeth,pred_hair_drying,pred_showering
0.00000,1.02194,0.63458,0.00003,0.00079,0.36460
0.14000,1.02194,0.07490,0.00030,0.00264,0.92216
0.28000,1.02194,0.02486,0.00030,0.00153,0.97331
0.42000,1.02194,0.02576,0.00039,0.00161,0.97224
0.56000,1.02194,0.02460,0.00020,0.00145,0.97376
0.70000,1.02194,0.02258,0.00020,0.00116,0.97606
0.84000,1.02194,0.01960,0.00015,0.00081,0.97943
0.98000,1.02194,0.02153,0.00016,0.00096,0.97736
1.12000,1.02194,0.02405,0.00022,0.00140,0.97433
1.26000,1.02194,0.02642,0.00019,0.00159,0.97180
1.40000,1.02194,0.02828,0.00018,0.00179,0.96975
1.54000,1.02194,0.02408,0.00019,0.00142,0.97431
1.68000,1.02194,0.02456,0.00020,0.00147,0.97377
1.82000,1.02194,0.02470,0.00022,0.00151,0.97358
1.96000,1.02194,0.02393,0.00024,0.00134,0.97449
2.10000,1.02194,0.02341,0.00022,0.00120,0.97517
2.24000,1.02194,0.01878,0.00020,0.00084,0.98018
2.38000,1.02194,0.01887,0.00017,0.00076,0.98020
2.52000,1.02194,0.02151,0.00021,0.00102,0.97726
2.66000,1.02194,0.02060,0.00023,0.00097,0.97820
2.80000,1.02194,0.02337,0.00022,0.00121,0.97521
2.94000,1.02194,0.02289,0.00022,0.00116,0.97574
3.08000,1.02194,0.02478,0.00025,0.00149,0.97349
3.22000,1.02194,0.02612,0.00027,0.00158,0.97204
3.36000,1.02194,0.02701,0.00022,0.00163,0.97114
3.50000,1.02194,0.02582,0.00017,0.00132,0.97269
3.64000,1.02194,0.02512,0.00013,0.00113,0.97362
3.78000,1.02194,0.02836,0.00004,0.00060,0.97100
3.92000,1.02194,0.03262,0.00004,0.00036,0.96699
4.06000,1.02194,0.01778,0.00003,0.00010,0.98210
4.20000,1.02194,0.02328,0.00005,0.00016,0.97651
4.34000,1.02194,0.02723,0.00003,0.00015,0.97258
4.48000,1.02194,0.02890,0.00003,0.00016,0.97092
4.62000,1.02194,0.01980,0.00004,0.00012,0.98004
4.76000,1.02194,0.02755,0.00007,0.00028,0.97211
4.90000,1.02194,0.01961,0.00004,0.00017,0.98019
5.04000,1.02194,0.01666,0.00003,0.00011,0.98320
5.18000,1.02194,0.01896,0.00004,0.00011,0.98089
5.32000,1.02194,0.01518,0.00004,0.00008,0.98470
5.46000,1.02194,0.01195,0.00004,0.00006,0.98796
5.60000,1.02194,0.00842,0.00003,0.00004,0.99151
5.74000,1.02194,0.00917,0.00002,0.00003,0.99078
5.88000,1.02194,0.01058,0.00004,0.00007,0.98930
6.02000,1.02194,0.01006,0.00002,0.00006,0.98986
6.16000,1.02194,0.00957,0.00001,0.00005,0.99037
6.30000,1.02194,0.00971,0.00000,0.00001,0.99027
6.44000,1.02194,0.00808,0.00001,0.00002,0.99189
6.58000,1.02194,0.00886,0.00002,0.00004,0.99108
6.72000,1.02194,0.01055,0.00003,0.00005,0.98936
6.86000,1.02194,0.00971,0.00002,0.00004,0.99024
7.00000,1.02194,0.01339,0.00008,0.00019,0.98635
7.14000,1.02194,0.01721,0.00006,0.00024,0.98249
7.28000,1.02194,0.01919,0.00021,0.00074,0.97986
7.42000,1.02194,0.02138,0.00015,0.00102,0.97744
7.56000,1.02194,0.02276,0.00019,0.00115,0.97589
7.70000,1.02194,0.02152,0.00024,0.00103,0.97720
7.84000,1.02194,0.02435,0.00011,0.00084,0.97469
7.98000,1.02194,0.02227,0.00018,0.00069,0.97685
8.12000,1.02194,0.02210,0.00017,0.00078,0.97695
8.26000,1.02194,0.02568,0.00020,0.00100,0.97313
8.40000,1.02194,0.02545,0.00015,0.00085,0.97354
8.54000,1.02194,0.02460,0.00020,0.00096,0.97424
8.68000,1.02194,0.02076,0.00014,0.00062,0.97848
8.82000,1.02194,0.02046,0.00028,0.00093,0.97833
8.96000,1.02194,0.01977,0.00015,0.00073,0.97935
9.10000,1.02194,0.01601,0.00011,0.00041,0.98346
9.24000,1.02194,0.01824,0.00012,0.00047,0.98117
9.38000,1.02194,0.01498,0.00004,0.00013,0.98484
9.52000,1.02194,0.01903,0.00005,0.00023,0.98068
9.66000,1.02194,0.02127,0.00006,0.00036,0.97831
9.80000,1.02194,0.02442,0.00011,0.00069,0.97479
9.94000,1.02194,0.02551,0.00011,0.00056,0.97382
10.08000,1.02194,0.02392,0.00011,0.00049,0.97547
10.22000,1.02194,0.02972,0.00049,0.00203,0.96776
10.36000,1.02194,0.02510,0.00022,0.00095,0.97374
10.50000,1.02194,0.01850,0.00005,0.00019,0.98126
10.64000,1.02194,0.01376,0.00004,0.00006,0.98614
10.78000,1.02194,0.01149,0.00004,0.00005,0.98842
10.92000,1.02194,0.01105,0.00001,0.00002,0.98892
11.06000,1.02194,0.01367,0.00001,0.00002,0.98630
11.20000,1.02194,0.00818,0.00001,0.00000,0.99181
11.34000,1.02194,0.00822,0.00002,0.00001,0.99176
11.48000,1.02194,0.01588,0.00006,0.00006,0.98400
11.62000,1.02194,0.01209,0.00001,0.00001,0.98789
11.76000,1.02194,0.01253,0.00001,0.00001,0.98745
11.90000,1.02194,0.01367,0.00000,0.00000,0.98632
12.04000,1.02194,0.02194,0.00000,0.00000,0.97805
12.18000,1.02194,0.02513,0.00001,0.00001,0.97485
12.32000,1.02194,0.02039,0.00000,0.00001,0.97960
12.46000,1.02194,0.02333,0.00000,0.00001,0.97665
12.60000,1.02194,0.03059,0.00000,0.00001,0.96940
12.74000,1.02194,0.03637,0.00001,0.00003,0.96360
12.88000,1.02194,0.01822,0.00005,0.00013,0.98160
13.02000,1.02194,0.01910,0.00007,0.00014,0.98070
13.16000,1.02194,0.02348,0.00008,0.00019,0.97625
13.30000,1.02194,0.02016,0.00008,0.00019,0.97958
13.44000,1.02194,0.02167,0.00010,0.00024,0.97798
13.58000,1.02194,0.01641,0.00004,0.00006,0.98348
13.72000,1.02194,0.01500,0.00005,0.00010,0.98485
13.86000,1.02194,0.01301,0.00002,0.00008,0.98689
14.00000,1.02194,0.01748,0.00003,0.00011,0.98239
14.14000,1.02194,0.01562,0.00001,0.00005,0.98432
14.28000,1.02194,0.01495,0.00001,0.00005,0.98499
14.42000,1.02194,0.01473,0.00003,0.00006,0.98518
14.56000,1.02194,0.01161,0.00001,0.00005,0.98833
14.70000,1.02194,0.01325,0.00001,0.00006,0.98667
14.84000,1.02194,0.01507,0.00008,0.00026,0.98459
14.98000,1.02194,0.01464,0.00002,0.00015,0.98519
15.12000,1.02194,0.01340,0.00007,0.00019,0.98635
15.26000,1.02194,0.01299,0.00006,0.00017,0.98678
15.40000,1.02194,0.01387,0.00005,0.00014,0.98593
15.54000,1.02194,0.01398,0.00006,0.00016,0.98581
15.68000,1.02194,0.01137,0.00003,0.00010,0.98849
15.82000,1.02194,0.01225,0.00003,0.00013,0.98758
15.96000,1.02194,0.01396,0.00006,0.00021,0.98576
16.10000,1.02194,0.01475,0.00004,0.00020,0.98500
16.24000,1.02194,0.01516,0.00007,0.00018,0.98459
16.38000,1.02194,0.01308,0.00002,0.00010,0.98680
16.52000,1.02194,0.01353,0.00004,0.00011,0.98632
16.66000,1.02194,0.01567,0.00002,0.00011,0.98421
16.80000,1.02194,0.01565,0.00002,0.00006,0.98427
16.94000,1.02194,0.01120,0.00001,0.00003,0.98876
17.08000,1.02194,0.00875,0.00000,0.00001,0.99123
17.22000,1.02194,0.01226,0.00001,0.00004,0.98769
17.36000,1.02194,0.01282,0.00002,0.00003,0.98713
17.50000,1.02194,0.01060,0.00000,0.00001,0.98939
17.64000,1.02194,0.00848,0.00000,0.00001,0.99150
17.78000,1.02194,0.00924,0.00001,0.00002,0.99073
17.92000,1.02194,0.01111,0.00002,0.00003,0.98884
18.06000,1.02194,0.00967,0.00001,0.00002,0.99031
18.20000,1.02194,0.00789,0.00000,0.00000,0.99210
18.34000,1.02194,0.00993,0.00000,0.00000,0.99007
18.48000,1.02194,0.00935,0.00000,0.00000,0.99064
18.62000,1.02194,0.01186,0.00000,0.00000,0.98813
18.76000,1.02194,0.01074,0.00000,0.00000,0.98926
18.90000,1.02194,0.01264,0.00000,0.00000,0.98736
19.04000,1.02194,0.00998,0.00000,0.00000,0.99001
19.18000,1.02194,0.01003,0.00001,0.00001,0.98994
19.32000,1.02194,0.00878,0.00001,0.00002,0.99119
19.46000,1.02194,0.01152,0.00004,0.00007,0.98837
19.60000,1.02194,0.01342,0.00006,0.00013,0.98639
19.74000,1.02194,0.01167,0.00009,0.00020,0.98804
19.88000,1.02194,0.01214,0.00005,0.00017,0.98764
20.02000,1.02194,0.01460,0.00008,0.00028,0.98504
20.16000,1.02194,0.01688,0.00017,0.00061,0.98233
20.30000,1.02194,0.01343,0.00008,0.00029,0.98621
20.44000,1.02194,0.01533,0.00002,0.00013,0.98452
20.58000,1.02194,0.00981,0.00001,0.00003,0.99014
20.72000,1.02194,0.00805,0.00000,0.00000,0.99194
20.86000,1.02194,0.00972,0.00000,0.00001,0.99027
21.00000,1.02194,0.01127,0.00000,0.00000,0.98872
21.14000,1.02194,0.00928,0.00000,0.00000,0.99072
21.28000,1.02194,0.01286,0.00000,0.00000,0.98714
21.42000,1.02194,0.01278,0.00002,0.00001,0.98720
21.56000,1.02194,0.02008,0.00004,0.00001,0.97986
21.70000,1.02194,0.01987,0.00004,0.00001,0.98007
21.84000,1.02194,0.03179,0.00002,0.00002,0.96816
21.98000,1.02194,0.02635,0.00007,0.00004,0.97354
22.12000,1.02194,0.02827,0.00008,0.00005,0.97160
22.26000,1.02194,0.02674,0.00005,0.00003,0.97318
22.40000,1.02194,0.02678,0.00005,0.00003,0.97315
22.54000,1.02194,0.01799,0.00002,0.00003,0.98196
22.68000,1.02194,0.01387,0.00001,0.00002,0.98610
22.82000,1.02194,0.01558,0.00003,0.00002,0.98437
22.96000,1.02194,0.01542,0.00002,0.00003,0.98453
23.10000,1.02194,0.01860,0.00003,0.00006,0.98130
23.24000,1.02194,0.02405,0.00002,0.00004,0.97589
23.38000,1.02194,0.02927,0.00005,0.00010,0.97057
23.52000,1.02194,0.03961,0.00011,0.00043,0.95986
23.66000,1.02194,0.04974,0.00010,0.00065,0.94951
23.80000,1.02194,0.06814,0.00001,0.00001,0.93184
23.94000,1.02194,0.08539,0.00001,0.00002,0.91458
24.08000,1.02194,0.07709,0.00001,0.00003,0.92287
24.22000,1.02194,0.04902,0.00001,0.00007,0.95090
24.36000,1.02194,0.05778,0.00000,0.00001,0.94220
24.50000,1.02194,0.03694,0.00000,0.00000,0.96305
24.64000,1.02194,0.02630,0.00001,0.00001,0.97368
24.78000,1.02194,0.01392,0.00002,0.00004,0.98602
24.92000,1.02194,0.01497,0.00001,0.00002,0.98501
25.06000,1.02194,0.01464,0.00000,0.00001,0.98534
25.20000,1.02194,0.01116,0.00001,0.00001,0.98882
25.34000,1.02194,0.01193,0.00002,0.00002,0.98803
25.48000,1.02194,0.00918,0.00001,0.00003,0.99078
25.62000,1.02194,0.01024,0.00000,0.00001,0.98974
25.76000,1.02194,0.01208,0.00001,0.00005,0.98786
25.90000,1.02194,0.01112,0.00001,0.00002,0.98885
26.04000,1.02194,0.01269,0.00002,0.00002,0.98728
26.18000,1.02194,0.01037,0.00000,0.00000,0.98963
26.32000,1.02194,0.01367,0.00000,0.00000,0.98632
26.46000,1.02194,0.01686,0.00000,0.00000,0.98314
26.60000,1.02194,0.01294,0.00000,0.00000,0.98706
26.74000,1.02194,0.01178,0.00000,0.00000,0.98822
26.88000,1.02194,0.01156,0.00000,0.00000,0.98844
27.02000,1.02194,0.01196,0.00000,0.00000,0.98803
27.16000,1.02194,0.00859,0.00000,0.00000,0.99140
27.30000,1.02194,0.00752,0.00000,0.00000,0.99247
27.44000,1.02194,0.00703,0.00000,0.00000,0.99296
27.58000,1.02194,0.00801,0.00001,0.00000,0.99198
27.72000,1.02194,0.00969,0.00001,0.00000,0.99030
27.86000,1.02194,0.00873,0.00004,0.00000,0.99123
28.00000,1.02194,0.01401,0.00003,0.00002,0.98594
28.14000,1.02194,0.01278,0.00001,0.00001,0.98720
28.28000,1.02194,0.01415,0.00058,0.00027,0.98500
28.42000,1.02194,0.02144,0.00034,0.00061,0.97761
28.56000,1.02194,0.01983,0.00017,0.00065,0.97934
28.70000,1.02194,0.01749,0.00029,0.00076,0.98146
28.84000,1.02194,0.01561,0.00014,0.00056,0.98368
28.98000,1.02194,0.01447,0.00006,0.00024,0.98522
29.12000,1.02194,0.01156,0.00004,0.00016,0.98824
29.26000,1.02194,0.00999,0.00002,0.00009,0.98990
29.40000,1.02194,0.00797,0.00001,0.00002,0.99200
29.54000,1.02194,0.00737,0.00000,0.00002,0.99261
29.68000,1.02194,0.00733,0.00000,0.00001,0.99266
29.82000,1.02194,0.01096,0.00001,0.00004,0.98899
29.96000,1.02194,0.01053,0.00001,0.00005,0.98942
30.10000,1.02194,0.01115,0.00001,0.00007,0.98876
30.24000,1.02194,0.00950,0.00000,0.00000,0.99050
30.38000,1.02194,0.00901,0.00001,0.00001,0.99097
30.52000,1.02194,0.00815,0.00000,0.00000,0.99185
30.66000,1.02194,0.00624,0.00000,0.00000,0.99376
30.80000,1.02194,0.00844,0.00000,0.00000,0.99155
30.94000,1.02194,0.00751,0.00000,0.00000,0.99248
31.08000,1.02194,0.01023,0.00001,0.00001,0.98976
31.22000,1.02194,0.01208,0.00003,0.00011,0.98777
31.36000,1.02194,0.01322,0.00004,0.00016,0.98657
31.50000,1.02194,0.01126,0.00003,0.00011,0.98859
31.64000,1.02194,0.01498,0.00003,0.00017,0.98483
31.78000,1.02194,0.01211,0.00003,0.00013,0.98773
31.92000,1.02194,0.01532,0.00002,0.00009,0.98457
32.06000,1.02193,0.01943,0.00002,0.00007,0.98048
32.20000,1.02194,0.02993,0.00004,0.00017,0.96985
32.34000,1.02194,0.02933,0.00002,0.00008,0.97057
32.48000,1.02194,0.03961,0.00009,0.00038,0.95992
32.62000,1.02194,0.03034,0.00001,0.00005,0.96960
32.76000,1.02194,0.04462,0.00014,0.00029,0.95495
32.90000,1.02193,0.03029,0.00005,0.00010,0.96957
33.04000,1.02194,0.01437,0.00002,0.00003,0.98558
33.18000,1.02194,0.00942,0.00002,0.00001,0.99055
33.32000,1.02194,0.00850,0.00002,0.00001,0.99147
33.46000,1.02194,0.00987,0.00002,0.00002,0.99009
33.60000,1.02194,0.01192,0.00001,0.00001,0.98806
33.74000,1.02193,0.00941,0.00001,0.00001,0.99057
33.88000,1.02194,0.01369,0.00006,0.00008,0.98617
34.02000,1.02194,0.01625,0.00006,0.00025,0.98345
34.16000,1.02194,0.02217,0.00003,0.00018,0.97762
34.30000,1.02194,0.02079,0.00001,0.00004,0.97916
34.44000,1.02194,0.02162,0.00000,0.00002,0.97835
34.58000,1.02193,0.01943,0.00001,0.00005,0.98051
34.72000,1.02193,0.01874,0.00001,0.00004,0.98121
34.86000,1.02194,0.01379,0.00001,0.00002,0.98618
35.00000,1.02194,0.01296,0.00001,0.00001,0.98702
35.14000,1.02194,0.01270,0.00000,0.00001,0.98729
35.28000,1.02194,0.01247,0.00001,0.00002,0.98750
35.42000,1.02194,0.01091,0.00000,0.00001,0.98908
35.56000,1.02193,0.00932,0.00000,0.00000,0.99067
35.70000,1.02194,0.00918,0.00000,0.00001,0.99081
35.84000,1.02194,0.01413,0.00000,0.00000,0.98587
35.98000,1.02194,0.00970,0.00000,0.00000,0.99029
36.12000,1.02194,0.01064,0.00001,0.00001,0.98933
36.26000,1.02194,0.01091,0.00001,0.00001,0.98907
36.40000,1.02193,0.01504,0.00004,0.00007,0.98485
36.54000,1.02194,0.01715,0.00002,0.00008,0.98275
36.68000,1.02194,0.01972,0.00007,0.00022,0.97998
36.82000,1.02194,0.01020,0.00003,0.00004,0.98974
36.96000,1.02194,0.00936,0.00001,0.00002,0.99061
37.10000,1.02194,0.00917,0.00003,0.00003,0.99076
37.24000,1.02193,0.01114,0.00004,0.00004,0.98877
37.38000,1.02194,0.01488,0.00011,0.00009,0.98493
37.52000,1.02194,0.00892,0.00003,0.00003,0.99103
37.66000,1.02194,0.00900,0.00013,0.00010,0.99077
37.80000,1.02194,0.00943,0.00005,0.00013,0.99040
37.94000,1.02194,0.00761,0.00002,0.00006,0.99231
38.08000,1.02193,0.00653,0.00000,0.00002,0.99345
38.22000,1.02193,0.00731,0.00001,0.00002,0.99267
38.36000,1.02194,0.01196,0.00001,0.00004,0.98799
38.50000,1.02194,0.01204,0.00001,0.00002,0.98793
38.64000,1.02194,0.01367,0.00000,0.00001,0.98631
38.78000,1.02194,0.02766,0.00004,0.00010,0.97219
38.92000,1.02194,0.04105,0.00003,0.00007,0.95886
39.06000,1.02193,0.04387,0.00051,0.00033,0.95529
39.20000,1.02194,0.04422,0.00018,0.00041,0.95519
39.34000,1.02194,0.06549,0.00015,0.00033,0.93404
39.48000,1.02194,0.07850,0.00004,0.00012,0.92134
39.62000,1.02194,0.08495,0.00012,0.00020,0.91473
39.76000,1.02194,0.05157,0.00006,0.00010,0.94827
39.90000,1.02193,0.04920,0.00010,0.00008,0.95062
40.04000,1.02194,0.04177,0.00009,0.00006,0.95808
40.18000,1.02194,0.02446,0.00003,0.00003,0.97548
40.32000,1.02194,0.01315,0.00002,0.00001,0.98683
40.46000,1.02194,0.00944,0.00009,0.00005,0.99042
40.60000,1.02194,0.00741,0.00005,0.00001,0.99253
40.74000,1.02193,0.01228,0.00003,0.00002,0.98766
40.88000,1.02194,0.01148,0.00003,0.00002,0.98847
41.02000,1.02194,0.01760,0.00005,0.00004,0.98231
41.16000,1.02194,0.01022,0.00029,0.00004,0.98946
41.30000,1.02194,0.01354,0.00051,0.00006,0.98589
41.44000,1.02194,0.01493,0.00040,0.00005,0.98463
41.58000,1.02193,0.01191,0.00010,0.00002,0.98797
41.72000,1.02193,0.00908,0.00020,0.00001,0.99071
41.86000,1.02194,0.01214,0.00006,0.00002,0.98778
42.00000,1.02194,0.01042,0.00005,0.00002,0.98951
42.14000,1.02194,0.01741,0.00006,0.00008,0.98245
42.28000,1.02194,0.01044,0.00010,0.00006,0.98939
42.42000,1.02194,0.01442,0.00007,0.00010,0.98541
42.56000,1.02193,0.01399,0.00027,0.00053,0.98521
42.70000,1.02194,0.01859,0.00038,0.00097,0.98006
42.84000,1.02194,0.02009,0.00032,0.00110,0.97849
42.98000,1.02194,0.03892,0.00037,0.00114,0.95957
43.12000,1.02194,0.04180,0.00024,0.00135,0.95661
43.26000,1.02194,0.04311,0.00049,0.00148,0.95493
43.40000,1.02193,0.04722,0.00036,0.00091,0.95152
43.54000,1.02194,0.06001,0.00017,0.00047,0.93935
43.68000,1.02194,0.06161,0.00046,0.00047,0.93745
43.82000,1.02194,0.02787,0.00021,0.00012,0.97180
43.96000,1.02194,0.03462,0.00020,0.00031,0.96488
44.10000,1.02194,0.01793,0.00006,0.00008,0.98193
44.24000,1.02193,0.01936,0.00011,0.00016,0.98038
44.38000,1.02194,0.02503,0.00018,0.00036,0.97443
44.52000,1.02194,0.01767,0.00014,0.00046,0.98173
44.66000,1.02194,0.02201,0.00008,0.00106,0.97684
44.80000,1.02194,0.02367,0.00014,0.00115,0.97504
44.94000,1.02194,0.02461,0.00009,0.00093,0.97437
45.08000,1.02193,0.02679,0.00009,0.00130,0.97182
45.22000,1.02193,0.02560,0.00007,0.00102,0.97331
45.36000,1.02194,0.02329,0.00010,0.00071,0.97590
45.50000,1.02194,0.02365,0.00009,0.00048,0.97578
45.64000,1.02194,0.02385,0.00019,0.00050,0.97547
45.78000,1.02194,0.02224,0.00015,0.00061,0.97700
45.92000,1.02194,0.02153,0.00012,0.00062,0.97773
46.06000,1.02193,0.02433,0.00011,0.00059,0.97496
46.20000,1.02194,0.02803,0.00029,0.00083,0.97085
46.34000,1.02194,0.02362,0.00003,0.00024,0.97611
46.48000,1.02194,0.01791,0.00005,0.00009,0.98195
46.62000,1.02194,0.01813,0.00006,0.00011,0.98171
46.76000,1.02194,0.01884,0.00008,0.00015,0.98092
46.90000,1.02193,0.01714,0.00010,0.00014,0.98263
47.04000,1.02194,0.01323,0.00013,0.00009,0.98655
47.18000,1.02194,0.01599,0.00012,0.00015,0.98374
47.32000,1.02194,0.01470,0.00025,0.00041,0.98464
47.46000,1.02194,0.01323,0.00012,0.00036,0.98629
47.60000,1.02194,0.01387,0.00008,0.00036,0.98569
47.74000,1.02193,0.01297,0.00007,0.00025,0.98670
47.88000,1.02194,0.01066,0.00003,0.00013,0.98919
48.02000,1.02194,0.01172,0.00004,0.00014,0.98810
48.16000,1.02194,0.00893,0.00001,0.00005,0.99101
48.30000,1.02194,0.01065,0.00002,0.00006,0.98927
48.44000,1.02194,0.01515,0.00003,0.00010,0.98472
48.58000,1.02193,0.01459,0.00004,0.00008,0.98528
48.72000,1.02193,0.01449,0.00001,0.00004,0.98546
48.86000,1.02194,0.02677,0.00005,0.00017,0.97301
49.00000,1.02194,0.03039,0.00007,0.00029,0.96926
49.14000,1.02194,0.03303,0.00021,0.00089,0.96587
49.28000,1.02194,0.02063,0.00012,0.00030,0.97894
49.42000,1.02194,0.02392,0.00009,0.00047,0.97553
49.56000,1.02193,0.02022,0.00011,0.00051,0.97916
49.70000,1.02194,0.02218,0.00024,0.00086,0.97672
49.84000,1.02194,0.01631,0.00019,0.00060,0.98290
49.98000,1.02194,0.01036,0.00006,0.00010,0.98948
50.12000,1.02194,0.00917,0.00005,0.00006,0.99071
50.26000,1.02194,0.01156,0.00004,0.00011,0.98829
50.40000,1.02193,0.00921,0.00000,0.00001,0.99079
50.54000,1.02194,0.00562,0.00000,0.00000,0.99438
50.68000,1.02194,0.00751,0.00000,0.00000,0.99248
50.82000,1.02194,0.01113,0.00000,0.00001,0.98885
50.96000,1.02194,0.01079,0.00000,0.00000,0.98920
51.10000,1.02194,0.01201,0.00000,0.00001,0.98798
51.24000,1.02193,0.01324,0.00000,0.00001,0.98675
51.38000,1.02194,0.02486,0.00006,0.00020,0.97488
51.52000,1.02194,0.02409,0.00007,0.00026,0.97558
51.66000,1.02194,0.02198,0.00002,0.00013,0.97787
51.80000,1.02194,0.02343,0.00003,0.00014,0.97641
51.94000,1.02194,0.02326,0.00007,0.00018,0.97649
52.08000,1.02193,0.01884,0.00001,0.00003,0.98111
52.22000,1.02193,0.02341,0.00002,0.00006,0.97651
52.36000,1.02194,0.01415,0.00001,0.00002,0.98582
52.50000,1.02194,0.01550,0.00000,0.00000,0.98449
52.64000,1.02194,0.01748,0.00001,0.00001,0.98250
52.78000,1.02194,0.01878,0.00001,0.00001,0.98120
52.92000,1.02194,0.01563,0.00001,0.00001,0.98435
53.06000,1.02193,0.02294,0.00000,0.00001,0.97704
53.20000,1.02194,0.02129,0.00001,0.00003,0.97867
53.34000,1.02194,0.02096,0.00001,0.00003,0.97899
53.48000,1.02194,0.01846,0.00002,0.00003,0.98150
53.62000,1.02194,0.02346,0.00006,0.00007,0.97642
53.76000,1.02194,0.01764,0.00011,0.00012,0.98213
53.90000,1.02193,0.02307,0.00026,0.00027,0.97639
54.04000,1.02194,0.01722,0.00014,0.00010,0.98254
54.18000,1.02194,0.02295,0.00012,0.00018,0.97674
54.32000,1.02194,0.01717,0.00005,0.00012,0.98266
54.46000,1.02194,0.02139,0.00022,0.00044,0.97796
54.60000,1.02194,0.01554,0.00006,0.00018,0.98423
54.74000,1.02193,0.01518,0.00006,0.00022,0.98454
54.88000,1.02194,0.01629,0.00002,0.00014,0.98356
55.02000,1.02194,0.01402,0.00005,0.00017,0.98576
55.16000,1.02194,0.01529,0.00002,0.00015,0.98453
55.30000,1.02194,0.01654,0.00004,0.00015,0.98326
55.44000,1.02194,0.01242,0.00002,0.00006,0.98750
55.58000,1.02193,0.01633,0.00003,0.00014,0.98351
55.72000,1.02193,0.02327,0.00002,0.00029,0.97641
55.86000,1.02194,0.02397,0.00004,0.00041,0.97559
56.00000,1.02194,0.02980,0.00003,0.00060,0.96957
56.14000,1.02194,0.03476,0.00006,0.00125,0.96393
56.28000,1.02194,0.03944,0.00004,0.00105,0.95947
56.42000,1.02194,0.04783,0.00010,0.00157,0.95050
56.56000,1.02193,0.03169,0.00004,0.00018,0.96809
56.70000,1.02194,0.02360,0.00004,0.00010,0.97626
56.84000,1.02194,0.02149,0.00003,0.00009,0.97839
56.98000,1.02194,0.01995,0.00002,0.00005,0.97997
57.12000,1.02194,0.02169,0.00001,0.00001,0.97829
57.26000,1.02194,0.02272,0.00001,0.00001,0.97727
57.40000,1.02193,0.02128,0.00004,0.00003,0.97865
57.54000,1.02194,0.01930,0.00002,0.00005,0.98063
57.68000,1.02194,0.02590,0.00004,0.00010,0.97395
57.82000,1.02194,0.02573,0.00008,0.00017,0.97401
57.96000,1.02194,0.03249,0.00016,0.00042,0.96693
58.10000,1.02194,0.01836,0.00016,0.00068,0.98080
58.24000,1.02193,0.02069,0.00021,0.00095,0.97814
58.38000,1.02194,0.02504,0.00018,0.00120,0.97358
58.52000,1.02194,0.02358,0.00016,0.00097,0.97528
58.66000,1.02194,0.02169,0.00017,0.00095,0.97720
58.80000,1.02194,0.02577,0.00021,0.00181,0.97221
58.94000,1.02194,0.02708,0.00022,0.00158,0.97113
59.08000,1.02193,0.02753,0.00027,0.00193,0.97027
59.22000,1.02193,0.02118,0.00012,0.00095,0.97775
59.36000,1.02194,0.01695,0.00014,0.00063,0.98228
59.50000,1.02194,0.01894,0.00014,0.00070,0.98022
59.64000,1.02194,0.02090,0.00014,0.00089,0.97807
59.78000,1.02194,0.02019,0.00020,0.00091,0.97870
59.92000,1.02194,0.02076,0.00022,0.00101,0.97802
60.06000,1.02193,0.02388,0.00023,0.00125,0.97465
60.20000,1.02194,0.02792,0.00036,0.00200,0.96972
60.34000,1.02194,0.03280,0.00060,0.00294,0.96366
60.48000,1.02194,0.02666,0.00023,0.00091,0.97221
60.62000,1.02194,0.01948,0.00031,0.00074,0.97947
60.76000,1.02194,0.01975,0.00033,0.00071,0.97921
60.90000,1.02193,0.02508,0.00035,0.00092,0.97365
61.04000,1.02194,0.02251,0.00017,0.00051,0.97681
61.18000,1.02194,0.01596,0.00015,0.00041,0.98348
61.32000,1.02194,0.01915,0.00038,0.00068,0.97978
61.46000,1.02194,0.02181,0.00019,0.00087,0.97713
61.60000,1.02194,0.01941,0.00002,0.00015,0.98042
61.74000,1.02193,0.01426,0.00001,0.00005,0.98568
61.88000,1.02194,0.01217,0.00002,0.00005,0.98775
62.02000,1.02194,0.01323,0.00003,0.00007,0.98667
62.16000,1.02194,0.01178,0.00001,0.00003,0.98818
62.30000,1.02194,0.01513,0.00001,0.00004,0.98483
62.44000,1.02194,0.01276,0.00001,0.00003,0.98720
62.58000,1.02193,0.01817,0.00008,0.00031,0.98144
62.72000,1.02193,0.01963,0.00007,0.00054,0.97977
62.86000,1.02194,0.02237,0.00010,0.00066,0.97687
63.00000,1.02193,0.02053,0.00005,0.00031,0.97911
63.14000,1.02193,0.02427,0.00019,0.00067,0.97487
63.28000,1.02194,0.01742,0.00010,0.00023,0.98224
63.42000,1.02194,0.01667,0.00011,0.00032,0.98290
63.56000,1.02194,0.01849,0.00010,0.00043,0.98098
63.70000,1.02194,0.01811,0.00016,0.00045,0.98128
63.84000,1.02194,0.02141,0.00011,0.00041,0.97808
63.98000,1.02194,0.01950,0.00016,0.00080,0.97954
64.12000,1.02193,0.02219,0.00025,0.00082,0.97673
64.26000,1.02193,0.02097,0.00017,0.00080,0.97806
64.40000,1.02193,0.01862,0.00009,0.00054,0.98075
64.54000,1.02193,0.01452,0.00007,0.00033,0.98508
64.68000,1.02193,0.01373,0.00007,0.00032,0.98588
64.82000,1.02193,0.01295,0.00005,0.00023,0.98677
64.96000,1.02194,0.01056,0.00006,0.00018,0.98920
65.10000,1.02194,0.01027,0.00005,0.00017,0.98951
65.24000,1.02194,0.01130,0.00005,0.00021,0.98844
65.38000,1.02194,0.01252,0.00001,0.00002,0.98745
65.52000,1.02194,0.01092,0.00001,0.00001,0.98906
65.66000,1.02193,0.01115,0.00000,0.00000,0.98884
65.80000,1.02193,0.00980,0.00000,0.00000,0.99019
65.94000,1.02193,0.00919,0.00000,0.00000,0.99081
66.08000,1.02193,0.00983,0.00000,0.00000,0.99016
66.22000,1.02193,0.00940,0.00000,0.00000,0.99059
66.36000,1.02193,0.00954,0.00002,0.00005,0.99038
66.50000,1.02193,0.00784,0.00000,0.00001,0.99215
66.64000,1.02193,0.02284,0.00004,0.00004,0.97709
66.78000,1.02194,0.04273,0.00002,0.00003,0.95722
66.92000,1.02194,0.07676,0.00005,0.00019,0.92300
67.06000,1.02194,0.04496,0.00009,0.00009,0.95486
67.20000,1.02194,0.09631,0.00012,0.00018,0.90338
67.34000,1.02194,0.11429,0.00022,0.00013,0.88536
67.48000,1.02193,0.09848,0.00092,0.00111,0.89948
67.62000,1.02193,0.05462,0.00008,0.00017,0.94514
67.76000,1.02193,0.04477,0.00002,0.00004,0.95516
67.90000,1.02193,0.03179,0.00010,0.00008,0.96803
68.04000,1.02193,0.07200,0.00008,0.00019,0.92773
68.18000,1.02193,0.03180,0.00007,0.00006,0.96808
68.32000,1.02193,0.02301,0.00001,0.00001,0.97698
68.46000,1.02194,0.02435,0.00001,0.00001,0.97564
68.60000,1.02194,0.02305,0.00007,0.00005,0.97684
68.74000,1.02194,0.03033,0.00008,0.00012,0.96946
68.88000,1.02194,0.03202,0.00021,0.00013,0.96765
69.02000,1.02194,0.02011,0.00006,0.00006,0.97977
69.16000,1.02193,0.02471,0.00001,0.00005,0.97522
69.30000,1.02193,0.03121,0.00002,0.00009,0.96868
69.44000,1.02193,0.01902,0.00004,0.00012,0.98082
69.58000,1.02193,0.02367,0.00004,0.00015,0.97614
69.72000,1.02193,0.01558,0.00003,0.00008,0.98432
69.86000,1.02193,0.02484,0.00003,0.00012,0.97502
70.00000,1.02193,0.02155,0.00016,0.00045,0.97784
70.14000,1.02193,0.01760,0.00009,0.00049,0.98182
70.28000,1.02194,0.01663,0.00005,0.00034,0.98297
70.42000,1.02194,0.01331,0.00003,0.00009,0.98656
70.56000,1.02194,0.01334,0.00000,0.00001,0.98665
70.70000,1.02194,0.00698,0.00001,0.00000,0.99301
70.84000,1.02194,0.00811,0.00001,0.00000,0.99188
70.98000,1.02193,0.00954,0.00001,0.00001,0.99045
71.12000,1.02193,0.01199,0.00001,0.00001,0.98799
71.26000,1.02193,0.01767,0.00000,0.00000,0.98233
71.40000,1.02193,0.06372,0.00000,0.00000,0.93628
71.54000,1.02193,0.11309,0.00001,0.00000,0.88690
71.68000,1.02193,0.15976,0.00001,0.00002,0.84021
71.82000,1.02193,0.10584,0.00001,0.00003,0.89412
71.96000,1.02194,0.10671,0.00001,0.00002,0.89326
72.10000,1.02194,0.12145,0.00002,0.00002,0.87852
72.24000,1.02194,0.02039,0.00050,0.00061,0.97850
72.38000,1.02194,0.01736,0.00015,0.00045,0.98204
72.52000,1.02194,0.01291,0.00009,0.00023,0.98677
72.66000,1.02193,0.01336,0.00008,0.00022,0.98634
72.80000,1.02193,0.01509,0.00006,0.00015,0.98470
72.94000,1.02193,0.01444,0.00004,0.00012,0.98540
73.08000,1.02193,0.02139,0.00001,0.00002,0.97858
73.22000,1.02193,0.03381,0.00002,0.00005,0.96613
73.36000,1.02193,0.03659,0.00001,0.00003,0.96337
73.50000,1.02193,0.06030,0.00002,0.00007,0.93961
73.64000,1.02193,0.07725,0.00006,0.00022,0.92247
73.78000,1.02194,0.06757,0.00002,0.00029,0.93211
73.92000,1.02194,0.06046,0.00007,0.00034,0.93912
74.06000,1.02194,0.02393,0.00009,0.00072,0.97526
74.20000,1.02194,0.02397,0.00006,0.00068,0.97530
74.34000,1.02194,0.02651,0.00011,0.00105,0.97233
74.48000,1.02193,0.02044,0.00007,0.00029,0.97921
74.62000,1.02193,0.02126,0.00006,0.00037,0.97831
74.76000,1.02193,0.05123,0.00012,0.00146,0.94719
74.90000,1.02193,0.05253,0.00008,0.00155,0.94584
75.04000,1.02193,0.04965,0.00011,0.00063,0.94962
75.18000,1.02193,0.04995,0.00025,0.00174,0.94806
75.32000,1.02193,0.04701,0.00027,0.00133,0.95140
75.46000,1.02194,0.06142,0.00034,0.00310,0.93514
75.60000,1.02194,0.03624,0.00026,0.00087,0.96262
75.74000,1.02194,0.02225,0.00014,0.00039,0.97722
75.88000,1.02194,0.02023,0.00027,0.00073,0.97877
76.02000,1.02194,0.02193,0.00018,0.00077,0.97712
76.16000,1.02193,0.02110,0.00013,0.00058,0.97820
76.30000,1.02193,0.01726,0.00008,0.00043,0.98223
76.44000,1.02193,0.01481,0.00007,0.00024,0.98488
76.58000,1.02193,0.01857,0.00006,0.00039,0.98098
76.72000,1.02193,0.02059,0.00005,0.00036,0.97900
76.86000,1.02193,0.01648,0.00004,0.00014,0.98335
77.00000,1.02193,0.01674,0.00011,0.00035,0.98280
77.14000,1.02193,0.01514,0.00005,0.00014,0.98467
77.28000,1.02194,0.01942,0.00006,0.00027,0.98026
77.42000,1.02194,0.01683,0.00009,0.00028,0.98280
77.56000,1.02194,0.01514,0.00010,0.00029,0.98447
77.70000,1.02194,0.01631,0.00010,0.00037,0.98322
77.84000,1.02194,0.01527,0.00007,0.00027,0.98438
77.98000,1.02193,0.01792,0.00008,0.00031,0.98169
78.12000,1.02193,0.01451,0.00007,0.00027,0.98516
78.26000,1.02193,0.01473,0.00006,0.00030,0.98491
78.40000,1.02193,0.02073,0.00004,0.00034,0.97889
78.54000,1.02193,0.01913,0.00003,0.00021,0.98063
78.68000,1.02193,0.01642,0.00004,0.00019,0.98334
78.82000,1.02193,0.01984,0.00005,0.00035,0.97976
78.96000,1.02194,0.03017,0.00005,0.00025,0.96953
79.10000,1.02194,0.03745,0.00006,0.00038,0.96211
79.24000,1.02194,0.03470,0.00010,0.00029,0.96492
79.38000,1.02194,0.03642,0.00011,0.00031,0.96315
79.52000,1.02194,0.05760,0.00027,0.00090,0.94124
79.66000,1.02193,0.05065,0.00012,0.00080,0.94842
79.80000,1.02193,0.04587,0.00027,0.00050,0.95335
79.94000,1.02193,0.03201,0.00006,0.00030,0.96763
80.08000,1.02193,0.02578,0.00006,0.00024,0.97392
80.22000,1.02193,0.03065,0.00008,0.00035,0.96891
80.36000,1.02193,0.02351,0.00007,0.00021,0.97621
80.50000,1.02193,0.02146,0.00004,0.00010,0.97840
80.64000,1.02193,0.01913,0.00006,0.00013,0.98068
80.78000,1.02194,0.02778,0.00016,0.00018,0.97187
80.92000,1.02194,0.01310,0.00001,0.00001,0.98689
81.06000,1.02194,0.00950,0.00001,0.00000,0.99049
81.20000,1.02194,0.00924,0.00001,0.00000,0.99075
81.34000,1.02194,0.00880,0.00001,0.00001,0.99119
81.48000,1.02193,0.01047,0.00001,0.00001,0.98951
81.62000,1.02193,0.01001,0.00000,0.00000,0.98998
81.76000,1.02193,0.00980,0.00003,0.00002,0.99015
81.90000,1.02193,0.01299,0.00001,0.00004,0.98696
82.04000,1.02193,0.01507,0.00003,0.00007,0.98484
82.18000,1.02193,0.01768,0.00002,0.00011,0.98219
82.32000,1.02193,0.01635,0.00002,0.00007,0.98355
82.46000,1.02194,0.01501,0.00003,0.00008,0.98488
82.60000,1.02194,0.01528,0.00002,0.00010,0.98460
82.74000,1.02194,0.01769,0.00006,0.00027,0.98199
82.88000,1.02194,0.01827,0.00011,0.00037,0.98124
83.02000,1.02194,0.01693,0.00003,0.00019,0.98285
83.16000,1.02193,0.01563,0.00008,0.00018,0.98412
83.30000,1.02193,0.01551,0.00007,0.00019,0.98423
83.44000,1.02193,0.01575,0.00015,0.00037,0.98373
83.58000,1.02193,0.01900,0.00013,0.00042,0.98046
83.72000,1.02193,0.01807,0.00022,0.00039,0.98132
83.86000,1.02193,0.02000,0.00017,0.00042,0.97940
84.00000,1.02193,0.01735,0.00016,0.00048,0.98201
84.14000,1.02193,0.01617,0.00007,0.00030,0.98345
84.28000,1.02194,0.01395,0.00003,0.00010,0.98592
84.42000,1.02194,0.01628,0.00004,0.00017,0.98351
84.56000,1.02194,0.01193,0.00004,0.00010,0.98793
84.70000,1.02194,0.01345,0.00002,0.00005,0.98648
84.84000,1.02194,0.01305,0.00001,0.00004,0.98689
84.98000,1.02193,0.01371,0.00002,0.00007,0.98621
85.12000,1.02193,0.01349,0.00002,0.00005,0.98645
85.26000,1.02193,0.01676,0.00003,0.00011,0.98310
85.40000,1.02193,0.01411,0.00002,0.00009,0.98578
85.54000,1.02193,0.01722,0.00002,0.00012,0.98265
85.68000,1.02193,0.01524,0.00003,0.00012,0.98462
85.82000,1.02193,0.01495,0.00003,0.00013,0.98490
85.96000,1.02194,0.01378,0.00007,0.00021,0.98594
86.10000,1.02194,0.01334,0.00014,0.00023,0.98628
86.24000,1.02194,0.01286,0.00006,0.00020,0.98688
86.38000,1.02194,0.01276,0.00005,0.00019,0.98700
86.52000,1.02194,0.01489,0.00007,0.00034,0.98470
86.66000,1.02193,0.01530,0.00007,0.00037,0.98426
86.80000,1.02193,0.01323,0.00005,0.00016,0.98655
86.94000,1.02193,0.01477,0.00006,0.00017,0.98500
87.08000,1.02193,0.01606,0.00004,0.00024,0.98366
87.22000,1.02193,0.01967,0.00007,0.00039,0.97987
87.36000,1.02193,0.01471,0.00005,0.00019,0.98505
87.50000,1.02193,0.01184,0.00002,0.00006,0.98808
87.64000,1.02193,0.01275,0.00008,0.00018,0.98699
87.78000,1.02194,0.01466,0.00004,0.00018,0.98512
87.92000,1.02194,0.01569,0.00002,0.00007,0.98422
88.06000,1.02194,0.01697,0.00002,0.00002,0.98299
88.20000,1.02194,0.03047,0.00005,0.00014,0.96934
88.34000,1.02194,0.02499,0.00005,0.00018,0.97478
88.48000,1.02193,0.03401,0.00005,0.00022,0.96572
88.62000,1.02193,0.04035,0.00006,0.00025,0.95935
88.76000,1.02193,0.03862,0.00010,0.00043,0.96084
88.90000,1.02193,0.02212,0.00013,0.00033,0.97742
89.04000,1.02193,0.02469,0.00032,0.00058,0.97441
89.18000,1.02193,0.01427,0.00008,0.00010,0.98555
89.32000,1.02193,0.01397,0.00025,0.00009,0.98569
89.46000,1.02194,0.00739,0.00002,0.00000,0.99259
89.60000,1.02194,0.00839,0.00004,0.00001,0.99156
89.74000,1.02194,0.00652,0.00009,0.00001,0.99338
89.88000,1.02194,0.00806,0.00006,0.00001,0.99187
90.02000,1.02194,0.01252,0.00002,0.00001,0.98746
90.16000,1.02193,0.01442,0.00003,0.00001,0.98553
90.30000,1.02193,0.01372,0.00001,0.00001,0.98626
90.44000,1.02193,0.01434,0.00003,0.00002,0.98560
90.58000,1.02193,0.01771,0.00001,0.00003,0.98226
90.72000,1.02193,0.01283,0.00001,0.00002,0.98714
90.86000,1.02193,0.01069,0.00001,0.00001,0.98929
91.00000,1.02193,0.01123,0.00001,0.00002,0.98874
91.14000,1.02193,0.01858,0.00000,0.00001,0.98141
91.28000,1.02194,0.03103,0.00001,0.00002,0.96894
91.42000,1.02194,0.02803,0.00001,0.00001,0.97195
91.56000,1.02194,0.02466,0.00001,0.00000,0.97533
91.70000,1.02194,0.03011,0.00002,0.00001,0.96986
91.84000,1.02194,0.03121,0.00001,0.00001,0.96877
91.98000,1.02193,0.02204,0.00001,0.00001,0.97793
92.12000,1.02193,0.01836,0.00007,0.00004,0.98152
92.26000,1.02193,0.02131,0.00005,0.00009,0.97855
92.40000,1.02193,0.01806,0.00006,0.00019,0.98169
92.54000,1.02193,0.02033,0.00005,0.00020,0.97943
92.68000,1.02193,0.02688,0.00009,0.00042,0.97260
92.82000,1.02193,0.03110,0.00008,0.00032,0.96850
92.96000,1.02194,0.03862,0.00011,0.00058,0.96069
93.10000,1.02194,0.03054,0.00005,0.00027,0.96914
93.24000,1.02194,0.02790,0.00006,0.00022,0.97183
93.38000,1.02194,0.02473,0.00006,0.00017,0.97504
93.52000,1.02194,0.07042,0.00001,0.00005,0.92952
93.66000,1.02193,0.09903,0.00003,0.00008,0.90086
93.80000,1.02193,0.05303,0.00002,0.00007,0.94688
93.94000,1.02193,0.09496,0.00003,0.00025,0.90475
94.08000,1.02193,0.09772,0.00006,0.00018,0.90205
94.22000,1.02193,0.13053,0.00006,0.00033,0.86908
94.36000,1.02193,0.09413,0.00023,0.00096,0.90468
94.50000,1.02193,0.02535,0.00034,0.00164,0.97267
94.64000,1.02193,0.02889,0.00019,0.00127,0.96966
94.78000,1.02194,0.02416,0.00024,0.00094,0.97466
94.92000,1.02194,0.01510,0.00007,0.00009,0.98474
95.06000,1.02194,0.01780,0.00006,0.00018,0.98197
95.20000,1.02194,0.01961,0.00004,0.00014,0.98020
95.34000,1.02194,0.01569,0.00004,0.00004,0.98423
95.48000,1.02193,0.01923,0.00003,0.00005,0.98069
95.62000,1.02193,0.01823,0.00003,0.00004,0.98171
95.76000,1.02193,0.01849,0.00006,0.00005,0.98140
95.90000,1.02193,0.01463,0.00002,0.00002,0.98533
96.04000,1.02193,0.00931,0.00002,0.00001,0.99066
96.18000,1.02193,0.00945,0.00004,0.00002,0.99050
96.32000,1.02193,0.01434,0.00001,0.00001,0.98565
96.46000,1.02194,0.02065,0.00003,0.00004,0.97928
96.60000,1.02194,0.02055,0.00001,0.00002,0.97942
96.74000,1.02194,0.02582,0.00002,0.00004,0.97411
96.88000,1.02194,0.03116,0.00002,0.00011,0.96872
97.02000,1.02194,0.07645,0.00005,0.00059,0.92292
97.16000,1.02193,0.10163,0.00008,0.00056,0.89773
97.30000,1.02193,0.05734,0.00014,0.00129,0.94123
97.44000,1.02193,0.04980,0.00012,0.00164,0.94844
97.58000,1.02193,0.05042,0.00010,0.00128,0.94820
97.72000,1.02193,0.05355,0.00006,0.00089,0.94550
97.86000,1.02193,0.03845,0.00003,0.00013,0.96140
98.00000,1.02193,0.01895,0.00001,0.00001,0.98103
98.14000,1.02193,0.01704,0.00001,0.00001,0.98294
98.28000,1.02194,0.01491,0.00000,0.00000,0.98509
98.42000,1.02194,0.01797,0.00000,0.00000,0.98202
98.56000,1.02194,0.01698,0.00000,0.00000,0.98302
98.70000,1.02194,0.01706,0.00000,0.00000,0.98293
98.84000,1.02194,0.00932,0.00000,0.00000,0.99068
98.98000,1.02193,0.01419,0.00000,0.00000,0.98581
99.12000,1.02193,0.01872,0.00000,0.00000,0.98127
99.26000,1.02193,0.01510,0.00001,0.00001,0.98488
99.40000,1.02193,0.01903,0.00003,0.00004,0.98091
99.54000,1.02193,0.01616,0.00001,0.00002,0.98381
99.68000,1.02193,0.01610,0.00002,0.00005,0.98382
99.82000,1.02193,0.01446,0.00007,0.00018,0.98529
99.96000,1.02194,0.01600,0.00005,0.00022,0.98373
100.10000,1.02194,0.01192,0.00003,0.00012,0.98794
100.24000,1.02194,0.01417,0.00002,0.00012,0.98569
100.38000,1.02194,0.01515,0.00005,0.00017,0.98463
100.52000,1.02194,0.01546,0.00003,0.00014,0.98437
100.66000,1.02193,0.01965,0.00006,0.00020,0.98010
100.80000,1.02193,0.02284,0.00004,0.00018,0.97694
100.94000,1.02193,0.03427,0.00011,0.00104,0.96458
101.08000,1.02193,0.03329,0.00012,0.00096,0.96563
101.22000,1.02193,0.02578,0.00005,0.00044,0.97372
101.36000,1.02193,0.03342,0.00009,0.00065,0.96585
101.50000,1.02193,0.03185,0.00019,0.00133,0.96664
101.64000,1.02193,0.03353,0.00022,0.00198,0.96428
101.78000,1.02194,0.03155,0.00011,0.00090,0.96745
101.92000,1.02194,0.03639,0.00007,0.00082,0.96272
102.06000,1.02194,0.03958,0.00010,0.00104,0.95928
102.20000,1.02194,0.03873,0.00021,0.00245,0.95861
102.34000,1.02194,0.04502,0.00016,0.00242,0.95240
102.48000,1.02193,0.05016,0.00010,0.00188,0.94786
102.62000,1.02193,0.05012,0.00031,0.00528,0.94429
102.76000,1.02193,0.03785,0.00019,0.00313,0.95884
102.90000,1.02193,0.04013,0.00024,0.00320,0.95643
103.04000,1.02193,0.03807,0.00016,0.00350,0.95827
103.18000,1.02193,0.03615,0.00012,0.00193,0.96180
103.32000,1.02193,0.05589,0.00051,0.00290,0.94070
103.46000,1.02194,0.06143,0.00043,0.00353,0.93461
103.60000,1.02194,0.05508,0.00010,0.00121,0.94361
103.74000,1.02194,0.03803,0.00011,0.00030,0.96156
103.88000,1.02194,0.03535,0.00007,0.00018,0.96440
104.02000,1.02194,0.03641,0.00004,0.00004,0.96351
104.16000,1.02193,0.03310,0.00006,0.00004,0.96681
104.30000,1.02193,0.02244,0.00002,0.00005,0.97750
104.44000,1.02193,0.01533,0.00003,0.00003,0.98461
104.58000,1.02193,0.01715,0.00023,0.00017,0.98245
104.72000,1.02193,0.02135,0.00013,0.00023,0.97829
104.86000,1.02193,0.02141,0.00011,0.00032,0.97817
105.00000,1.02193,0.02536,0.00034,0.00172,0.97259
105.14000,1.02193,0.02678,0.00032,0.00165,0.97125
105.28000,1.02194,0.02350,0.00040,0.00134,0.97476
105.42000,1.02194,0.01613,0.00002,0.00005,0.98380
105.56000,1.02194,0.01495,0.00003,0.00005,0.98496
105.70000,1.02194,0.01817,0.00003,0.00008,0.98172
105.84000,1.02194,0.01789,0.00007,0.00007,0.98197
105.98000,1.02193,0.02554,0.00012,0.00004,0.97430
106.12000,1.02193,0.01726,0.00010,0.00001,0.98263
106.26000,1.02193,0.02172,0.00112,0.00008,0.97709
106.40000,1.02193,0.02916,0.00055,0.00021,0.97008
106.54000,1.02193,0.02898,0.00070,0.00034,0.96999
106.68000,1.02193,0.03223,0.00145,0.00047,0.96584
106.82000,1.02193,0.02829,0.00051,0.00036,0.97084
106.96000,1.02194,0.02367,0.00042,0.00061,0.97530
107.10000,1.02194,0.03025,0.00023,0.00075,0.96876
107.24000,1.02194,0.02769,0.00037,0.00076,0.97118
107.38000,1.02194,0.03150,0.00021,0.00114,0.96715
107.52000,1.02194,0.03212,0.00017,0.00128,0.96643
107.66000,1.02193,0.03437,0.00023,0.00130,0.96410
107.80000,1.02193,0.02903,0.00019,0.00098,0.96980
107.94000,1.02193,0.02784,0.00027,0.00106,0.97083
108.08000,1.02193,0.02966,0.00017,0.00171,0.96846
108.22000,1.02193,0.02643,0.00014,0.00132,0.97210
108.36000,1.02193,0.02708,0.00013,0.00120,0.97160
108.50000,1.02193,0.02476,0.00012,0.00100,0.97412
108.64000,1.02193,0.02679,0.00013,0.00130,0.97179
108.78000,1.02194,0.03098,0.00020,0.00227,0.96654
108.92000,1.02194,0.03205,0.00001,0.00015,0.96779
109.06000,1.02194,0.04648,0.00002,0.00014,0.95336
109.20000,1.02194,0.04937,0.00002,0.00018,0.95043
109.34000,1.02194,0.05072,0.00003,0.00033,0.94892
109.48000,1.02193,0.05851,0.00002,0.00012,0.94136
109.62000,1.02193,0.07065,0.00003,0.00029,0.92904
109.76000,1.02193,0.06739,0.00003,0.00025,0.93233
109.90000,1.02193,0.03879,0.00041,0.00274,0.95806
110.04000,1.02193,0.04176,0.00037,0.00378,0.95409
110.18000,1.02193,0.03431,0.00037,0.00281,0.96252
110.32000,1.02193,0.03785,0.00033,0.00295,0.95888
110.46000,1.02194,0.03436,0.00034,0.00232,0.96297
110.60000,1.02194,0.03398,0.00040,0.00282,0.96279
110.74000,1.02194,0.03164,0.00035,0.00271,0.96529
110.88000,1.02194,0.03935,0.00067,0.00336,0.95662
111.02000,1.02194,0.03707,0.00042,0.00380,0.95872
111.16000,1.02193,0.04673,0.00039,0.00600,0.94688
111.30000,1.02193,0.04595,0.00056,0.00680,0.94669
111.44000,1.02193,0.04816,0.00053,0.00761,0.94370
111.58000,1.02193,0.04981,0.00057,0.00825,0.94137
111.72000,1.02193,0.04921,0.00066,0.00835,0.94178
111.86000,1.02193,0.04815,0.00039,0.00357,0.94788
112.00000,1.02193,0.03510,0.00054,0.00182,0.96254
112.14000,1.02193,0.03310,0.00027,0.00120,0.96543
112.28000,1.02194,0.02778,0.00035,0.00108,0.97079
112.42000,1.02194,0.02164,0.00025,0.00072,0.97739
112.56000,1.02194,0.02312,0.00024,0.00077,0.97588
112.70000,1.02194,0.02845,0.00019,0.00079,0.97057
112.84000,1.02194,0.03348,0.00036,0.00287,0.96328
112.98000,1.02193,0.02917,0.00031,0.00229,0.96823
113.12000,1.02193,0.03261,0.00023,0.00253,0.96463
113.26000,1.02193,0.03548,0.00024,0.00288,0.96141
113.40000,1.02193,0.03980,0.00031,0.00384,0.95606
113.54000,1.02193,0.04504,0.00035,0.00546,0.94915
113.68000,1.02193,0.04756,0.00034,0.00560,0.94650
113.82000,1.02193,0.04488,0.00031,0.00534,0.94947
113.96000,1.02194,0.05016,0.00030,0.00622,0.94332
114.10000,1.02194,0.04857,0.00034,0.00675,0.94434
114.24000,1.02194,0.06111,0.00017,0.00398,0.93474
114.38000,1.02194,0.04742,0.00034,0.00140,0.95085
114.52000,1.02194,0.05875,0.00021,0.00155,0.93949
114.66000,1.02193,0.07176,0.00049,0.00134,0.92642
114.80000,1.02193,0.04801,0.00011,0.00046,0.95142
114.94000,1.02193,0.05813,0.00020,0.00053,0.94114
115.08000,1.02193,0.04191,0.00030,0.00030,0.95749
115.22000,1.02193,0.04034,0.00038,0.00088,0.95840
115.36000,1.02193,0.03751,0.00025,0.00082,0.96143
115.50000,1.02193,0.01799,0.00026,0.00046,0.98130
115.64000,1.02193,0.02248,0.00019,0.00081,0.97652
115.78000,1.02194,0.02020,0.00021,0.00072,0.97887
115.92000,1.02194,0.01946,0.00020,0.00074,0.97960
116.06000,1.02194,0.02346,0.00016,0.00081,0.97556
116.20000,1.02194,0.02741,0.00009,0.00065,0.97185
116.34000,1.02194,0.03066,0.00003,0.00025,0.96906
116.48000,1.02193,0.04225,0.00002,0.00014,0.95760
116.62000,1.02193,0.04857,0.00008,0.00041,0.95093
116.76000,1.02193,0.04542,0.00005,0.00031,0.95422
116.90000,1.02193,0.04598,0.00003,0.00020,0.95378
117.04000,1.02193,0.04084,0.00003,0.00011,0.95903
117.18000,1.02193,0.03862,0.00005,0.00022,0.96111
117.32000,1.02193,0.02212,0.00021,0.00074,0.97692
117.46000,1.02194,0.03207,0.00030,0.00172,0.96590
117.60000,1.02194,0.03404,0.00015,0.00144,0.96438
117.74000,1.02194,0.03513,0.00048,0.00302,0.96137
117.88000,1.02194,0.03873,0.00038,0.00407,0.95682
118.02000,1.02194,0.04201,0.00040,0.00518,0.95241
118.16000,1.02193,0.03939,0.00035,0.00441,0.95584
118.30000,1.02193,0.04498,0.00030,0.00396,0.95076
118.44000,1.02193,0.04292,0.00025,0.00214,0.95469
118.58000,1.02193,0.03179,0.00018,0.00130,0.96672
118.72000,1.02193,0.03585,0.00021,0.00183,0.96212
118.86000,1.02193,0.03901,0.00022,0.00216,0.95861
119.00000,1.02193,0.03837,0.00018,0.00187,0.95959
119.14000,1.02193,0.04101,0.00026,0.00214,0.95659
119.28000,1.02194,0.03515,0.00049,0.00233,0.96203
119.42000,1.02194,0.04759,0.00030,0.00567,0.94645
119.56000,1.02194,0.05306,0.00036,0.00659,0.93999
119.70000,1.02194,0.04316,0.00025,0.00357,0.95301
119.84000,1.02194,0.04494,0.00033,0.00433,0.95040
119.98000,1.02193,0.03918,0.00033,0.00251,0.95797
120.12000,1.02193,0.03316,0.00032,0.00226,0.96426
120.26000,1.02193,0.03043,0.00027,0.00164,0.96766
120.40000,1.02193,0.03065,0.00030,0.00170,0.96735
120.54000,1.02193,0.03253,0.00029,0.00206,0.96512
120.68000,1.02193,0.03402,0.00039,0.00275,0.96285
120.82000,1.02193,0.03678,0.00053,0.00303,0.95967
120.96000,1.02194,0.03736,0.00029,0.00376,0.95859
121.10000,1.02194,0.04100,0.00024,0.00401,0.95476
121.24000,1.02194,0.05338,0.00048,0.00433,0.94180
121.38000,1.02194,0.03995,0.00022,0.00380,0.95602
121.52000,1.02194,0.03762,0.00020,0.00339,0.95879
121.66000,1.02193,0.03438,0.00015,0.00263,0.96283
121.80000,1.02193,0.03785,0.00015,0.00214,0.95986
121.94000,1.02193,0.03452,0.00011,0.00144,0.96394
122.08000,1.02193,0.04367,0.00015,0.00098,0.95520
122.22000,1.02193,0.03217,0.00011,0.00091,0.96680
122.36000,1.02193,0.04561,0.00015,0.00126,0.95298
122.50000,1.02193,0.03483,0.00007,0.00058,0.96451
122.64000,1.02193,0.04013,0.00040,0.00101,0.95847
122.78000,1.02194,0.03488,0.00018,0.00125,0.96368
122.92000,1.02194,0.04982,0.00042,0.00152,0.94824
123.06000,1.02194,0.02850,0.00009,0.00114,0.97026
123.20000,1.02194,0.02212,0.00002,0.00017,0.97769
123.34000,1.02194,0.01568,0.00004,0.00008,0.98420
123.48000,1.02193,0.01600,0.00002,0.00005,0.98394
123.62000,1.02193,0.02086,0.00003,0.00010,0.97901
123.76000,1.02193,0.02128,0.00001,0.00009,0.97861
123.90000,1.02193,0.03016,0.00005,0.00023,0.96955
124.04000,1.02193,0.02884,0.00021,0.00061,0.97033
124.18000,1.02193,0.04632,0.00057,0.00429,0.94883
124.32000,1.02193,0.05772,0.00035,0.00415,0.93778
124.46000,1.02194,0.07268,0.00035,0.00660,0.92038
124.60000,1.02194,0.05508,0.00020,0.00153,0.94319
124.74000,1.02194,0.04334,0.00030,0.00092,0.95544
124.88000,1.02194,0.03869,0.00015,0.00100,0.96016
125.02000,1.02194,0.04024,0.00014,0.00118,0.95844
125.16000,1.02193,0.04892,0.00025,0.00140,0.94943
125.30000,1.02193,0.03952,0.00016,0.00157,0.95875
125.44000,1.02193,0.03843,0.00043,0.00275,0.95838
125.58000,1.02193,0.06004,0.00021,0.00828,0.93146
125.72000,1.02193,0.05472,0.00023,0.00757,0.93748
125.86000,1.02193,0.05291,0.00023,0.00636,0.94050
126.00000,1.02193,0.06119,0.00024,0.00700,0.93157
126.14000,1.02193,0.05306,0.00015,0.00628,0.94051
126.28000,1.02194,0.03615,0.00011,0.00292,0.96082
126.42000,1.02194,0.02552,0.00007,0.00115,0.97326
126.56000,1.02194,0.01943,0.00004,0.00060,0.97992
126.70000,1.02194,0.01345,0.00003,0.00026,0.98625
126.84000,1.02194,0.01026,0.00003,0.00012,0.98959
126.98000,1.02193,0.00643,0.00001,0.00005,0.99351
127.12000,1.02193,0.00569,0.00001,0.00003,0.99427
127.26000,1.02193,0.00638,0.00001,0.00004,0.99357
127.40000,1.02193,0.00782,0.00003,0.00008,0.99207
127.54000,1.02193,0.00775,0.00003,0.00008,0.99214
127.68000,1.02193,0.00877,0.00004,0.00011,0.99108
127.82000,1.02193,0.01115,0.00005,0.00020,0.98860
127.96000,1.02193,0.01339,0.00007,0.00031,0.98622
128.10001,1.02193,0.01945,0.00015,0.00079,0.97962
128.24001,1.02193,0.02261,0.00021,0.00118,0.97601
128.38000,1.02193,0.02480,0.00021,0.00140,0.97359
128.52000,1.02193,0.02797,0.00028,0.00199,0.96975
128.66000,1.02193,0.02778,0.00026,0.00190,0.97006
128.80000,1.02193,0.02604,0.00029,0.00177,0.97190
128.94000,1.02194,0.02496,0.00026,0.00148,0.97330
129.08000,1.02194,0.02221,0.00028,0.00116,0.97635
129.22000,1.02194,0.02008,0.00027,0.00101,0.97865
129.36000,1.02194,0.02032,0.00024,0.00097,0.97848
129.50000,1.02194,0.02077,0.00024,0.00096,0.97803
129.64000,1.02194,0.01800,0.00026,0.00078,0.98096
129.78000,1.02194,0.01719,0.00023,0.00068,0.98190
129.92000,1.02194,0.01778,0.00023,0.00074,0.98124
130.06000,1.02194,0.01953,0.00029,0.00094,0.97925
130.20000,1.02194,0.01969,0.00026,0.00091,0.97914
130.34000,1.02194,0.01996,0.00039,0.00105,0.97859
130.48000,1.02194,0.02115,0.00037,0.00099,0.97749
130.62000,1.02194,0.01859,0.00029,0.00071,0.98041
130.75999,1.02194,0.01442,0.00011,0.00033,0.98513
130.89999,1.02194,0.01387,0.00011,0.00027,0.98576
131.03999,1.02194,0.01279,0.00004,0.00012,0.98705
131.17999,1.02194,0.00837,0.00004,0.00005,0.99155
131.32001,1.02193,0.00829,0.00001,0.00004,0.99165
131.46001,1.02193,0.01183,0.00002,0.00009,0.98806
131.60001,1.02193,0.01463,0.00003,0.00020,0.98513
131.74001,1.02193,0.01474,0.00002,0.00008,0.98516
131.88000,1.02193,0.01750,0.00003,0.00011,0.98236
132.02000,1.02193,0.02202,0.00006,0.00035,0.97758
132.16000,1.02193,0.03573,0.00023,0.00157,0.96247
132.30000,1.02193,0.02861,0.00022,0.00122,0.96994
132.44000,1.02194,0.02362,0.00012,0.00054,0.97571
132.58000,1.02194,0.02306,0.00011,0.00061,0.97622
132.72000,1.02194,0.02500,0.00037,0.00227,0.97236
132.86000,1.02194,0.02535,0.00029,0.00204,0.97233
133.00000,1.02194,0.02096,0.00023,0.00127,0.97753
133.14000,1.02194,0.02096,0.00017,0.00112,0.97775
133.28000,1.02194,0.01987,0.00017,0.00100,0.97896
133.42000,1.02194,0.02480,0.00023,0.00154,0.97343
133.56000,1.02194,0.02317,0.00022,0.00131,0.97529
133.70000,1.02194,0.02407,0.00025,0.00152,0.97416
133.84000,1.02194,0.02306,0.00023,0.00132,0.97539
133.98000,1.02194,0.02266,0.00022,0.00115,0.97597
134.12000,1.02194,0.02074,0.00019,0.00100,0.97806
134.25999,1.02194,0.02124,0.00022,0.00121,0.97733
134.39999,1.02194,0.02481,0.00021,0.00165,0.97333
134.53999,1.02194,0.02100,0.00015,0.00106,0.97779
134.67999,1.02194,0.02041,0.00016,0.00102,0.97840
134.82001,1.02193,0.02258,0.00016,0.00125,0.97601
134.96001,1.02193,0.02385,0.00016,0.00123,0.97476
135.10001,1.02193,0.02421,0.00014,0.00125,0.97439
135.24001,1.02193,0.02398,0.00014,0.00118,0.97470
135.38000,1.02193,0.02562,0.00015,0.00124,0.97299
135.52000,1.02193,0.02762,0.00017,0.00163,0.97058
135.66000,1.02193,0.03027,0.00018,0.00166,0.96789
135.80000,1.02193,0.02848,0.00019,0.00173,0.96960
135.94000,1.02194,0.03512,0.00019,0.00274,0.96195
136.08000,1.02194,0.03468,0.00025,0.00311,0.96196
136.22000,1.02194,0.04313,0.00031,0.00493,0.95163
136.36000,1.02194,0.04482,0.00030,0.00510,0.94979
136.50000,1.02194,0.04310,0.00031,0.00501,0.95157
136.64000,1.02194,0.04059,0.00028,0.00442,0.95472
136.78000,1.02194,0.03424,0.00027,0.00287,0.96263
136.92000,1.02194,0.03328,0.00029,0.00270,0.96373
137.06000,1.02194,0.02425,0.00022,0.00124,0.97428
137.20000,1.02194,0.01899,0.00017,0.00076,0.98008
137.34000,1.02194,0.01585,0.00012,0.00050,0.98352
137.48000,1.02194,0.01377,0.00013,0.00041,0.98569
137.62000,1.02194,0.01341,0.00012,0.00034,0.98613
137.75999,1.02194,0.01249,0.00014,0.00033,0.98703
137.89999,1.02194,0.01115,0.00008,0.00022,0.98855
138.03999,1.02194,0.01240,0.00010,0.00029,0.98721
138.17999,1.02194,0.01237,0.00001,0.00004,0.98758
138.32001,1.02193,0.01451,0.00005,0.00005,0.98540
138.46001,1.02193,0.01521,0.00002,0.00002,0.98475
138.60001,1.02193,0.01599,0.00003,0.00004,0.98394
138.74001,1.02193,0.01871,0.00004,0.00009,0.98116
138.88000,1.02193,0.02866,0.00023,0.00019,0.97092
139.02000,1.02193,0.03046,0.00026,0.00012,0.96916
139.16000,1.02193,0.02678,0.00137,0.00143,0.97042
139.30000,1.02193,0.03139,0.00099,0.00204,0.96558
139.44000,1.02194,0.02786,0.00095,0.00158,0.96961
139.58000,1.02194,0.02692,0.00084,0.00142,0.97082
139.72000,1.02194,0.03422,0.00121,0.00121,0.96336
139.86000,1.02194,0.02727,0.00041,0.00192,0.97041
140.00000,1.02194,0.02771,0.00008,0.00074,0.97147
140.14000,1.02194,0.02896,0.00012,0.00052,0.97040
140.28000,1.02194,0.04754,0.00008,0.00089,0.95149
140.42000,1.02194,0.06481,0.00012,0.00211,0.93296
140.56000,1.02194,0.07145,0.00011,0.00199,0.92645
140.70000,1.02194,0.05765,0.00007,0.00102,0.94126
140.84000,1.02194,0.05883,0.00005,0.00126,0.93986
140.98000,1.02194,0.03974,0.00024,0.00326,0.95676
141.12000,1.02194,0.03686,0.00006,0.00113,0.96194
141.25999,1.02194,0.02148,0.00005,0.00026,0.97821
141.39999,1.02194,0.01597,0.00003,0.00012,0.98387
141.53999,1.02194,0.02028,0.00006,0.00029,0.97938
141.67999,1.02194,0.02057,0.00006,0.00028,0.97909
141.82001,1.02193,0.02183,0.00006,0.00020,0.97791
141.96001,1.02193,0.03108,0.00007,0.00040,0.96845
142.10001,1.02193,0.04146,0.00053,0.00445,0.95356
142.24001,1.02193,0.04407,0.00050,0.00547,0.94997
142.38000,1.02193,0.04727,0.00055,0.00756,0.94462
142.52000,1.02193,0.05032,0.00053,0.00820,0.94095
142.66000,1.02193,0.05129,0.00054,0.01057,0.93760
142.80000,1.02193,0.05149,0.00056,0.01123,0.93672
142.94000,1.02194,0.03288,0.00040,0.00416,0.96256
143.08000,1.02194,0.03199,0.00027,0.00363,0.96411
143.22000,1.02194,0.03235,0.00022,0.00320,0.96423
143.36000,1.02194,0.04207,0.00023,0.00489,0.95282
143.50000,1.02194,0.04622,0.00029,0.00612,0.94737
143.64000,1.02194,0.04401,0.00029,0.00514,0.95056
143.78000,1.02194,0.04991,0.00041,0.00647,0.94321
143.92000,1.02194,0.05062,0.00045,0.00707,0.94186
144.06000,1.02194,0.04756,0.00060,0.00607,0.94577
144.20000,1.02194,0.04389,0.00075,0.00525,0.95011
144.34000,1.02194,0.02801,0.00058,0.00211,0.96930
144.48000,1.02194,0.02550,0.00058,0.00172,0.97220
144.62000,1.02194,0.02994,0.00064,0.00227,0.96716
144.75999,1.02194,0.03145,0.00052,0.00245,0.96558
144.89999,1.02194,0.03307,0.00059,0.00276,0.96358
145.03999,1.02194,0.02957,0.00039,0.00213,0.96791
145.17999,1.02194,0.03330,0.00046,0.00214,0.96410
145.32001,1.02193,0.03506,0.00041,0.00251,0.96202
145.46001,1.02193,0.03460,0.00040,0.00222,0.96279
145.60001,1.02193,0.03052,0.00034,0.00169,0.96744
145.74001,1.02193,0.03261,0.00028,0.00199,0.96512
145.88000,1.02193,0.04463,0.00035,0.00451,0.95051
146.02000,1.02193,0.05978,0.00062,0.00628,0.93332
146.16000,1.02193,0.04075,0.00020,0.00255,0.95650
146.30000,1.02193,0.05305,0.00021,0.00224,0.94450
146.44000,1.02194,0.05091,0.00016,0.00219,0.94674
146.58000,1.02194,0.04846,0.00016,0.00203,0.94935
146.72000,1.02194,0.04624,0.00019,0.00135,0.95222
146.86000,1.02194,0.04246,0.00015,0.00081,0.95658
147.00000,1.02194,0.03399,0.00015,0.00067,0.96520
147.14000,1.02194,0.03051,0.00042,0.00106,0.96801
147.28000,1.02194,0.02172,0.00001,0.00005,0.97821
147.42000,1.02194,0.05828,0.00003,0.00007,0.94161
147.56000,1.02194,0.05791,0.00004,0.00011,0.94194
147.70000,1.02194,0.07817,0.00006,0.00016,0.92161
147.84000,1.02194,0.05290,0.00004,0.00020,0.94686
147.98000,1.02194,0.06476,0.00002,0.00009,0.93513
148.12000,1.02194,0.08980,0.00005,0.00026,0.90990
148.25999,1.02194,0.05084,0.00055,0.00283,0.94578
148.39999,1.02194,0.03447,0.00035,0.00318,0.96201
148.53999,1.02194,0.03227,0.00031,0.00280,0.96462
148.67999,1.02194,0.03325,0.00028,0.00266,0.96381
148.82001,1.02193,0.03045,0.00030,0.00232,0.96693
148.96001,1.02193,0.03178,0.00037,0.00261,0.96524
149.10001,1.02193,0.03199,0.00032,0.00257,0.96512
149.24001,1.02193,0.02906,0.00027,0.00171,0.96896
149.38000,1.02193,0.02892,0.00031,0.00180,0.96897
149.52000,1.02193,0.02601,0.00015,0.00102,0.97282
149.66000,1.02193,0.02538,0.00020,0.00105,0.97337
149.80000,1.02193,0.02520,0.00014,0.00088,0.97379
149.94000,1.02194,0.02936,0.00017,0.00134,0.96912
150.08000,1.02194,0.02823,0.00025,0.00121,0.97030
150.22000,1.02194,0.03037,0.00016,0.00166,0.96780
150.36000,1.02194,0.03519,0.00013,0.00180,0.96288
150.50000,1.02194,0.03761,0.00013,0.00152,0.96074
150.64000,1.02194,0.03376,0.00014,0.00156,0.96454
150.78000,1.02194,0.03434,0.00013,0.00127,0.96426
150.92000,1.02194,0.02503,0.00009,0.00053,0.97435
151.06000,1.02194,0.01995,0.00006,0.00039,0.97960
151.20000,1.02194,0.02136,0.00010,0.00048,0.97805
151.34000,1.02194,0.02559,0.00016,0.00072,0.97352
151.48000,1.02194,0.02107,0.00014,0.00080,0.97800
151.62000,1.02194,0.01887,0.00010,0.00064,0.98039
151.75999,1.02194,0.02089,0.00012,0.00076,0.97824
151.89999,1.02194,0.02426,0.00014,0.00122,0.97438
152.03999,1.02194,0.02482,0.00015,0.00130,0.97373
152.17999,1.02194,0.02542,0.00016,0.00128,0.97314
152.32001,1.02193,0.02157,0.00020,0.00102,0.97722
152.46001,1.02193,0.02436,0.00021,0.00134,0.97409
152.60001,1.02193,0.02615,0.00025,0.00153,0.97207
152.74001,1.02193,0.02925,0.00034,0.00206,0.96836
152.88000,1.02193,0.02498,0.00033,0.00160,0.97309
153.02000,1.02193,0.03111,0.00037,0.00270,0.96582
153.16000,1.02193,0.02687,0.00029,0.00199,0.97086
153.30000,1.02193,0.02261,0.00008,0.00062,0.97669
153.44000,1.02194,0.01825,0.00007,0.00035,0.98133
153.58000,1.02194,0.01977,0.00007,0.00049,0.97967
153.72000,1.02194,0.01650,0.00007,0.00038,0.98305
153.86000,1.02194,0.02062,0.00007,0.00043,0.97888
154.00000,1.02194,0.01994,0.00007,0.00038,0.97961
154.14000,1.02194,0.02415,0.00008,0.00071,0.97506
154.28000,1.02194,0.02571,0.00038,0.00181,0.97211
154.42000,1.02194,0.02408,0.00027,0.00140,0.97425
154.56000,1.02194,0.02379,0.00027,0.00144,0.97450
154.70000,1.02194,0.02294,0.00022,0.00127,0.97556
154.84000,1.02194,0.02374,0.00028,0.00133,0.97466
154.98000,1.02194,0.02498,0.00022,0.00150,0.97330
155.12000,1.02194,0.02556,0.00026,0.00171,0.97248
155.25999,1.02194,0.02809,0.00020,0.00193,0.96978
155.39999,1.02194,0.03605,0.00030,0.00352,0.96013
155.53999,1.02194,0.03616,0.00030,0.00338,0.96015
155.67999,1.02194,0.03870,0.00033,0.00394,0.95703
155.82001,1.02193,0.03370,0.00026,0.00298,0.96306
155.96001,1.02193,0.03527,0.00032,0.00314,0.96128
156.10001,1.02193,0.03048,0.00029,0.00232,0.96691
156.24001,1.02193,0.02575,0.00030,0.00170,0.97224
156.38000,1.02193,0.02370,0.00019,0.00128,0.97483
156.52000,1.02193,0.02127,0.00011,0.00048,0.97814
156.66000,1.02193,0.01898,0.00009,0.00033,0.98059
156.80000,1.02193,0.01673,0.00007,0.00023,0.98297
156.94000,1.02194,0.01395,0.00005,0.00020,0.98580
157.08000,1.02194,0.01541,0.00007,0.00023,0.98429
157.22000,1.02194,0.01791,0.00006,0.00025,0.98178
157.36000,1.02194,0.01780,0.00018,0.00058,0.98144
157.50000,1.02194,0.02395,0.00019,0.00123,0.97463
157.64000,1.02194,0.02483,0.00015,0.00135,0.97367
157.78000,1.02194,0.03265,0.00025,0.00242,0.96468
157.92000,1.02194,0.04225,0.00041,0.00463,0.95270
158.06000,1.02194,0.03709,0.00037,0.00390,0.95864
158.20000,1.02194,0.03669,0.00038,0.00334,0.95958
158.34000,1.02194,0.04428,0.00042,0.00369,0.95160
158.48000,1.02194,0.03492,0.00057,0.00288,0.96162
158.62000,1.02194,0.03561,0.00045,0.00245,0.96148
158.75999,1.02194,0.03542,0.00054,0.00239,0.96166
158.89999,1.02194,0.02544,0.00036,0.00150,0.97270
159.03999,1.02194,0.02634,0.00041,0.00158,0.97167
159.17999,1.02194,0.03542,0.00037,0.00198,0.96223
159.32001,1.02193,0.02951,0.00042,0.00240,0.96768
159.46001,1.02193,0.02937,0.00038,0.00211,0.96814
159.60001,1.02193,0.02660,0.00030,0.00173,0.97137
159.74001,1.02193,0.02776,0.00033,0.00193,0.96998
159.88000,1.02193,0.02873,0.00022,0.00165,0.96940
160.02000,1.02193,0.02833,0.00002,0.00027,0.97137
160.16000,1.02193,0.01805,0.00002,0.00007,0.98186
160.30000,1.02193,0.02151,0.00001,0.00006,0.97842
160.44000,1.02194,0.02809,0.00002,0.00006,0.97183
160.58000,1.02194,0.04231,0.00001,0.00005,0.95763
160.72000,1.02194,0.03780,0.00002,0.00006,0.96212
160.86000,1.02194,0.03773,0.00005,0.00013,0.96209
161.00000,1.02194,0.03412,0.00016,0.00051,0.96521
161.14000,1.02194,0.04633,0.00039,0.00168,0.95160
161.28000,1.02194,0.03497,0.00029,0.00092,0.96382
161.42000,1.02194,0.03971,0.00041,0.00135,0.95854
161.56000,1.02194,0.01958,0.00021,0.00068,0.97953
161.70000,1.02194,0.02252,0.00026,0.00102,0.97621
161.84000,1.02194,0.02432,0.00050,0.00131,0.97388
161.98000,1.02194,0.02897,0.00027,0.00152,0.96925
162.12000,1.02194,0.02810,0.00084,0.00189,0.96916
162.25999,1.02194,0.02737,0.00059,0.00206,0.96999
162.39999,1.02194,0.02860,0.00049,0.00257,0.96834
162.53999,1.02194,0.02815,0.00052,0.00255,0.96877
162.67999,1.02194,0.03000,0.00045,0.00285,0.96670
162.82001,1.02193,0.02804,0.00037,0.00221,0.96937
162.96001,1.02193,0.02910,0.00052,0.00228,0.96810
163.10001,1.02193,0.02313,0.00022,0.00136,0.97530
163.24001,1.02193,0.01940,0.00021,0.00084,0.97956
163.38000,1.02193,0.01497,0.00010,0.00046,0.98447
163.52000,1.02193,0.01570,0.00007,0.00040,0.98382
163.66000,1.02193,0.01430,0.00012,0.00032,0.98527
163.80000,1.02193,0.01410,0.00011,0.00037,0.98542
163.94000,1.02194,0.01196,0.00008,0.00025,0.98772
164.08000,1.02194,0.01514,0.00012,0.00041,0.98434
164.22000,1.02194,0.01677,0.00010,0.00051,0.98263
164.36000,1.02194,0.02295,0.00007,0.00050,0.97649
164.50000,1.02194,0.01827,0.00007,0.00020,0.98147
164.64000,1.02194,0.01370,0.00005,0.00017,0.98609
164.78000,1.02194,0.01258,0.00004,0.00012,0.98726
164.92000,1.02194,0.01628,0.00003,0.00015,0.98354
165.06000,1.02194,0.02490,0.00002,0.00013,0.97495
165.20000,1.02194,0.02315,0.00001,0.00009,0.97674
165.34000,1.02194,0.01717,0.00001,0.00004,0.98277
165.48000,1.02194,0.01521,0.00001,0.00003,0.98475
165.62000,1.02194,0.02409,0.00001,0.00004,0.97587
165.75999,1.02194,0.02864,0.00004,0.00012,0.97120
165.89999,1.02194,0.02798,0.00001,0.00002,0.97200
166.03999,1.02194,0.01708,0.00002,0.00002,0.98288
166.17999,1.02194,0.01928,0.00006,0.00007,0.98060
166.32001,1.02193,0.02252,0.00007,0.00011,0.97730
166.46001,1.02193,0.02616,0.00025,0.00030,0.97330
166.60001,1.02193,0.01624,0.00007,0.00005,0.98364
166.74001,1.02193,0.02416,0.00010,0.00014,0.97559
166.88000,1.02193,0.03053,0.00026,0.00022,0.96899
167.02000,1.02193,0.01901,0.00009,0.00016,0.98074
167.16000,1.02193,0.02287,0.00022,0.00028,0.97663
167.30000,1.02193,0.01590,0.00002,0.00005,0.98403
167.44000,1.02194,0.01531,0.00007,0.00005,0.98457
167.58000,1.02194,0.01442,0.00003,0.00005,0.98550
167.72000,1.02194,0.01125,0.00006,0.00006,0.98864
167.86000,1.02194,0.01763,0.00004,0.00005,0.98228
168.00000,1.02194,0.01494,0.00005,0.00006,0.98495
168.14000,1.02194,0.01891,0.00002,0.00005,0.98102
168.28000,1.02194,0.02786,0.00012,0.00027,0.97174
168.42000,1.02194,0.03875,0.00008,0.00035,0.96082
168.56000,1.02194,0.03942,0.00010,0.00039,0.96008
168.70000,1.02194,0.04127,0.00007,0.00044,0.95823
168.84000,1.02194,0.02788,0.00010,0.00032,0.97170
168.98000,1.02194,0.02656,0.00005,0.00023,0.97316
169.12000,1.02194,0.02423,0.00008,0.00015,0.97554
169.25999,1.02194,0.02595,0.00005,0.00018,0.97382
169.39999,1.02194,0.01887,0.00007,0.00015,0.98091
169.53999,1.02194,0.02186,0.00006,0.00021,0.97787
169.67999,1.02194,0.01697,0.00002,0.00007,0.98294
169.82001,1.02193,0.01704,0.00003,0.00010,0.98284
169.96001,1.02193,0.02062,0.00008,0.00035,0.97894
170.10001,1.02193,0.02320,0.00008,0.00076,0.97596
170.24001,1.02193,0.02528,0.00015,0.00143,0.97313
170.38000,1.02193,0.02359,0.00011,0.00072,0.97557
170.52000,1.02193,0.03409,0.00033,0.00107,0.96451
170.66000,1.02193,0.02576,0.00004,0.00014,0.97405
170.80000,1.02193,0.02926,0.00003,0.00006,0.97065
170.94000,1.02194,0.03037,0.00009,0.00013,0.96942
171.08000,1.02194,0.02935,0.00007,0.00015,0.97044
171.22000,1.02194,0.03101,0.00013,0.00018,0.96868
171.36000,1.02194,0.03638,0.00013,0.00017,0.96331
171.50000,1.02194,0.03904,0.00014,0.00055,0.96028
171.64000,1.02194,0.03048,0.00071,0.00319,0.96562
171.78000,1.02194,0.03130,0.00061,0.00368,0.96442
171.92000,1.02194,0.03225,0.00055,0.00372,0.96349
172.06000,1.02194,0.02676,0.00031,0.00178,0.97115
172.20000,1.02194,0.02982,0.00037,0.00189,0.96792
172.34000,1.02194,0.02913,0.00042,0.00213,0.96833
172.48000,1.02194,0.02743,0.00026,0.00153,0.97079
172.62000,1.02194,0.02416,0.00015,0.00091,0.97478
172.75999,1.02194,0.02612,0.00022,0.00092,0.97273
172.89999,1.02194,0.02505,0.00031,0.00097,0.97367
173.03999,1.02194,0.02379,0.00013,0.00078,0.97530
173.17999,1.02194,0.02374,0.00009,0.00069,0.97548
173.32001,1.02193,0.01883,0.00004,0.00030,0.98083
173.46001,1.02193,0.01377,0.00002,0.00007,0.98614
173.60001,1.02193,0.01301,0.00004,0.00008,0.98687
173.74001,1.02193,0.01130,0.00003,0.00008,0.98859
173.88000,1.02193,0.01366,0.00002,0.00009,0.98622
174.02000,1.02193,0.00999,0.00005,0.00008,0.98989
174.16000,1.02193,0.01019,0.00005,0.00008,0.98969
174.30000,1.02193,0.01263,0.00029,0.00033,0.98675
174.44000,1.02194,0.01519,0.00016,0.00049,0.98417
174.58000,1.02194,0.01365,0.00009,0.00038,0.98588
174.72000,1.02194,0.01235,0.00007,0.00029,0.98729
174.86000,1.02194,0.01404,0.00009,0.00038,0.98549
175.00000,1.02194,0.01329,0.00010,0.00037,0.98625
175.14000,1.02194,0.01407,0.00009,0.00042,0.98542
175.28000,1.02194,0.01342,0.00007,0.00037,0.98614
175.42000,1.02194,0.01266,0.00006,0.00028,0.98701
175.56000,1.02194,0.01551,0.00007,0.00035,0.98407
175.70000,1.02194,0.02082,0.00010,0.00041,0.97868
175.84000,1.02194,0.02282,0.00011,0.00042,0.97665
175.98000,1.02194,0.02471,0.00012,0.00054,0.97462
176.12000,1.02194,0.02324,0.00011,0.00053,0.97612
176.25999,1.02194,0.02006,0.00011,0.00038,0.97945
176.39999,1.02194,0.02529,0.00010,0.00043,0.97418
176.53999,1.02194,0.01957,0.00013,0.00043,0.97987
176.67999,1.02194,0.02018,0.00008,0.00052,0.97922
176.82001,1.02193,0.02426,0.00007,0.00055,0.97512
176.96001,1.02193,0.02304,0.00006,0.00052,0.97638
177.10001,1.02193,0.02296,0.00005,0.00055,0.97644
177.24001,1.02193,0.03357,0.00007,0.00109,0.96527
177.38000,1.02193,0.03453,0.00013,0.00146,0.96388
177.52000,1.02193,0.02996,0.00027,0.00188,0.96789
177.66000,1.02193,0.03412,0.00078,0.00209,0.96301
177.80000,1.02193,0.02676,0.00039,0.00219,0.97066
177.94000,1.02194,0.02857,0.00037,0.00218,0.96888
178.08000,1.02194,0.02409,0.00019,0.00074,0.97498
178.22000,1.02194,0.02330,0.00023,0.00066,0.97581
178.36000,1.02194,0.02374,0.00020,0.00058,0.97548
178.50000,1.02194,0.02038,0.00011,0.00041,0.97910
178.64000,1.02194,0.01578,0.00003,0.00007,0.98413
178.78000,1.02194,0.01890,0.00002,0.00010,0.98098
178.92000,1.02194,0.01754,0.00013,0.00022,0.98212
179.06000,1.02194,0.01983,0.00003,0.00006,0.98009
179.20000,1.02194,0.01849,0.00005,0.00004,0.98143
179.34000,1.02194,0.01298,0.00003,0.00002,0.98697
179.48000,1.02194,0.01741,0.00006,0.00006,0.98247
179.62000,1.02194,0.02522,0.00009,0.00015,0.97454
179.75999,1.02194,0.03846,0.00008,0.00017,0.96130
179.89999,1.02194,0.02625,0.00004,0.00010,0.97361
180.03999,1.02194,0.02311,0.00011,0.00049,0.97628
180.17999,1.02194,0.02915,0.00012,0.00063,0.97011
180.32001,1.02193,0.02931,0.00007,0.00033,0.97029
180.46001,1.02193,0.02566,0.00005,0.00025,0.97404
180.60001,1.02193,0.01734,0.00003,0.00009,0.98255
180.74001,1.02193,0.02007,0.00001,0.00006,0.97985
180.88000,1.02193,0.02225,0.00004,0.00008,0.97763
181.02000,1.02193,0.02317,0.00004,0.00007,0.97672
181.16000,1.02193,0.02718,0.00004,0.00011,0.97267
181.30000,1.02193,0.01886,0.00010,0.00018,0.98085
181.44000,1.02194,0.02541,0.00013,0.00031,0.97415
181.58000,1.02194,0.03291,0.00015,0.00046,0.96648
181.72000,1.02194,0.02651,0.00018,0.00067,0.97264
181.86000,1.02194,0.03207,0.00036,0.00101,0.96656
182.00000,1.02194,0.03259,0.00023,0.00085,0.96633
182.14000,1.02194,0.02922,0.00046,0.00094,0.96939
182.28000,1.02194,0.03555,0.00056,0.00220,0.96168
182.42000,1.02194,0.03688,0.00051,0.00129,0.96131
182.56000,1.02194,0.02418,0.00049,0.00131,0.97401
182.70000,1.02194,0.02359,0.00046,0.00142,0.97453
182.84000,1.02194,0.02805,0.00046,0.00178,0.96971
182.98000,1.02194,0.02754,0.00041,0.00133,0.97072
183.12000,1.02194,0.02421,0.00056,0.00125,0.97398
183.25999,1.02194,0.03091,0.00096,0.00102,0.96711
183.39999,1.02194,0.02651,0.00051,0.00112,0.97186
183.53999,1.02194,0.02679,0.00044,0.00057,0.97220
183.67999,1.02194,0.02386,0.00044,0.00049,0.97521
183.82001,1.02193,0.02218,0.00027,0.00020,0.97735
183.96001,1.02193,0.02512,0.00041,0.00036,0.97411
184.10001,1.02193,0.03897,0.00045,0.00056,0.96002
184.24001,1.02193,0.03254,0.00047,0.00064,0.96634
184.38000,1.02193,0.05070,0.00215,0.00189,0.94525
184.52000,1.02193,0.03302,0.00074,0.00241,0.96383
184.66000,1.02193,0.04816,0.00156,0.00451,0.94577
184.80000,1.02193,0.03043,0.00095,0.00287,0.96574
184.94000,1.02194,0.02356,0.00038,0.00143,0.97463
185.08000,1.02194,0.02196,0.00028,0.00115,0.97661
185.22000,1.02194,0.01832,0.00019,0.00071,0.98079
185.36000,1.02194,0.01195,0.00000,0.00000,0.98805
185.50000,1.02194,0.01039,0.00000,0.00000,0.98961
185.64000,1.02194,0.01165,0.00000,0.00001,0.98834
185.78000,1.02194,0.01862,0.00001,0.00001,0.98137
185.92000,1.02194,0.02571,0.00001,0.00001,0.97428
186.06000,1.02194,0.02669,0.00001,0.00001,0.97330
186.20000,1.02194,0.03377,0.00019,0.00012,0.96592
186.34000,1.02194,0.04018,0.00037,0.00203,0.95742
186.48000,1.02194,0.03957,0.00042,0.00206,0.95795
186.62000,1.02194,0.04619,0.00037,0.00169,0.95174
186.75999,1.02194,0.02629,0.00033,0.00091,0.97248
186.89999,1.02194,0.01854,0.00019,0.00054,0.98073
187.03999,1.02194,0.02330,0.00034,0.00079,0.97558
187.17999,1.02194,0.02260,0.00016,0.00083,0.97641
187.32001,1.02193,0.02672,0.00015,0.00080,0.97233
187.46001,1.02193,0.03510,0.00062,0.00153,0.96276
187.60001,1.02193,0.03224,0.00033,0.00093,0.96650
187.74001,1.02193,0.03955,0.00039,0.00127,0.95879
187.88000,1.02193,0.03268,0.00032,0.00085,0.96615
188.02000,1.02193,0.04120,0.00056,0.00109,0.95715
188.16000,1.02193,0.02990,0.00066,0.00070,0.96874
188.30000,1.02193,0.03671,0.00045,0.00097,0.96187
188.44000,1.02194,0.02532,0.00016,0.00044,0.97408
188.58000,1.02194,0.02233,0.00020,0.00037,0.97710
188.72000,1.02194,0.01974,0.00005,0.00011,0.98010
188.86000,1.02194,0.01765,0.00003,0.00006,0.98227
189.00000,1.02194,0.01715,0.00002,0.00006,0.98277
189.14000,1.02194,0.01288,0.00000,0.00000,0.98712
189.28000,1.02194,0.00983,0.00000,0.00000,0.99017
189.42000,1.02194,0.01041,0.00000,0.00000,0.98959
189.56000,1.02194,0.01022,0.00000,0.00000,0.98978
189.70000,1.02194,0.01184,0.00000,0.00000,0.98816
189.84000,1.02194,0.01360,0.00000,0.00000,0.98640
189.98000,1.02194,0.00828,0.00001,0.00000,0.99171
190.12000,1.02194,0.01330,0.00000,0.00000,0.98670
190.25999,1.02194,0.01375,0.00001,0.00000,0.98624
190.39999,1.02194,0.02991,0.00002,0.00001,0.97007
190.53999,1.02194,0.02267,0.00002,0.00001,0.97731
190.67999,1.02194,0.02354,0.00003,0.00001,0.97642
190.82001,1.02193,0.04089,0.00006,0.00012,0.95894
190.96001,1.02193,0.07790,0.00016,0.00037,0.92157
191.10001,1.02193,0.04243,0.00003,0.00002,0.95752
191.24001,1.02193,0.03030,0.00005,0.00002,0.96964
191.38000,1.02193,0.01830,0.00004,0.00002,0.98164
191.52000,1.02193,0.05159,0.00008,0.00006,0.94828
191.66000,1.02193,0.03107,0.00001,0.00001,0.96892
191.80000,1.02193,0.01153,0.00001,0.00000,0.98845
191.94000,1.02194,0.01048,0.00004,0.00001,0.98947
192.08000,1.02194,0.01746,0.00005,0.00005,0.98244
192.22000,1.02194,0.01514,0.00002,0.00003,0.98482
192.36000,1.02194,0.01274,0.00005,0.00002,0.98720
192.50000,1.02194,0.01243,0.00002,0.00002,0.98754
192.64000,1.02194,0.01203,0.00009,0.00007,0.98781
192.78000,1.02194,0.01389,0.00002,0.00007,0.98601
192.92000,1.02194,0.01273,0.00003,0.00002,0.98722
193.06000,1.02194,0.01351,0.00002,0.00002,0.98645
193.20000,1.02194,0.00932,0.00006,0.00002,0.99060
193.34000,1.02194,0.00899,0.00008,0.00007,0.99086
193.48000,1.02194,0.00961,0.00004,0.00005,0.99030
193.62000,1.02194,0.01052,0.00006,0.00004,0.98938
193.75999,1.02194,0.01206,0.00009,0.00008,0.98777
193.89999,1.02194,0.01561,0.00008,0.00016,0.98415
194.03999,1.02194,0.01439,0.00009,0.00019,0.98533
194.17999,1.02194,0.01413,0.00005,0.00013,0.98569
194.32001,1.02193,0.00901,0.00000,0.00000,0.99098
194.46001,1.02193,0.01167,0.00002,0.00001,0.98830
194.60001,1.02193,0.01113,0.00001,0.00003,0.98883
194.74001,1.02193,0.01811,0.00002,0.00001,0.98186
194.88000,1.02193,0.01637,0.00000,0.00000,0.98362
195.02000,1.02193,0.02325,0.00001,0.00001,0.97674
195.16000,1.02193,0.03678,0.00006,0.00007,0.96309
195.30000,1.02193,0.03538,0.00003,0.00008,0.96451
195.44000,1.02194,0.03910,0.00001,0.00001,0.96089
195.58000,1.02194,0.02099,0.00001,0.00001,0.97899
195.72000,1.02194,0.01170,0.00001,0.00001,0.98828
195.86000,1.02194,0.02007,0.00003,0.00007,0.97983
196.00000,1.02194,0.01504,0.00000,0.00001,0.98494
196.14000,1.02194,0.01555,0.00002,0.00003,0.98439
196.28000,1.02194,0.01369,0.00004,0.00006,0.98621
196.42000,1.02194,0.01907,0.00000,0.00004,0.98089
196.56000,1.02194,0.02908,0.00002,0.00006,0.97084
196.70000,1.02194,0.01941,0.00000,0.00001,0.98058
196.84000,1.02194,0.01493,0.00000,0.00001,0.98506
196.98000,1.02194,0.01392,0.00000,0.00000,0.98608
197.12000,1.02194,0.01706,0.00000,0.00000,0.98294
197.25999,1.02194,0.01770,0.00000,0.00000,0.98229
197.39999,1.02194,0.01366,0.00000,0.00000,0.98634
197.53999,1.02194,0.01677,0.00001,0.00003,0.98319
197.67999,1.02194,0.01441,0.00001,0.00003,0.98556
197.82001,1.02193,0.01447,0.00001,0.00003,0.98550
197.96001,1.02193,0.01473,0.00001,0.00002,0.98525
198.10001,1.02193,0.01410,0.00001,0.00004,0.98586
198.24001,1.02193,0.01291,0.00002,0.00009,0.98697
198.38000,1.02193,0.01246,0.00002,0.00007,0.98745
198.52000,1.02193,0.01184,0.00002,0.00006,0.98809
198.66000,1.02193,0.01155,0.00003,0.00006,0.98836
198.80000,1.02193,0.02013,0.00005,0.00017,0.97965
198.94000,1.02194,0.01958,0.00003,0.00010,0.98029
199.08000,1.02194,0.01721,0.00001,0.00005,0.98273
199.22000,1.02194,0.01275,0.00002,0.00005,0.98717
199.36000,1.02194,0.01601,0.00002,0.00006,0.98391
199.50000,1.02194,0.02337,0.00005,0.00016,0.97642
199.64000,1.02194,0.01855,0.00007,0.00017,0.98120
199.78000,1.02194,0.01527,0.00012,0.00019,0.98442
199.92000,1.02194,0.01831,0.00008,0.00016,0.98145
200.06000,1.02194,0.02171,0.00048,0.00061,0.97719
200.20000,1.02194,0.02144,0.00004,0.00014,0.97837
200.34000,1.02194,0.01158,0.00015,0.00007,0.98821
200.48000,1.02194,0.01074,0.00006,0.00004,0.98916
200.62000,1.02194,0.01081,0.00002,0.00003,0.98914
200.75999,1.02194,0.00810,0.00001,0.00000,0.99188
200.89999,1.02194,0.00708,0.00001,0.00001,0.99291
201.03999,1.02194,0.00755,0.00001,0.00000,0.99244
201.17999,1.02194,0.01009,0.00004,0.00003,0.98984
201.32001,1.02193,0.01138,0.00001,0.00004,0.98857
201.46001,1.02193,0.01412,0.00003,0.00007,0.98579
201.60001,1.02193,0.01333,0.00006,0.00010,0.98652
201.74001,1.02193,0.01301,0.00002,0.00007,0.98690
201.88000,1.02193,0.01036,0.00003,0.00004,0.98957
202.02000,1.02193,0.02385,0.00001,0.00007,0.97607
202.16000,1.02193,0.02672,0.00004,0.00011,0.97314
202.30000,1.02193,0.01740,0.00004,0.00007,0.98249
202.44000,1.02194,0.02692,0.00002,0.00003,0.97303
202.58000,1.02194,0.02919,0.00002,0.00001,0.97078
202.72000,1.02194,0.04690,0.00007,0.00009,0.95293
202.86000,1.02194,0.06222,0.00023,0.00042,0.93714
203.00000,1.02194,0.03139,0.00003,0.00011,0.96847
203.14000,1.02194,0.02958,0.00001,0.00004,0.97037
203.28000,1.02194,0.03044,0.00001,0.00001,0.96954
203.42000,1.02194,0.02286,0.00001,0.00001,0.97712
203.56000,1.02194,0.01953,0.00000,0.00001,0.98046
203.70000,1.02194,0.01377,0.00000,0.00000,0.98622
203.84000,1.02194,0.01005,0.00000,0.00000,0.98995
203.98000,1.02194,0.01371,0.00002,0.00001,0.98625
204.12000,1.02194,0.02520,0.00004,0.00005,0.97471
204.25999,1.02194,0.04177,0.00014,0.00088,0.95721
204.39999,1.02194,0.03683,0.00021,0.00067,0.96229
204.53999,1.02194,0.05459,0.00011,0.00146,0.94384
204.67999,1.02194,0.03799,0.00008,0.00029,0.96165
204.82001,1.02193,0.03777,0.00001,0.00005,0.96217
204.96001,1.02193,0.02235,0.00002,0.00002,0.97760
205.10001,1.02193,0.01462,0.00001,0.00002,0.98535
205.24001,1.02193,0.01421,0.00002,0.00003,0.98574
205.38000,1.02193,0.01677,0.00001,0.00001,0.98321
205.52000,1.02193,0.01597,0.00006,0.00006,0.98391
205.66000,1.02193,0.02316,0.00002,0.00004,0.97678
205.80000,1.02193,0.01753,0.00001,0.00002,0.98244
205.94000,1.02194,0.01594,0.00001,0.00004,0.98401
206.08000,1.02194,0.03143,0.00002,0.00011,0.96844
206.22000,1.02194,0.03808,0.00003,0.00010,0.96178
206.36000,1.02194,0.02983,0.00002,0.00005,0.97010
206.50000,1.02194,0.02446,0.00002,0.00005,0.97547
206.64000,1.02194,0.02983,0.00011,0.00011,0.96995
206.78000,1.02194,0.04160,0.00013,0.00090,0.95737
206.92000,1.02194,0.06835,0.00029,0.00202,0.92934
207.06000,1.02194,0.03010,0.00008,0.00034,0.96948
207.20000,1.02194,0.04257,0.00031,0.00057,0.95655
207.34000,1.02194,0.03419,0.00041,0.00107,0.96434
207.48000,1.02194,0.03625,0.00086,0.00131,0.96157
207.62000,1.02194,0.03843,0.00041,0.00173,0.95944
207.75999,1.02194,0.02803,0.00032,0.00066,0.97099
207.89999,1.02194,0.02609,0.00012,0.00030,0.97349
208.03999,1.02194,0.02029,0.00012,0.00018,0.97941
208.17999,1.02194,0.01498,0.00006,0.00019,0.98477
208.32001,1.02193,0.01357,0.00007,0.00016,0.98620
208.46001,1.02193,0.01277,0.00004,0.00010,0.98709
208.60001,1.02193,0.01302,0.00003,0.00015,0.98680
208.74001,1.02193,0.01291,0.00006,0.00012,0.98691
208.88000,1.02193,0.01246,0.00013,0.00014,0.98726
209.02000,1.02193,0.01625,0.00043,0.00046,0.98286
209.16000,1.02193,0.01514,0.00025,0.00040,0.98421
209.30000,1.02193,0.02266,0.00046,0.00085,0.97603
209.44000,1.02194,0.02431,0.00017,0.00027,0.97525
209.58000,1.02194,0.02090,0.00020,0.00038,0.97852
209.72000,1.02194,0.01788,0.00016,0.00027,0.98169
209.86000,1.02194,0.02575,0.00019,0.00038,0.97368
210.00000,1.02194,0.03175,0.00011,0.00026,0.96788
210.14000,1.02194,0.02618,0.00011,0.00024,0.97346
210.28000,1.02194,0.02254,0.00026,0.00032,0.97688
210.42000,1.02194,0.02530,0.00022,0.00061,0.97387
210.56000,1.02194,0.02568,0.00013,0.00036,0.97384
210.70000,1.02194,0.01798,0.00006,0.00007,0.98189
210.84000,1.02194,0.02043,0.00050,0.00020,0.97888
210.98000,1.02194,0.02118,0.00029,0.00014,0.97839
211.12000,1.02194,0.01569,0.00028,0.00006,0.98398
211.25999,1.02194,0.01642,0.00026,0.00005,0.98327
211.39999,1.02194,0.01812,0.00031,0.00005,0.98152
211.53999,1.02194,0.02149,0.00089,0.00017,0.97746
211.67999,1.02194,0.02600,0.00049,0.00021,0.97330
211.82001,1.02193,0.02014,0.00005,0.00002,0.97979
211.96001,1.02193,0.01517,0.00010,0.00004,0.98469
212.10001,1.02193,0.01489,0.00004,0.00006,0.98501
212.24001,1.02193,0.01415,0.00004,0.00008,0.98573
212.38000,1.02193,0.01217,0.00000,0.00001,0.98782
212.52000,1.02193,0.00788,0.00000,0.00000,0.99211
212.66000,1.02193,0.00784,0.00001,0.00001,0.99214
212.80000,1.02193,0.01274,0.00001,0.00002,0.98723
212.94000,1.02194,0.01515,0.00003,0.00003,0.98479
213.08000,1.02194,0.01423,0.00000,0.00001,0.98576
213.22000,1.02194,0.01554,0.00001,0.00001,0.98445
213.36000,1.02194,0.02341,0.00010,0.00024,0.97626
213.50000,1.02194,0.02374,0.00006,0.00030,0.97590
213.64000,1.02194,0.01893,0.00004,0.00017,0.98086
213.78000,1.02194,0.02022,0.00006,0.00011,0.97960
213.92000,1.02194,0.01631,0.00002,0.00005,0.98362
214.06000,1.02194,0.01134,0.00002,0.00003,0.98861
214.20000,1.02194,0.00938,0.00002,0.00003,0.99057
214.34000,1.02194,0.00875,0.00001,0.00001,0.99123
214.48000,1.02194,0.00853,0.00001,0.00000,0.99146
214.62000,1.02194,0.00731,0.00002,0.00001,0.99266
214.75999,1.02194,0.00859,0.00001,0.00002,0.99138
214.89999,1.02194,0.00740,0.00004,0.00001,0.99254
215.03999,1.02194,0.01297,0.00006,0.00011,0.98685
215.17999,1.02194,0.01326,0.00007,0.00006,0.98662
215.32001,1.02193,0.01526,0.00003,0.00007,0.98465
215.46001,1.02193,0.01361,0.00004,0.00008,0.98628
215.60001,1.02193,0.01481,0.00002,0.00005,0.98512
215.74001,1.02193,0.01403,0.00005,0.00006,0.98586
215.88000,1.02193,0.01746,0.00003,0.00005,0.98246
216.02000,1.02193,0.01726,0.00002,0.00007,0.98265
216.16000,1.02193,0.01842,0.00007,0.00025,0.98126
216.30000,1.02193,0.01708,0.00005,0.00020,0.98267
216.44000,1.02194,0.01912,0.00008,0.00026,0.98054
216.58000,1.02194,0.01887,0.00012,0.00062,0.98040
216.72000,1.02194,0.01627,0.00006,0.00019,0.98347
216.86000,1.02194,0.01545,0.00002,0.00006,0.98446
217.00000,1.02194,0.01162,0.00005,0.00003,0.98830
217.14000,1.02194,0.01612,0.00003,0.00004,0.98380
217.28000,1.02194,0.01443,0.00005,0.00004,0.98548
217.42000,1.02194,0.01589,0.00001,0.00001,0.98409
217.56000,1.02194,0.01592,0.00003,0.00001,0.98405
217.70000,1.02194,0.01904,0.00001,0.00001,0.98094
217.84000,1.02194,0.03220,0.00006,0.00004,0.96769
217.98000,1.02194,0.05649,0.00004,0.00008,0.94339
218.12000,1.02194,0.04129,0.00008,0.00012,0.95850
218.25999,1.02194,0.03711,0.00001,0.00001,0.96287
218.39999,1.02194,0.02345,0.00003,0.00003,0.97649
218.53999,1.02194,0.02914,0.00005,0.00008,0.97073
218.67999,1.02194,0.02986,0.00004,0.00007,0.97003
218.82001,1.02193,0.01388,0.00000,0.00000,0.98612
218.96001,1.02193,0.01673,0.00000,0.00000,0.98327
219.10001,1.02193,0.01911,0.00001,0.00001,0.98087
219.24001,1.02193,0.02797,0.00002,0.00005,0.97197
219.38000,1.02193,0.03004,0.00001,0.00001,0.96994
219.52000,1.02193,0.02276,0.00001,0.00000,0.97723
219.66000,1.02193,0.02761,0.00004,0.00001,0.97234
219.80000,1.02193,0.02413,0.00006,0.00002,0.97579
219.94000,1.02194,0.01268,0.00002,0.00001,0.98728
220.08000,1.02194,0.01524,0.00002,0.00001,0.98472
220.22000,1.02194,0.01156,0.00002,0.00001,0.98841
220.36000,1.02194,0.02043,0.00002,0.00003,0.97952
220.50000,1.02194,0.03279,0.00004,0.00008,0.96709
220.64000,1.02194,0.02363,0.00003,0.00014,0.97620
220.78000,1.02194,0.03240,0.00003,0.00025,0.96732
220.92000,1.02194,0.02842,0.00002,0.00019,0.97137
221.06000,1.02194,0.03401,0.00015,0.00053,0.96531
221.20000,1.02194,0.03038,0.00023,0.00068,0.96871
221.34000,1.02194,0.02696,0.00014,0.00042,0.97248
221.48000,1.02194,0.02615,0.00018,0.00052,0.97315
221.62000,1.02194,0.02894,0.00033,0.00076,0.96996
221.75999,1.02194,0.02870,0.00038,0.00090,0.97001
221.89999,1.02194,0.02747,0.00093,0.00103,0.97057
222.03999,1.02194,0.03035,0.00048,0.00127,0.96790
222.17999,1.02194,0.03094,0.00085,0.00123,0.96698
222.32001,1.02193,0.02448,0.00029,0.00092,0.97431
222.46001,1.02193,0.02429,0.00035,0.00089,0.97447
222.60001,1.02193,0.02279,0.00024,0.00068,0.97629
222.74001,1.02193,0.02191,0.00027,0.00088,0.97694
222.88000,1.02193,0.02413,0.00029,0.00128,0.97430
223.02000,1.02193,0.02788,0.00021,0.00167,0.97023
223.16000,1.02193,0.02942,0.00019,0.00180,0.96858
223.30000,1.02193,0.03832,0.00070,0.00339,0.95759
223.44000,1.02194,0.03662,0.00047,0.00364,0.95927
223.58000,1.02194,0.03473,0.00002,0.00027,0.96498
223.72000,1.02194,0.02366,0.00004,0.00009,0.97622
223.86000,1.02194,0.02525,0.00002,0.00004,0.97470
224.00000,1.02194,0.01987,0.00003,0.00005,0.98005
224.14000,1.02194,0.01600,0.00001,0.00001,0.98398
224.28000,1.02194,0.01638,0.00000,0.00001,0.98361
224.42000,1.02194,0.01203,0.00000,0.00000,0.98796
224.56000,1.02194,0.01698,0.00003,0.00007,0.98292
224.70000,1.02194,0.01685,0.00002,0.00004,0.98310
224.84000,1.02194,0.01155,0.00001,0.00004,0.98840
224.98000,1.02194,0.01256,0.00003,0.00007,0.98733
225.12000,1.02194,0.01248,0.00002,0.00008,0.98742
225.25999,1.02194,0.01286,0.00002,0.00006,0.98705
225.39999,1.02194,0.01266,0.00004,0.00003,0.98726
225.53999,1.02194,0.01191,0.00014,0.00004,0.98791
225.67999,1.02194,0.01246,0.00001,0.00000,0.98753
225.82001,1.02193,0.01471,0.00001,0.00000,0.98527
225.96001,1.02193,0.01550,0.00000,0.00000,0.98450
226.10001,1.02193,0.01415,0.00001,0.00001,0.98583
226.24001,1.02193,0.01957,0.00002,0.00001,0.98040
226.38000,1.02193,0.01744,0.00001,0.00001,0.98254
226.52000,1.02193,0.02884,0.00003,0.00003,0.97110
226.66000,1.02193,0.02776,0.00014,0.00012,0.97197
226.80000,1.02193,0.02312,0.00010,0.00018,0.97660
226.94000,1.02194,0.02356,0.00057,0.00036,0.97551
227.08000,1.02194,0.02907,0.00070,0.00073,0.96951
227.22000,1.02194,0.09453,0.00078,0.00221,0.90249
227.36000,1.02194,0.06229,0.00015,0.00090,0.93666
227.50000,1.02194,0.04821,0.00007,0.00049,0.95123
227.64000,1.02194,0.05343,0.00004,0.00066,0.94587
227.78000,1.02194,0.05407,0.00004,0.00045,0.94544
227.92000,1.02194,0.04530,0.00001,0.00007,0.95463
228.06000,1.02194,0.02260,0.00001,0.00004,0.97735
228.20000,1.02194,0.00961,0.00001,0.00002,0.99036
228.34000,1.02194,0.01407,0.00003,0.00005,0.98585
228.48000,1.02194,0.01414,0.00002,0.00003,0.98581
228.62000,1.02194,0.01382,0.00003,0.00004,0.98611
228.75999,1.02194,0.01672,0.00009,0.00008,0.98311
228.89999,1.02194,0.28016,0.00000,0.00009,0.71976
229.03999,1.02194,0.24630,0.00000,0.00007,0.75363
229.17999,1.02194,0.22653,0.00000,0.00004,0.77343
229.32001,1.02193,0.21875,0.00000,0.00003,0.78122
229.46001,1.02193,0.24990,0.00000,0.00002,0.75008
229.60001,1.02193,0.20810,0.00000,0.00002,0.79187
229.74001,1.02193,0.05408,0.00001,0.00004,0.94587
229.88000,1.02193,0.01942,0.00003,0.00014,0.98041
230.02000,1.02193,0.07977,0.00002,0.00070,0.91951
230.16000,1.02193,0.07356,0.00008,0.00179,0.92457
230.30000,1.02193,0.06836,0.00006,0.00123,0.93036
230.44000,1.02194,0.05242,0.00007,0.00104,0.94647
230.58000,1.02194,0.04468,0.00004,0.00081,0.95448
230.72000,1.02194,0.05533,0.00003,0.00060,0.94404
230.86000,1.02194,0.03712,0.00002,0.00016,0.96270
231.00000,1.02194,0.01073,0.00002,0.00004,0.98921
231.14000,1.02194,0.01076,0.00002,0.00005,0.98916
231.28000,1.02194,0.00940,0.00003,0.00005,0.99052
231.42000,1.02194,0.01154,0.00003,0.00011,0.98832
231.56000,1.02194,0.01346,0.00006,0.00017,0.98631
231.70000,1.02194,0.01622,0.00005,0.00018,0.98355
231.84000,1.02194,0.01554,0.00002,0.00015,0.98428
231.98000,1.02194,0.01693,0.00005,0.00027,0.98275
232.12000,1.02194,0.02224,0.00009,0.00057,0.97709
232.25999,1.02194,0.02437,0.00010,0.00061,0.97492
232.39999,1.02194,0.01822,0.00005,0.00023,0.98150
232.53999,1.02194,0.01768,0.00004,0.00027,0.98201
232.67999,1.02194,0.01396,0.00005,0.00018,0.98581
232.82001,1.02193,0.01542,0.00008,0.00020,0.98430
232.96001,1.02193,0.01515,0.00006,0.00019,0.98460
233.10001,1.02193,0.01658,0.00005,0.00024,0.98312
233.24001,1.02193,0.01439,0.00011,0.00033,0.98518
233.38000,1.02193,0.01584,0.00005,0.00021,0.98390
233.52000,1.02193,0.01233,0.00003,0.00005,0.98759
233.66000,1.02193,0.01528,0.00001,0.00002,0.98468
233.80000,1.02193,0.01332,0.00002,0.00004,0.98663
233.94000,1.02194,0.01376,0.00001,0.00001,0.98622
234.08000,1.02194,0.01496,0.00001,0.00001,0.98502
234.22000,1.02194,0.01788,0.00001,0.00000,0.98211
234.36000,1.02194,0.01338,0.00010,0.00002,0.98649
234.50000,1.02194,0.02274,0.00006,0.00005,0.97715
234.64000,1.02194,0.02275,0.00002,0.00001,0.97722
234.78000,1.02194,0.02809,0.00012,0.00004,0.97175
234.92000,1.02194,0.02304,0.00006,0.00004,0.97686
235.06000,1.02194,0.02741,0.00003,0.00009,0.97248
235.20000,1.02194,0.03119,0.00001,0.00004,0.96876
235.34000,1.02194,0.02201,0.00002,0.00003,0.97794
235.48000,1.02194,0.01977,0.00009,0.00007,0.98007
235.62000,1.02194,0.02259,0.00003,0.00003,0.97735
235.75999,1.02194,0.01788,0.00002,0.00001,0.98209
235.89999,1.02194,0.01469,0.00003,0.00002,0.98527
236.03999,1.02194,0.01646,0.00004,0.00002,0.98348
236.17999,1.02194,0.00933,0.00002,0.00000,0.99066
236.32001,1.02193,0.00746,0.00000,0.00000,0.99253
236.46001,1.02193,0.01111,0.00002,0.00000,0.98887
236.60001,1.02193,0.00750,0.00000,0.00000,0.99250
236.74001,1.02193,0.00663,0.00001,0.00001,0.99336
236.88000,1.02193,0.00781,0.00000,0.00000,0.99218
237.02000,1.02193,0.01276,0.00001,0.00002,0.98721
237.16000,1.02193,0.01982,0.00021,0.00041,0.97956
237.30000,1.02193,0.02611,0.00028,0.00098,0.97263
237.44000,1.02194,0.02735,0.00098,0.00264,0.96904
237.58000,1.02194,0.04021,0.00179,0.00694,0.95107
237.72000,1.02194,0.04575,0.00189,0.00890,0.94346
237.86000,1.02194,0.05284,0.00123,0.00836,0.93756
238.00000,1.02194,0.05371,0.00069,0.00558,0.94003
238.14000,1.02194,0.03402,0.00034,0.00200,0.96363
238.28000,1.02194,0.02988,0.00018,0.00114,0.96879
238.42000,1.02194,0.02217,0.00012,0.00049,0.97721
238.56000,1.02194,0.01700,0.00003,0.00006,0.98291
238.70000,1.02194,0.01638,0.00000,0.00000,0.98362
238.84000,1.02194,0.01439,0.00000,0.00000,0.98560
238.98000,1.02194,0.01238,0.00000,0.00000,0.98761
239.12000,1.02194,0.00987,0.00001,0.00000,0.99012
239.25999,1.02194,0.00945,0.00000,0.00000,0.99055
239.39999,1.02194,0.01119,0.00002,0.00000,0.98879
239.53999,1.02194,0.01096,0.00001,0.00000,0.98903
239.67999,1.02194,0.00685,0.00001,0.00000,0.99314
239.82001,1.02193,0.00615,0.00003,0.00000,0.99383
239.96001,1.02193,0.00861,0.00002,0.00000,0.99138
240.10001,1.02193,0.00918,0.00001,0.00000,0.99080
240.24001,1.02193,0.01151,0.00000,0.00001,0.98848
240.38000,1.02193,0.01677,0.00000,0.00000,0.98322
240.52000,1.02193,0.03147,0.00004,0.00004,0.96845
240.66000,1.02193,0.04572,0.00007,0.00011,0.95411
240.80000,1.02193,0.05257,0.00008,0.00012,0.94723
240.94000,1.02194,0.05989,0.00007,0.00013,0.93991
241.08000,1.02194,0.03764,0.00015,0.00015,0.96206
241.22000,1.02194,0.04778,0.00042,0.00026,0.95154
241.36000,1.02194,0.01802,0.00048,0.00031,0.98120
241.50000,1.02194,0.01847,0.00022,0.00017,0.98114
241.64000,1.02194,0.01615,0.00016,0.00020,0.98349
241.78000,1.02194,0.02306,0.00073,0.00068,0.97553
241.92000,1.02194,0.02652,0.00078,0.00107,0.97163
242.06000,1.02194,0.03641,0.00050,0.00257,0.96052
242.20000,1.02194,0.04906,0.00090,0.00634,0.94370
242.34000,1.02194,0.05295,0.00067,0.00550,0.94088
242.48000,1.02194,0.07445,0.00129,0.00643,0.91783
242.62000,1.02194,0.05892,0.00104,0.00471,0.93533
242.75999,1.02194,0.05580,0.00060,0.00491,0.93869
242.89999,1.02194,0.05099,0.00066,0.00344,0.94491
243.03999,1.02194,0.04488,0.00068,0.00286,0.95158
243.17999,1.02194,0.03597,0.00061,0.00174,0.96168
243.32001,1.02193,0.02569,0.00069,0.00162,0.97199
243.46001,1.02193,0.03052,0.00067,0.00302,0.96579
243.60001,1.02193,0.02837,0.00082,0.00276,0.96806
243.74001,1.02193,0.02948,0.00087,0.00317,0.96648
243.88000,1.02193,0.03339,0.00091,0.00446,0.96125
244.02000,1.02193,0.03410,0.00072,0.00439,0.96079
244.16000,1.02193,0.03795,0.00088,0.00563,0.95553
244.30000,1.02193,0.03650,0.00074,0.00486,0.95790
244.44000,1.02194,0.02762,0.00021,0.00103,0.97114
244.58000,1.02194,0.02821,0.00028,0.00150,0.97001
244.72000,1.02194,0.02865,0.00035,0.00144,0.96956
244.86000,1.02194,0.03024,0.00029,0.00141,0.96806
245.00000,1.02194,0.03164,0.00023,0.00102,0.96711
245.14000,1.02194,0.02744,0.00026,0.00132,0.97098
245.28000,1.02194,0.02817,0.00063,0.00221,0.96900
245.42000,1.02194,0.03490,0.00069,0.00376,0.96065
245.56000,1.02194,0.03534,0.00063,0.00364,0.96039
245.70000,1.02194,0.03847,0.00057,0.00424,0.95673
245.84000,1.02194,0.03554,0.00074,0.00380,0.95992
245.98000,1.02194,0.03589,0.00040,0.00248,0.96122
246.12000,1.02194,0.02758,0.00048,0.00123,0.97072
246.25999,1.02194,0.02974,0.00039,0.00129,0.96858
246.39999,1.02194,0.02761,0.00039,0.00093,0.97106
246.53999,1.02194,0.02657,0.00022,0.00074,0.97247
246.67999,1.02194,0.02033,0.00026,0.00055,0.97885
246.82001,1.02193,0.02510,0.00026,0.00070,0.97394
246.96001,1.02193,0.02300,0.00038,0.00107,0.97555
247.10001,1.02193,0.02725,0.00030,0.00146,0.97099
247.24001,1.02193,0.02414,0.00037,0.00150,0.97399
247.38000,1.02193,0.02558,0.00027,0.00112,0.97304
247.52000,1.02193,0.02400,0.00025,0.00063,0.97512
247.66000,1.02193,0.02995,0.00023,0.00073,0.96909
247.80000,1.02193,0.02320,0.00018,0.00042,0.97620
247.94000,1.02194,0.02081,0.00024,0.00040,0.97854
248.08000,1.02194,0.02024,0.00019,0.00029,0.97928
248.22000,1.02194,0.02896,0.00045,0.00063,0.96996
248.36000,1.02194,0.02273,0.00073,0.00070,0.97584
248.50000,1.02194,0.02512,0.00063,0.00138,0.97286
248.64000,1.02194,0.03271,0.00052,0.00302,0.96375
248.78000,1.02194,0.03387,0.00065,0.00330,0.96218
248.92000,1.02194,0.04129,0.00061,0.00504,0.95306
249.06000,1.02194,0.04481,0.00060,0.00574,0.94885
249.20000,1.02194,0.03803,0.00050,0.00439,0.95708
249.34000,1.02194,0.03426,0.00048,0.00320,0.96206
249.48000,1.02194,0.03234,0.00047,0.00292,0.96427
249.62000,1.02194,0.03145,0.00037,0.00262,0.96557
249.75999,1.02194,0.03167,0.00038,0.00239,0.96556
249.89999,1.02194,0.02733,0.00040,0.00149,0.97077
250.03999,1.02194,0.02679,0.00035,0.00162,0.97125
250.17999,1.02194,0.02579,0.00041,0.00165,0.97216
250.32001,1.02193,0.02175,0.00014,0.00046,0.97765
250.46001,1.02193,0.01901,0.00007,0.00035,0.98057
250.60001,1.02193,0.01981,0.00011,0.00041,0.97966
250.74001,1.02193,0.02182,0.00006,0.00026,0.97787
250.88000,1.02193,0.02006,0.00008,0.00025,0.97961
251.02000,1.02193,0.01470,0.00005,0.00017,0.98508
251.16000,1.02193,0.02019,0.00012,0.00045,0.97923
251.30000,1.02193,0.02675,0.00013,0.00116,0.97196
251.44000,1.02194,0.02651,0.00015,0.00104,0.97230
251.58000,1.02194,0.02726,0.00019,0.00121,0.97134
251.72000,1.02194,0.02411,0.00030,0.00116,0.97443
251.86000,1.02194,0.02767,0.00028,0.00174,0.97030
252.00000,1.02194,0.03185,0.00034,0.00253,0.96527
252.14000,1.02194,0.03293,0.00034,0.00268,0.96404
252.28000,1.02194,0.03179,0.00035,0.00270,0.96517
252.42000,1.02194,0.03324,0.00033,0.00274,0.96369
252.56000,1.02194,0.03731,0.00044,0.00392,0.95833
252.70000,1.02194,0.03861,0.00046,0.00406,0.95686
252.84000,1.02194,0.03198,0.00036,0.00292,0.96474
252.98000,1.02194,0.02959,0.00023,0.00196,0.96821
253.12000,1.02194,0.02852,0.00004,0.00035,0.97109
253.25999,1.02194,0.03020,0.00005,0.00022,0.96952
253.39999,1.02194,0.02114,0.00001,0.00002,0.97882
253.53999,1.02194,0.02108,0.00001,0.00002,0.97889
253.67999,1.02194,0.02136,0.00001,0.00003,0.97860
253.82001,1.02193,0.02061,0.00002,0.00004,0.97934
