Time (seconds), Duration (seconds),pred_(unlabeled),pred_brushing_teeth,pred_hair_drying,pred_showering
0.00000,0.62194,1.00000,0.00000,0.00000,0.00000
0.33000,0.62194,0.99981,0.00000,0.00018,0.00000
0.66000,0.62194,0.99949,0.00001,0.00049,0.00001
0.99000,0.62194,0.99997,0.00000,0.00003,0.00000
1.32000,0.62194,0.99989,0.00000,0.00011,0.00000
1.65000,0.62194,0.99996,0.00000,0.00004,0.00000
1.98000,0.62194,0.99999,0.00000,0.00001,0.00000
2.31000,0.62194,0.99999,0.00000,0.00001,0.00000
2.64000,0.62194,0.99999,0.00000,0.00000,0.00000
2.97000,0.62194,0.99999,0.00000,0.00001,0.00000
3.30000,0.62194,0.99955,0.00000,0.00044,0.00001
3.63000,0.62194,0.99943,0.00000,0.00056,0.00001
3.96000,0.62194,0.99989,0.00000,0.00010,0.00000
4.29000,0.62194,0.99990,0.00000,0.00009,0.00000
4.62000,0.62194,0.99959,0.00003,0.00034,0.00003
4.95000,0.62194,0.99945,0.00009,0.00031,0.00014
5.28000,0.62194,0.99800,0.00013,0.00158,0.00029
5.61000,0.62194,0.99927,0.00003,0.00066,0.00004
5.94000,0.62194,0.34947,0.00001,0.65014,0.00037
6.27000,0.62194,0.99548,0.00000,0.00451,0.00001
6.60000,0.62194,0.99978,0.00001,0.00020,0.00001
6.93000,0.62194,0.99953,0.00003,0.00041,0.00003
7.26000,0.62194,0.99956,0.00002,0.00040,0.00002
7.59000,0.62194,0.99984,0.00001,0.00015,0.00001
7.92000,0.62194,0.99990,0.00001,0.00009,0.00001
8.25000,0.62194,0.99597,0.00004,0.00387,0.00011
8.58000,0.62194,0.99966,0.00001,0.00031,0.00001
8.91000,0.62194,0.99997,0.00000,0.00003,0.00000
9.24000,0.62194,0.99998,0.00000,0.00002,0.00000
9.57000,0.62194,0.99988,0.00001,0.00011,0.00001
9.90000,0.62194,0.99975,0.00001,0.00024,0.00001
10.23000,0.62194,0.99997,0.00000,0.00003,0.00000
10.56000,0.62194,0.99998,0.00000,0.00001,0.00000
10.89000,0.62194,0.99999,0.00000,0.00001,0.00000
11.22000,0.62194,0.99998,0.00000,0.00002,0.00000
11.55000,0.62194,0.99998,0.00000,0.00002,0.00000
11.88000,0.62194,0.99998,0.00000,0.00001,0.00000
12.21000,0.62194,0.99998,0.00000,0.00001,0.00000
12.54000,0.62194,0.99999,0.00000,0.00001,0.00000
12.87000,0.62194,0.99998,0.00000,0.00002,0.00000
13.20000,0.62194,0.99997,0.00000,0.00003,0.00000
13.53000,0.62194,0.99974,0.00001,0.00024,0.00001
13.86000,0.62194,0.99993,0.00001,0.00006,0.00001
14.19000,0.62194,0.99997,0.00000,0.00002,0.00000
14.52000,0.62194,0.99936,0.00006,0.00046,0.00012
14.85000,0.62194,0.44820,0.00075,0.45015,0.10089
15.18000,0.62194,0.99623,0.00023,0.00281,0.00074
15.51000,0.62194,0.99993,0.00002,0.00004,0.00001
15.84000,0.62194,0.99996,0.00001,0.00002,0.00001
16.17000,0.62194,0.85353,0.00042,0.10582,0.04023
16.50000,0.62194,0.95292,0.00014,0.04210,0.00485
16.83000,0.62194,0.99966,0.00001,0.00033,0.00001
17.16000,0.62194,0.95170,0.00011,0.04788,0.00031
17.49000,0.62194,0.99285,0.00008,0.00692,0.00014
17.82000,0.62194,0.99442,0.00007,0.00541,0.00010
18.15000,0.62194,0.99991,0.00000,0.00009,0.00000
18.48000,0.62194,0.99994,0.00000,0.00006,0.00000
18.81000,0.62194,0.99997,0.00000,0.00003,0.00000
19.14000,0.62194,0.93968,0.02150,0.01322,0.02560
19.47000,0.62194,0.16151,0.23694,0.01028,0.59127
19.80000,0.62194,0.30043,0.02633,0.01078,0.66245
20.13000,0.62194,0.77128,0.01748,0.02041,0.19083
20.46000,0.62194,0.96833,0.00392,0.00873,0.01902
20.79000,0.62194,0.92637,0.00712,0.01695,0.04957
21.12000,0.62194,0.74645,0.01542,0.05738,0.18075
21.45000,0.62194,0.88114,0.00861,0.03492,0.07533
21.78000,0.62194,0.70158,0.01043,0.06282,0.22517
22.11000,0.62194,0.22875,0.00768,0.03472,0.72884
22.44000,0.62194,0.22471,0.00829,0.02965,0.73736
22.77000,0.62194,0.28250,0.01370,0.01403,0.68976
23.10000,0.62194,0.86289,0.01204,0.01830,0.10677
23.43000,0.62194,0.92775,0.00712,0.01881,0.04632
23.76000,0.62194,0.86424,0.01079,0.04638,0.07860
24.09000,0.62194,0.77694,0.01696,0.06543,0.14067
24.42000,0.62194,0.76722,0.01435,0.06620,0.15223
24.75000,0.62194,0.71864,0.01576,0.06204,0.20356
25.08000,0.62194,0.95148,0.00510,0.01094,0.03247
25.41000,0.62194,0.93224,0.00599,0.02024,0.04153
25.74000,0.62194,0.91315,0.00754,0.02509,0.05423
26.07000,0.62194,0.89951,0.00805,0.03441,0.05802
26.40000,0.62194,0.85747,0.00927,0.06080,0.07246
26.73000,0.62194,0.96247,0.00392,0.01221,0.02140
27.06000,0.62194,0.98337,0.00204,0.00581,0.00877
27.39000,0.62194,0.96998,0.00325,0.01080,0.01597
27.72000,0.62194,0.92721,0.00696,0.01764,0.04819
28.05000,0.62194,0.81234,0.01515,0.02865,0.14386
28.38000,0.62194,0.81673,0.01473,0.02558,0.14297
28.71000,0.62194,0.79993,0.01723,0.01871,0.16413
29.04000,0.62194,0.55298,0.02296,0.03213,0.39193
29.37000,0.62194,0.64837,0.02383,0.04432,0.28348
29.70000,0.62194,0.68123,0.02220,0.03143,0.26514
30.03000,0.62194,0.54790,0.01957,0.02189,0.41064
30.36000,0.62194,0.57529,0.02568,0.02540,0.37363
30.69000,0.62194,0.43691,0.02287,0.01991,0.52030
31.02000,0.62194,0.40031,0.01853,0.01126,0.56991
31.35000,0.62194,0.45870,0.02811,0.01770,0.49549
31.68000,0.62194,0.37015,0.02125,0.03950,0.56910
32.01000,0.62194,0.49338,0.02031,0.04554,0.44077
32.34000,0.62194,0.88193,0.01044,0.01683,0.09080
32.67000,0.62194,0.92597,0.00790,0.01346,0.05267
33.00000,0.62194,0.89445,0.00915,0.01521,0.08119
33.33000,0.62194,0.52946,0.01660,0.01457,0.43937
33.66000,0.62194,0.61212,0.02135,0.01629,0.35024
33.99000,0.62194,0.68642,0.01614,0.02774,0.26970
34.32000,0.62194,0.75705,0.01591,0.03852,0.18851
34.65000,0.62194,0.78882,0.01375,0.02843,0.16900
34.98000,0.62194,0.73754,0.01644,0.02438,0.22165
35.31000,0.62194,0.44260,0.01719,0.03135,0.50886
35.64000,0.62194,0.76883,0.01528,0.02430,0.19160
35.97000,0.62194,0.83364,0.01182,0.01958,0.13496
36.30000,0.62194,0.76560,0.01488,0.03751,0.18201
36.63000,0.62194,0.68557,0.02030,0.05052,0.24362
36.96000,0.62194,0.67816,0.02182,0.03934,0.26068
37.29000,0.62194,0.86916,0.01070,0.02075,0.09939
37.62000,0.62194,0.90853,0.00785,0.01565,0.06798
37.95000,0.62194,0.85831,0.01088,0.02329,0.10752
38.28000,0.62194,0.93962,0.00625,0.01125,0.04288
38.61000,0.62194,0.94305,0.00573,0.01192,0.03930
38.94000,0.62194,0.83268,0.01305,0.03070,0.12357
39.27000,0.62194,0.78723,0.01643,0.03779,0.15856
39.60000,0.62194,0.74677,0.02000,0.03855,0.19467
39.93000,0.62194,0.63003,0.02162,0.03664,0.31170
40.26000,0.62194,0.73185,0.01723,0.02656,0.22436
40.59000,0.62194,0.80904,0.01436,0.03417,0.14243
40.92000,0.62194,0.36105,0.01637,0.04569,0.57689
41.25000,0.62194,0.20441,0.01122,0.00909,0.77528
41.58000,0.62194,0.19783,0.00876,0.01203,0.78139
41.91000,0.62194,0.20308,0.01198,0.02824,0.75670
42.24000,0.62194,0.19796,0.00929,0.01938,0.77338
42.57000,0.62194,0.19802,0.01095,0.02621,0.76482
42.90000,0.62194,0.17819,0.02373,0.04436,0.75372
43.23000,0.62194,0.18273,0.01467,0.02369,0.77891
43.56000,0.62194,0.17373,0.02223,0.01757,0.78646
43.89000,0.62194,0.18385,0.03604,0.07045,0.70966
44.22000,0.62194,0.16423,0.05610,0.17083,0.60884
44.55000,0.62194,0.16365,0.05869,0.08089,0.69677
44.88000,0.62194,0.15107,0.08473,0.06695,0.69726
45.21000,0.62194,0.17849,0.02564,0.02957,0.76630
45.54000,0.62194,0.19990,0.01462,0.02295,0.76253
45.87000,0.62194,0.18318,0.01670,0.02159,0.77853
46.20000,0.62194,0.19029,0.01920,0.02678,0.76374
46.53000,0.62194,0.18112,0.02890,0.04595,0.74403
46.86000,0.62194,0.18770,0.01362,0.01631,0.78236
47.19000,0.62194,0.18762,0.01864,0.01833,0.77541
47.52000,0.62194,0.19217,0.01661,0.02260,0.76862
47.85000,0.62194,0.19406,0.01371,0.04217,0.75006
48.18000,0.62194,0.19854,0.01754,0.06777,0.71615
48.51000,0.62194,0.18013,0.02202,0.10737,0.69048
48.84000,0.62194,0.17627,0.03102,0.07728,0.71543
49.17000,0.62194,0.18845,0.02900,0.08642,0.69613
49.50000,0.62194,0.19536,0.02011,0.07299,0.71154
49.83000,0.62194,0.19774,0.01863,0.08475,0.69889
50.16000,0.62194,0.21052,0.01145,0.05617,0.72186
50.49000,0.62194,0.20838,0.01119,0.06454,0.71589
50.82000,0.62194,0.19655,0.01251,0.02519,0.76576
51.15000,0.62194,0.16553,0.01953,0.00245,0.81248
51.48000,0.62194,0.19714,0.01786,0.00054,0.78446
51.81000,0.62194,0.21734,0.01735,0.00125,0.76407
52.14000,0.62194,0.22579,0.02094,0.00132,0.75195
52.47000,0.62194,0.25451,0.02563,0.00277,0.71709
52.80000,0.62194,0.24960,0.02397,0.00404,0.72239
53.13000,0.62194,0.24923,0.02270,0.00868,0.71939
53.46000,0.62194,0.24706,0.02288,0.00508,0.72498
53.79000,0.62194,0.23877,0.02282,0.00426,0.73415
54.12000,0.62194,0.46684,0.01841,0.00685,0.50790
54.45000,0.62194,0.51622,0.01837,0.00814,0.45728
54.78000,0.62194,0.22067,0.01659,0.00214,0.76060
55.11000,0.62194,0.30758,0.02242,0.00673,0.66327
55.44000,0.62194,0.33206,0.02349,0.01380,0.63065
55.77000,0.62194,0.30834,0.02285,0.00917,0.65964
56.10000,0.62194,0.28272,0.02904,0.00434,0.68390
56.43000,0.62194,0.23114,0.02512,0.00164,0.74210
56.76000,0.62194,0.24620,0.02371,0.00496,0.72513
57.09000,0.62194,0.31705,0.02396,0.01593,0.64306
57.42000,0.62194,0.35922,0.02276,0.04808,0.56994
57.75000,0.62194,0.55812,0.02715,0.05609,0.35864
58.08000,0.62194,0.45834,0.02337,0.09406,0.42422
58.41000,0.62194,0.24831,0.02924,0.00704,0.71542
58.74000,0.62194,0.25587,0.08243,0.01620,0.64550
59.07000,0.62194,0.23991,0.04437,0.00427,0.71145
59.40000,0.62194,0.20532,0.07707,0.00996,0.70765
59.73000,0.62194,0.22528,0.02834,0.01244,0.73393
60.06000,0.62194,0.22854,0.02200,0.00659,0.74287
60.39000,0.62194,0.21379,0.03184,0.03671,0.71766
60.72000,0.62194,0.21073,0.02411,0.01486,0.75031
61.05000,0.62194,0.25513,0.02425,0.00530,0.71532
61.38000,0.62194,0.24644,0.02418,0.00194,0.72744
61.71000,0.62194,0.21801,0.02523,0.00048,0.75629
62.04000,0.62194,0.21862,0.02158,0.00081,0.75898
62.37000,0.62194,0.35818,0.02430,0.01074,0.60678
62.70000,0.62194,0.35970,0.02486,0.00819,0.60725
63.03000,0.62194,0.37322,0.02221,0.00263,0.60194
63.36000,0.62194,0.39722,0.02247,0.02912,0.55119
63.69000,0.62194,0.47775,0.01865,0.04423,0.45938
64.02000,0.62194,0.39316,0.01149,0.17836,0.41699
64.35000,0.62194,0.17995,0.01832,0.25780,0.54392
64.68000,0.62194,0.12606,0.03540,0.00086,0.83768
65.01000,0.62193,0.16617,0.01149,0.00023,0.82212
65.34000,0.62194,0.18241,0.02298,0.00060,0.79400
65.67000,0.62194,0.18710,0.01670,0.00053,0.79566
66.00000,0.62194,0.16239,0.01839,0.00011,0.81911
66.33000,0.62193,0.15134,0.00809,0.00005,0.84052
66.66000,0.62193,0.16800,0.01452,0.00042,0.81706
66.99000,0.62194,0.12445,0.02967,0.00005,0.84584
67.32000,0.62194,0.14599,0.01916,0.00018,0.83467
67.65000,0.62193,0.14605,0.02231,0.00012,0.83152
67.98000,0.62193,0.17335,0.01462,0.00029,0.81175
68.31000,0.62194,0.13577,0.01673,0.00005,0.84745
68.64000,0.62194,0.13554,0.01866,0.00004,0.84577
68.97000,0.62193,0.13940,0.02326,0.00008,0.83725
69.30000,0.62193,0.12072,0.04266,0.00005,0.83657
69.63000,0.62194,0.10715,0.04710,0.00002,0.84573
69.96000,0.62194,0.09315,0.07132,0.00001,0.83552
70.29000,0.62193,0.10965,0.13222,0.00004,0.75809
70.62000,0.62193,0.15743,0.04852,0.00017,0.79388
70.95000,0.62194,0.18521,0.02146,0.00142,0.79190
71.28000,0.62194,0.18614,0.00705,0.00317,0.80364
71.61000,0.62194,0.19787,0.00713,0.00790,0.78710
71.94000,0.62193,0.18619,0.01600,0.00413,0.79369
72.27000,0.62194,0.21312,0.01080,0.00787,0.76822
72.60000,0.62194,0.23602,0.00959,0.02607,0.72832
72.93000,0.62194,0.25256,0.01287,0.04520,0.68936
73.26000,0.62193,0.22449,0.01468,0.01075,0.75008
73.59000,0.62194,0.19064,0.01937,0.00135,0.78863
73.92000,0.62194,0.21652,0.03120,0.00432,0.74796
74.25000,0.62194,0.19814,0.02691,0.00183,0.77312
74.58000,0.62193,0.16064,0.03546,0.00023,0.80367
74.91000,0.62193,0.17263,0.01492,0.00037,0.81207
75.24000,0.62194,0.18857,0.01597,0.00124,0.79422
75.57000,0.62194,0.20780,0.02291,0.00291,0.76637
75.90000,0.62193,0.13120,0.08428,0.00027,0.78425
76.23000,0.62193,0.13913,0.08109,0.00025,0.77953
76.56000,0.62194,0.12814,0.10224,0.00078,0.76884
76.89000,0.62194,0.12410,0.05889,0.00013,0.81688
77.22000,0.62193,0.12387,0.10044,0.00040,0.77530
77.55000,0.62193,0.11919,0.15607,0.00017,0.72457
77.88000,0.62194,0.14540,0.09549,0.00019,0.75892
78.21000,0.62194,0.12784,0.02565,0.00041,0.84610
78.54000,0.62193,0.11235,0.06498,0.00011,0.82256
78.87000,0.62193,0.14628,0.02288,0.00041,0.83042
79.20000,0.62194,0.20070,0.01017,0.00262,0.78651
79.53000,0.62194,0.21793,0.01371,0.00621,0.76214
79.86000,0.62194,0.22141,0.01687,0.01107,0.75065
80.19000,0.62193,0.17339,0.00720,0.00156,0.81786
80.52000,0.62194,0.16923,0.00596,0.00092,0.82388
80.85000,0.62194,0.19494,0.01036,0.00170,0.79300
81.18000,0.62194,0.16855,0.01308,0.00090,0.81747
81.51000,0.62193,0.16017,0.02533,0.00062,0.81388
81.84000,0.62194,0.12569,0.05137,0.00003,0.82292
82.17000,0.62194,0.11678,0.09795,0.00005,0.78522
82.50000,0.62194,0.11322,0.11430,0.00010,0.77239
82.83000,0.62193,0.12857,0.01879,0.00032,0.85232
83.16000,0.62193,0.11544,0.03681,0.00019,0.84756
83.49000,0.62194,0.08155,0.08711,0.00003,0.83131
83.82000,0.62194,0.07211,0.14356,0.00001,0.78432
84.15000,0.62193,0.12666,0.04892,0.00007,0.82435
84.48000,0.62193,0.11992,0.10151,0.00009,0.77847
84.81000,0.62194,0.07581,0.22765,0.00005,0.69648
85.14000,0.62194,0.08077,0.12473,0.00001,0.79449
85.47000,0.62193,0.08365,0.25110,0.00001,0.66524
85.80000,0.62193,0.12568,0.08249,0.00003,0.79181
86.13000,0.62194,0.11103,0.12650,0.00004,0.76243
86.46000,0.62194,0.11425,0.03522,0.00004,0.85048
86.79000,0.62193,0.12854,0.03563,0.00006,0.83578
87.12000,0.62193,0.13208,0.03569,0.00014,0.83210
87.45000,0.62194,0.17050,0.02405,0.00192,0.80353
87.78000,0.62194,0.20839,0.01549,0.00407,0.77206
88.11000,0.62194,0.18395,0.02345,0.00070,0.79190
88.44000,0.62193,0.18714,0.01469,0.00099,0.79717
88.77000,0.62194,0.16896,0.01158,0.00047,0.81900
89.10000,0.62194,0.15080,0.01403,0.00029,0.83488
89.43000,0.62194,0.13701,0.01387,0.00012,0.84900
89.76000,0.62193,0.11382,0.03043,0.00009,0.85565
90.09000,0.62194,0.12568,0.01435,0.00014,0.85983
90.42000,0.62194,0.17385,0.00531,0.00110,0.81975
90.75000,0.62194,0.09181,0.10781,0.00102,0.79936
91.08000,0.62193,0.07960,0.12528,0.00007,0.79505
91.41000,0.62193,0.13300,0.02295,0.00003,0.84402
91.74000,0.62194,0.13319,0.01594,0.00005,0.85081
92.07000,0.62194,0.15356,0.01158,0.00016,0.83470
92.40000,0.62193,0.17530,0.01176,0.00066,0.81228
92.73000,0.62193,0.14366,0.01939,0.00008,0.83686
93.06000,0.62194,0.12947,0.03831,0.00005,0.83218
93.39000,0.62194,0.18255,0.01279,0.00084,0.80382
93.72000,0.62193,0.18045,0.01085,0.00127,0.80744
94.05000,0.62193,0.18531,0.01444,0.00388,0.79637
94.38000,0.62194,0.19626,0.02138,0.00403,0.77833
94.71000,0.62194,0.20981,0.02647,0.00775,0.75597
95.04000,0.62193,0.18053,0.03976,0.00319,0.77652
95.37000,0.62193,0.16928,0.01295,0.00145,0.81632
95.70000,0.62194,0.18440,0.01071,0.00215,0.80273
96.03000,0.62194,0.20339,0.01592,0.00247,0.77823
96.36000,0.62194,0.17618,0.02538,0.00042,0.79802
96.69000,0.62193,0.18759,0.01509,0.00113,0.79618
97.02000,0.62194,0.17396,0.01996,0.00047,0.80561
97.35000,0.62194,0.17410,0.02060,0.00045,0.80485
97.68000,0.62194,0.15862,0.02035,0.00031,0.82072
98.01000,0.62193,0.17165,0.01882,0.00124,0.80829
98.34000,0.62194,0.16591,0.01239,0.00063,0.82107
98.67000,0.62194,0.15341,0.01392,0.00015,0.83251
99.00000,0.62194,0.17072,0.01963,0.00026,0.80938
99.33000,0.62193,0.14334,0.04010,0.00013,0.81643
99.66000,0.62193,0.15219,0.02322,0.00025,0.82434
99.99000,0.62194,0.19248,0.00670,0.00238,0.79844
100.32000,0.62194,0.18532,0.00767,0.00205,0.80496
100.65000,0.62193,0.15829,0.01106,0.00050,0.83015
100.98000,0.62193,0.14085,0.02220,0.00011,0.83684
101.31000,0.62194,0.16972,0.01760,0.00023,0.81246
101.64000,0.62194,0.19872,0.01560,0.00124,0.78444
101.97000,0.62193,0.17392,0.00951,0.00057,0.81600
102.30000,0.62193,0.15211,0.00884,0.00011,0.83894
102.63000,0.62194,0.16802,0.01353,0.00031,0.81814
102.96000,0.62194,0.20241,0.00814,0.00278,0.78667
103.29000,0.62193,0.19541,0.02154,0.00547,0.77758
103.62000,0.62193,0.18994,0.02222,0.00198,0.78586
103.95000,0.62194,0.21923,0.01273,0.00866,0.75938
104.28000,0.62194,0.19847,0.01838,0.00368,0.77947
104.61000,0.62194,0.22811,0.01345,0.00831,0.75013
104.94000,0.62193,0.24443,0.01589,0.00872,0.73095
105.27000,0.62194,0.23252,0.01576,0.00640,0.74532
105.60000,0.62194,0.20162,0.01484,0.00333,0.78022
105.93000,0.62194,0.21392,0.01156,0.00470,0.76981
106.26000,0.62193,0.19421,0.01304,0.00157,0.79118
106.59000,0.62194,0.18836,0.00629,0.00174,0.80360
106.92000,0.62194,0.21154,0.01306,0.00775,0.76766
107.25000,0.62194,0.22969,0.01262,0.01875,0.73894
107.58000,0.62193,0.24003,0.01502,0.01217,0.73278
107.91000,0.62193,0.23791,0.01481,0.01208,0.73520
108.24000,0.62194,0.21727,0.01425,0.00660,0.76188
108.57000,0.62194,0.19553,0.01119,0.00301,0.79028
108.90000,0.62193,0.16567,0.00876,0.00025,0.82531
109.23000,0.62193,0.15008,0.01569,0.00005,0.83418
109.56000,0.62194,0.19545,0.01068,0.00214,0.79173
109.89000,0.62194,0.18515,0.01130,0.00142,0.80213
110.22000,0.62193,0.18019,0.01262,0.00064,0.80655
110.55000,0.62193,0.15876,0.00399,0.00072,0.83653
110.88000,0.62194,0.12986,0.01323,0.00010,0.85681
111.21000,0.62194,0.14921,0.01373,0.00009,0.83697
111.54000,0.62193,0.18669,0.01213,0.00087,0.80031
111.87000,0.62193,0.17772,0.02150,0.00068,0.80010
112.20000,0.62194,0.21168,0.01684,0.00240,0.76908
112.53000,0.62194,0.23255,0.00867,0.02203,0.73675
112.86000,0.62194,0.23872,0.01175,0.04352,0.70601
113.19000,0.62193,0.17234,0.00878,0.00230,0.81658
113.52000,0.62194,0.19877,0.00533,0.00997,0.78592
113.85000,0.62194,0.19985,0.00108,0.18424,0.61483
114.18000,0.62194,0.18063,0.00612,0.00293,0.81032
114.51000,0.62193,0.17880,0.01050,0.00098,0.80972
114.84000,0.62194,0.22204,0.00821,0.01315,0.75660
115.17000,0.62194,0.21415,0.01970,0.02157,0.74457
115.50000,0.62194,0.10481,0.17130,0.20440,0.51949
115.83000,0.62193,0.15777,0.04628,0.00811,0.78785
116.16000,0.62193,0.18448,0.01273,0.00070,0.80208
116.49000,0.62194,0.15930,0.01249,0.00020,0.82800
116.82000,0.62194,0.15626,0.02241,0.00011,0.82121
117.15000,0.62193,0.11860,0.07999,0.00090,0.80051
117.48000,0.62193,0.08677,0.19208,0.14039,0.58076
117.81000,0.62194,0.13582,0.02280,0.02092,0.82046
118.14000,0.62194,0.19125,0.00066,0.24549,0.56261
118.47000,0.62193,0.12113,0.00011,0.54494,0.33382
118.80000,0.62193,0.18948,0.00787,0.00531,0.79734
119.13000,0.62194,0.16669,0.01389,0.00016,0.81926
119.46000,0.62194,0.16149,0.01185,0.00010,0.82656
119.79000,0.62193,0.17092,0.00980,0.00014,0.81915
120.12000,0.62193,0.19301,0.00864,0.00072,0.79762
120.45000,0.62194,0.21584,0.01360,0.00667,0.76388
120.78000,0.62194,0.21655,0.01244,0.00868,0.76233
121.11000,0.62194,0.16933,0.01038,0.00057,0.81973
121.44000,0.62193,0.16691,0.00928,0.00019,0.82362
121.77000,0.62194,0.15114,0.01997,0.00011,0.82879
122.10000,0.62194,0.15771,0.02325,0.00014,0.81891
122.43000,0.62194,0.13293,0.03681,0.00002,0.83024
122.76000,0.62193,0.13562,0.03641,0.00003,0.82793
123.09000,0.62194,0.14799,0.02615,0.00010,0.82575
123.42000,0.62194,0.12419,0.06245,0.00009,0.81326
123.75000,0.62194,0.13099,0.05315,0.00011,0.81575
124.08000,0.62193,0.14970,0.01456,0.00020,0.83554
124.41000,0.62193,0.14914,0.02892,0.00020,0.82175
124.74000,0.62194,0.13589,0.03028,0.00011,0.83373
125.07000,0.62194,0.13180,0.03093,0.00005,0.83722
125.40000,0.62193,0.16538,0.00783,0.00023,0.82656
125.73000,0.62193,0.17014,0.00683,0.00042,0.82261
126.06000,0.62194,0.15822,0.00796,0.00024,0.83358
126.39000,0.62194,0.14576,0.01597,0.00008,0.83818
126.72000,0.62193,0.12691,0.04147,0.00004,0.83158
127.05000,0.62193,0.11317,0.07704,0.00013,0.80966
127.38000,0.62194,0.16277,0.01455,0.00025,0.82243
127.71000,0.62194,0.15899,0.01841,0.00027,0.82233
128.03999,0.62195,0.15537,0.01478,0.00021,0.82964
128.37000,0.62195,0.16436,0.01523,0.00032,0.82010
128.70000,0.62193,0.16979,0.01267,0.00030,0.81724
129.03000,0.62193,0.18618,0.00965,0.00117,0.80300
129.36000,0.62193,0.18318,0.00876,0.00057,0.80748
129.69000,0.62193,0.15913,0.01348,0.00015,0.82724
130.02000,0.62193,0.16889,0.01273,0.00017,0.81821
130.35001,0.62193,0.18940,0.00905,0.00090,0.80065
130.67999,0.62195,0.16400,0.01022,0.00012,0.82566
131.00999,0.62195,0.15307,0.00888,0.00007,0.83798
131.34000,0.62195,0.14874,0.01123,0.00007,0.83996
131.67000,0.62193,0.16965,0.00973,0.00040,0.82023
132.00000,0.62193,0.19994,0.01025,0.00212,0.78769
132.33000,0.62193,0.21325,0.01477,0.00421,0.76777
132.66000,0.62193,0.21863,0.01533,0.00818,0.75786
132.99001,0.62193,0.19258,0.01511,0.00125,0.79105
133.32001,0.62193,0.18324,0.00777,0.00071,0.80828
133.64999,0.62195,0.20107,0.01154,0.00219,0.78520
133.98000,0.62195,0.14821,0.07979,0.00253,0.76948
134.31000,0.62193,0.12050,0.10306,0.00123,0.77521
134.64000,0.62193,0.14717,0.02776,0.00013,0.82494
134.97000,0.62193,0.12464,0.04447,0.00008,0.83081
135.30000,0.62193,0.12583,0.03205,0.00011,0.84201
135.63000,0.62193,0.06899,0.20920,0.00011,0.72170
135.96001,0.62193,0.10782,0.05259,0.00004,0.83956
136.28999,0.62195,0.09964,0.10128,0.00017,0.79891
136.62000,0.62195,0.05051,0.38563,0.00028,0.56358
136.95000,0.62193,0.12680,0.01975,0.00006,0.85339
137.28000,0.62193,0.15572,0.00744,0.00013,0.83671
137.61000,0.62193,0.14848,0.01294,0.00051,0.83807
137.94000,0.62193,0.15326,0.00812,0.00051,0.83810
138.27000,0.62193,0.10865,0.09983,0.00008,0.79143
138.60001,0.62193,0.15602,0.03820,0.00034,0.80545
138.92999,0.62195,0.19260,0.01421,0.00165,0.79154
139.25999,0.62195,0.17610,0.01645,0.00107,0.80638
139.59000,0.62195,0.23272,0.01072,0.01294,0.74362
139.92000,0.62193,0.20749,0.01047,0.00567,0.77637
140.25000,0.62193,0.22337,0.01268,0.00567,0.75828
140.58000,0.62193,0.24075,0.01313,0.02183,0.72429
140.91000,0.62193,0.17340,0.01327,0.00082,0.81251
141.24001,0.62193,0.18095,0.00838,0.00076,0.80991
141.57001,0.62193,0.18529,0.01050,0.00090,0.80332
141.89999,0.62195,0.19019,0.00870,0.00091,0.80020
142.23000,0.62195,0.19851,0.00611,0.00431,0.79108
142.56000,0.62193,0.18742,0.00566,0.00272,0.80420
142.89000,0.62193,0.17945,0.00676,0.00119,0.81260
143.22000,0.62193,0.19986,0.00819,0.00474,0.78720
143.55000,0.62193,0.16088,0.05352,0.00069,0.78491
143.88000,0.62193,0.15802,0.02742,0.00017,0.81438
144.21001,0.62193,0.16182,0.01169,0.00039,0.82610
144.53999,0.62195,0.18971,0.01028,0.00128,0.79873
144.87000,0.62195,0.18651,0.00658,0.00191,0.80500
145.20000,0.62193,0.17979,0.00747,0.00076,0.81197
145.53000,0.62193,0.14916,0.04342,0.00050,0.80692
145.86000,0.62193,0.10744,0.11844,0.00184,0.77227
146.19000,0.62193,0.17369,0.01315,0.00171,0.81145
146.52000,0.62193,0.19534,0.00675,0.00183,0.79608
146.85001,0.62193,0.21137,0.00592,0.00747,0.77524
147.17999,0.62195,0.18964,0.00077,0.33142,0.47817
147.50999,0.62195,0.19309,0.00044,0.22393,0.58254
147.84000,0.62195,0.15798,0.00630,0.00041,0.83531
148.17000,0.62193,0.16925,0.00678,0.00048,0.82348
148.50000,0.62193,0.18339,0.00679,0.00177,0.80805
148.83000,0.62193,0.18334,0.00968,0.00158,0.80540
149.16000,0.62193,0.17434,0.00829,0.00227,0.81511
149.49001,0.62193,0.18825,0.00556,0.00295,0.80324
149.82001,0.62193,0.20944,0.00498,0.01471,0.77086
150.14999,0.62195,0.19056,0.00534,0.00442,0.79969
150.48000,0.62195,0.19931,0.00662,0.00576,0.78831
150.81000,0.62193,0.18982,0.00991,0.00436,0.79590
151.14000,0.62193,0.17911,0.00939,0.00169,0.80981
151.47000,0.62193,0.19301,0.00796,0.00153,0.79750
151.80000,0.62193,0.18889,0.01014,0.00139,0.79959
152.13000,0.62193,0.16971,0.01591,0.00080,0.81358
152.46001,0.62193,0.13474,0.02846,0.00011,0.83668
152.78999,0.62195,0.13459,0.01455,0.00008,0.85079
153.12000,0.62195,0.15106,0.01549,0.00039,0.83305
153.45000,0.62193,0.16906,0.02033,0.00625,0.80437
153.78000,0.62193,0.16818,0.01909,0.00538,0.80735
154.11000,0.62193,0.19085,0.00733,0.00131,0.80051
154.44000,0.62193,0.18030,0.00948,0.00102,0.80920
154.77000,0.62193,0.21005,0.00933,0.00428,0.77633
155.10001,0.62193,0.21827,0.01132,0.02555,0.74487
155.42999,0.62195,0.21874,0.01368,0.00911,0.75846
155.75999,0.62195,0.23827,0.01266,0.01861,0.73046
156.09000,0.62195,0.26101,0.01314,0.07266,0.65319
156.42000,0.62193,0.23304,0.00958,0.06571,0.69168
156.75000,0.62193,0.19177,0.01234,0.00134,0.79455
157.08000,0.62193,0.17317,0.01521,0.00016,0.81146
157.41000,0.62193,0.20663,0.00973,0.00331,0.78033
157.74001,0.62193,0.19589,0.01117,0.00473,0.78821
158.07001,0.62193,0.17947,0.01348,0.00142,0.80563
158.39999,0.62195,0.19456,0.01684,0.00378,0.78482
158.73000,0.62195,0.20843,0.01677,0.00882,0.76598
159.06000,0.62193,0.19816,0.01062,0.01352,0.77770
159.39000,0.62193,0.21886,0.01452,0.01588,0.75073
159.72000,0.62193,0.19631,0.01300,0.00704,0.78365
160.05000,0.62193,0.21807,0.01019,0.01360,0.75814
160.38000,0.62193,0.20242,0.01338,0.00396,0.78024
160.71001,0.62193,0.23484,0.00164,0.17656,0.58696
161.03999,0.62195,0.19736,0.00481,0.02536,0.77246
161.37000,0.62195,0.18705,0.01296,0.00078,0.79921
161.70000,0.62193,0.12731,0.14682,0.00020,0.72566
162.03000,0.62193,0.13211,0.05650,0.00003,0.81137
162.36000,0.62193,0.14230,0.02655,0.00004,0.83112
162.69000,0.62193,0.12434,0.03921,0.00007,0.83637
163.02000,0.62193,0.11607,0.07132,0.00006,0.81255
163.35001,0.62193,0.13585,0.01935,0.00005,0.84476
163.67999,0.62195,0.11872,0.04529,0.00004,0.83594
164.00999,0.62195,0.11920,0.04593,0.00007,0.83480
164.34000,0.62195,0.17256,0.01282,0.00029,0.81433
164.67000,0.62193,0.19678,0.01652,0.00109,0.78561
165.00000,0.62193,0.21374,0.01058,0.00320,0.77248
165.33000,0.62193,0.22732,0.01302,0.00931,0.75035
165.66000,0.62193,0.20656,0.01088,0.00279,0.77977
165.99001,0.62193,0.19517,0.00898,0.00084,0.79500
166.32001,0.62193,0.12545,0.03334,0.00024,0.84097
166.64999,0.62195,0.13564,0.02421,0.00013,0.84002
166.98000,0.62195,0.16020,0.01065,0.00016,0.82899
167.31000,0.62193,0.15135,0.00886,0.00017,0.83962
167.64000,0.62193,0.13582,0.02634,0.00006,0.83778
167.97000,0.62193,0.14576,0.02090,0.00011,0.83322
168.30000,0.62193,0.12437,0.07870,0.00054,0.79640
168.63000,0.62193,0.15083,0.02534,0.00007,0.82376
168.96001,0.62193,0.16908,0.01361,0.00014,0.81717
169.28999,0.62195,0.13640,0.02905,0.00002,0.83453
169.62000,0.62195,0.12975,0.03524,0.00003,0.83498
169.95000,0.62193,0.14848,0.01662,0.00022,0.83468
170.28000,0.62193,0.19716,0.00737,0.00299,0.79248
170.61000,0.62193,0.15985,0.00853,0.00021,0.83141
170.94000,0.62193,0.15583,0.00827,0.00010,0.83580
171.27000,0.62193,0.17929,0.00596,0.00050,0.81425
171.60001,0.62193,0.18448,0.00605,0.00086,0.80861
171.92999,0.62195,0.18109,0.00730,0.00063,0.81098
172.25999,0.62195,0.17949,0.01505,0.00027,0.80519
172.59000,0.62195,0.18531,0.00785,0.00044,0.80640
172.92000,0.62193,0.20766,0.00663,0.00299,0.78272
173.25000,0.62193,0.22846,0.01248,0.01373,0.74533
173.58000,0.62193,0.22905,0.00978,0.01912,0.74205
173.91000,0.62193,0.21471,0.00597,0.01581,0.76351
174.24001,0.62193,0.22690,0.01075,0.00635,0.75599
174.57001,0.62193,0.24875,0.01419,0.01773,0.71933
174.89999,0.62195,0.19506,0.01274,0.00131,0.79089
175.23000,0.62195,0.20016,0.01366,0.00164,0.78454
175.56000,0.62193,0.17702,0.00711,0.00122,0.81466
175.89000,0.62193,0.17520,0.01020,0.00089,0.81372
176.22000,0.62193,0.20343,0.01419,0.00299,0.77939
176.55000,0.62193,0.21301,0.01263,0.00457,0.76978
176.88000,0.62193,0.21743,0.01336,0.00294,0.76628
177.21001,0.62193,0.24962,0.01005,0.03636,0.70397
177.53999,0.62195,0.23187,0.01012,0.08506,0.67294
177.87000,0.62195,0.20394,0.00924,0.00853,0.77829
178.20000,0.62193,0.22808,0.01240,0.01279,0.74674
178.53000,0.62193,0.22670,0.00814,0.01607,0.74909
178.86000,0.62193,0.20460,0.01786,0.00945,0.76809
179.19000,0.62193,0.14191,0.04389,0.00019,0.81401
179.52000,0.62193,0.17805,0.00997,0.00034,0.81164
179.85001,0.62193,0.21070,0.01003,0.00343,0.77584
180.17999,0.62195,0.22684,0.01369,0.01339,0.74608
180.50999,0.62195,0.21816,0.01233,0.00646,0.76306
180.84000,0.62195,0.22849,0.01521,0.00991,0.74640
181.17000,0.62193,0.22419,0.01543,0.00565,0.75474
181.50000,0.62193,0.23319,0.01315,0.00849,0.74516
181.83000,0.62193,0.19708,0.02085,0.00072,0.78135
182.16000,0.62193,0.16028,0.01489,0.00015,0.82467
182.49001,0.62193,0.15868,0.01328,0.00017,0.82787
182.82001,0.62193,0.18525,0.00820,0.00114,0.80541
183.14999,0.62195,0.15221,0.01108,0.00022,0.83650
183.48000,0.62195,0.16559,0.00928,0.00023,0.82489
183.81000,0.62193,0.20777,0.00778,0.00440,0.78005
184.14000,0.62193,0.21681,0.01290,0.00922,0.76107
184.47000,0.62193,0.21815,0.00769,0.01025,0.76391
184.80000,0.62193,0.20708,0.00791,0.00643,0.77857
185.13000,0.62193,0.17750,0.00824,0.00076,0.81351
185.46001,0.62193,0.16921,0.00821,0.00034,0.82225
185.78999,0.62195,0.19899,0.00795,0.00285,0.79020
186.12000,0.62195,0.17734,0.00791,0.00046,0.81429
186.45000,0.62193,0.20507,0.01254,0.00179,0.78060
186.78000,0.62193,0.21604,0.01003,0.01091,0.76301
187.11000,0.62193,0.22953,0.01113,0.01704,0.74230
187.44000,0.62193,0.23235,0.00786,0.01895,0.74084
187.77000,0.62193,0.22452,0.01151,0.00632,0.75766
188.10001,0.62193,0.22105,0.00812,0.01077,0.76006
188.42999,0.62195,0.23869,0.01556,0.01231,0.73344
188.75999,0.62195,0.25990,0.01227,0.06520,0.66262
189.09000,0.62195,0.26884,0.01314,0.08677,0.63125
189.42000,0.62193,0.25754,0.01206,0.05312,0.67727
189.75000,0.62193,0.23024,0.00722,0.02724,0.73530
190.08000,0.62193,0.21423,0.00761,0.00827,0.76989
190.41000,0.62193,0.19519,0.00613,0.00183,0.79684
190.74001,0.62193,0.20040,0.00697,0.00214,0.79049
191.07001,0.62193,0.20867,0.00908,0.00966,0.77259
191.39999,0.62195,0.20392,0.01315,0.01457,0.76836
191.73000,0.62195,0.24742,0.00967,0.02565,0.71727
192.06000,0.62193,0.31943,0.01521,0.09156,0.57380
192.39000,0.62193,0.30949,0.01424,0.07975,0.59652
192.72000,0.62193,0.31503,0.01281,0.04958,0.62259
193.05000,0.62193,0.26397,0.01278,0.02697,0.69628
193.38000,0.62193,0.19460,0.00511,0.00499,0.79530
193.71001,0.62193,0.17038,0.00842,0.00094,0.82026
194.03999,0.62195,0.17309,0.02389,0.00117,0.80185
194.37000,0.62195,0.20839,0.00971,0.00341,0.77849
194.70000,0.62193,0.21084,0.00698,0.01028,0.77189
195.03000,0.62193,0.24902,0.00243,0.13543,0.61312
195.36000,0.62193,0.23190,0.00335,0.09782,0.66693
195.69000,0.62193,0.18399,0.00982,0.00047,0.80571
196.02000,0.62193,0.21058,0.01600,0.00231,0.77111
196.35001,0.62193,0.22337,0.01072,0.01271,0.75321
196.67999,0.62195,0.20266,0.01969,0.00339,0.77426
197.00999,0.62195,0.18315,0.01684,0.00209,0.79791
197.34000,0.62195,0.16638,0.01851,0.00171,0.81340
197.67000,0.62193,0.13983,0.02981,0.00012,0.83024
198.00000,0.62193,0.16282,0.02635,0.00010,0.81073
198.33000,0.62193,0.16500,0.01579,0.00043,0.81878
198.66000,0.62193,0.18676,0.01323,0.00132,0.79869
198.99001,0.62193,0.22003,0.01227,0.01144,0.75626
199.32001,0.62193,0.23165,0.01011,0.02519,0.73305
199.64999,0.62195,0.21881,0.00254,0.35977,0.41888
199.98000,0.62195,0.26441,0.01193,0.15912,0.56455
200.31000,0.62193,0.25800,0.01221,0.02619,0.70360
200.64000,0.62193,0.20472,0.00854,0.00333,0.78341
200.97000,0.62193,0.17274,0.01069,0.00134,0.81522
201.30000,0.62193,0.12935,0.02210,0.00009,0.84847
201.63000,0.62193,0.17217,0.00815,0.00037,0.81930
201.96001,0.62193,0.19627,0.00689,0.00751,0.78933
202.28999,0.62195,0.16224,0.01105,0.00069,0.82603
202.62000,0.62195,0.13474,0.01487,0.00005,0.85033
202.95000,0.62193,0.10886,0.02515,0.00002,0.86597
203.28000,0.62193,0.08404,0.09451,0.00002,0.82143
203.61000,0.62193,0.06690,0.17739,0.00003,0.75569
203.94000,0.62193,0.10603,0.01887,0.00002,0.87508
204.27000,0.62193,0.10490,0.01358,0.00001,0.88151
204.60001,0.62193,0.11006,0.01057,0.00003,0.87934
204.92999,0.62195,0.09321,0.02969,0.00001,0.87709
205.25999,0.62195,0.12340,0.01189,0.00004,0.86467
205.59000,0.62195,0.10138,0.02810,0.00001,0.87051
205.92000,0.62193,0.13597,0.01759,0.00004,0.84640
206.25000,0.62193,0.21648,0.01264,0.00224,0.76864
206.58000,0.62193,0.22029,0.01432,0.00362,0.76177
206.91000,0.62193,0.19742,0.01167,0.00139,0.78951
207.24001,0.62193,0.15486,0.00828,0.00023,0.83663
207.57001,0.62193,0.10463,0.01967,0.00002,0.87568
207.89999,0.62195,0.10311,0.02130,0.00001,0.87558
208.23000,0.62195,0.10719,0.03964,0.00006,0.85311
208.56000,0.62193,0.12750,0.01927,0.00009,0.85315
208.89000,0.62193,0.14275,0.01163,0.00008,0.84554
209.22000,0.62193,0.14544,0.01416,0.00008,0.84033
209.55000,0.62193,0.12900,0.03047,0.00003,0.84050
209.88000,0.62193,0.13806,0.01835,0.00010,0.84349
210.21001,0.62193,0.14615,0.01159,0.00009,0.84217
210.53999,0.62195,0.15230,0.01329,0.00026,0.83415
210.87000,0.62195,0.13953,0.01131,0.00011,0.84905
211.20000,0.62193,0.14535,0.00726,0.00005,0.84733
211.53000,0.62193,0.14454,0.00752,0.00013,0.84781
211.86000,0.62193,0.13175,0.01119,0.00005,0.85701
212.19000,0.62193,0.15543,0.00693,0.00013,0.83751
212.52000,0.62193,0.14365,0.01124,0.00006,0.84505
212.85001,0.62193,0.14833,0.01151,0.00004,0.84012
213.17999,0.62195,0.16477,0.01250,0.00036,0.82237
213.50999,0.62195,0.14508,0.01382,0.00010,0.84101
213.84000,0.62195,0.12263,0.01258,0.00003,0.86475
214.17000,0.62193,0.14193,0.00689,0.00004,0.85114
214.50000,0.62193,0.16014,0.00688,0.00019,0.83279
214.83000,0.62193,0.14382,0.00969,0.00009,0.84641
215.16000,0.62193,0.13765,0.01108,0.00003,0.85124
215.49001,0.62193,0.16062,0.00583,0.00027,0.83328
215.82001,0.62193,0.13908,0.01057,0.00019,0.85017
216.14999,0.62195,0.09936,0.02811,0.00001,0.87251
216.48000,0.62195,0.12786,0.01245,0.00003,0.85966
216.81000,0.62193,0.17318,0.00616,0.00036,0.82029
217.14000,0.62193,0.19458,0.00469,0.00214,0.79859
217.47000,0.62193,0.13497,0.01485,0.00048,0.84971
217.80000,0.62193,0.12397,0.02042,0.00005,0.85555
218.13000,0.62193,0.18537,0.01034,0.00067,0.80362
218.46001,0.62193,0.18299,0.00708,0.00113,0.80881
218.78999,0.62195,0.18623,0.00872,0.00118,0.80386
219.12000,0.62195,0.20183,0.00729,0.00559,0.78529
219.45000,0.62193,0.19110,0.00678,0.00336,0.79876
219.78000,0.62193,0.17558,0.00774,0.00172,0.81496
220.11000,0.62193,0.12225,0.02520,0.00025,0.85230
220.44000,0.62193,0.07661,0.08700,0.00001,0.83638
220.77000,0.62193,0.10116,0.02561,0.00001,0.87322
221.10001,0.62193,0.12532,0.01106,0.00002,0.86360
221.42999,0.62195,0.12873,0.01911,0.00006,0.85210
221.75999,0.62195,0.12622,0.01776,0.00005,0.85597
222.09000,0.62195,0.16401,0.00659,0.00089,0.82852
222.42000,0.62193,0.14462,0.01824,0.00030,0.83684
222.75000,0.62193,0.12130,0.01718,0.00007,0.86145
223.08000,0.62193,0.13540,0.02372,0.00021,0.84066
223.41000,0.62193,0.17159,0.02225,0.00185,0.80431
223.74001,0.62193,0.20184,0.01015,0.00497,0.78304
224.07001,0.62193,0.22234,0.01132,0.00836,0.75798
224.39999,0.62195,0.18877,0.01748,0.00221,0.79154
224.73000,0.62195,0.11191,0.03701,0.00004,0.85103
225.06000,0.62193,0.10950,0.02247,0.00001,0.86802
225.39000,0.62193,0.13637,0.01669,0.00008,0.84687
225.72000,0.62193,0.13380,0.02905,0.00014,0.83700
226.05000,0.62193,0.18944,0.01728,0.00113,0.79216
226.38000,0.62193,0.12794,0.02602,0.00005,0.84599
226.71001,0.62193,0.12108,0.06631,0.00012,0.81249
227.03999,0.62195,0.17048,0.01061,0.00163,0.81728
227.37000,0.62195,0.18328,0.00823,0.00125,0.80723
227.70000,0.62193,0.18350,0.00614,0.00210,0.80827
228.03000,0.62193,0.20702,0.00787,0.01021,0.77490
228.36000,0.62193,0.17190,0.04696,0.00057,0.78057
228.69000,0.62193,0.18066,0.02786,0.00037,0.79111
229.02000,0.62193,0.22714,0.01024,0.01006,0.75256
229.35001,0.62193,0.23454,0.00979,0.03214,0.72353
229.67999,0.62195,0.23167,0.01308,0.01380,0.74144
230.00999,0.62195,0.21004,0.00945,0.00349,0.77701
230.34000,0.62195,0.22388,0.00959,0.00699,0.75954
230.67000,0.62193,0.22071,0.01126,0.01015,0.75788
231.00000,0.62193,0.19310,0.01043,0.00227,0.79420
231.33000,0.62193,0.16887,0.00642,0.00061,0.82411
231.66000,0.62193,0.18132,0.00810,0.00098,0.80960
231.99001,0.62193,0.17084,0.01909,0.00052,0.80955
232.32001,0.62193,0.14156,0.02270,0.00009,0.83565
232.64999,0.62195,0.16318,0.01103,0.00045,0.82534
232.98000,0.62195,0.16314,0.00927,0.00040,0.82719
233.31000,0.62193,0.19067,0.00569,0.00264,0.80099
233.64000,0.62193,0.19242,0.00687,0.00244,0.79827
233.97000,0.62193,0.22655,0.01249,0.00538,0.75558
234.30000,0.62193,0.25663,0.01717,0.02678,0.69942
234.63000,0.62193,0.25241,0.01602,0.03612,0.69544
234.96001,0.62193,0.25888,0.01367,0.04427,0.68319
235.28999,0.62195,0.24930,0.01384,0.05814,0.67872
235.62000,0.62195,0.24309,0.01469,0.02746,0.71477
235.95000,0.62193,0.20221,0.01355,0.00357,0.78067
236.28000,0.62193,0.19259,0.00667,0.00148,0.79926
236.61000,0.62193,0.19508,0.00631,0.00363,0.79498
236.94000,0.62193,0.19777,0.01190,0.00147,0.78886
237.27000,0.62193,0.20870,0.01518,0.00462,0.77150
237.60001,0.62193,0.18967,0.01628,0.00437,0.78968
237.92999,0.62195,0.18951,0.01657,0.00248,0.79144
238.25999,0.62195,0.17767,0.03571,0.00460,0.78202
238.59000,0.62195,0.22396,0.01944,0.06205,0.69455
238.92000,0.62193,0.19628,0.02142,0.01136,0.77093
239.25000,0.62193,0.19873,0.01652,0.00788,0.77686
239.58000,0.62193,0.20154,0.00645,0.01131,0.78070
239.91000,0.62193,0.17576,0.01152,0.00323,0.80949
240.24001,0.62193,0.19587,0.01275,0.00377,0.78761
240.57001,0.62193,0.20788,0.00616,0.02716,0.75880
240.89999,0.62195,0.17840,0.01269,0.01268,0.79623
241.23000,0.62195,0.18178,0.01298,0.03656,0.76868
241.56000,0.62193,0.19149,0.01147,0.03637,0.76067
241.89000,0.62193,0.16477,0.02019,0.01309,0.80194
242.22000,0.62193,0.19535,0.00536,0.03325,0.76604
242.55000,0.62193,0.18974,0.00335,0.01441,0.79250
242.88000,0.62193,0.17931,0.00709,0.00662,0.80698
243.21001,0.62193,0.16467,0.01499,0.01614,0.80420
243.53999,0.62195,0.15567,0.00661,0.00309,0.83463
243.87000,0.62195,0.16668,0.00707,0.00356,0.82269
244.20000,0.62193,0.18167,0.01023,0.00711,0.80099
244.53000,0.62193,0.17028,0.00879,0.00023,0.82070
244.86000,0.62193,0.20207,0.01281,0.00095,0.78416
245.19000,0.62193,0.21155,0.01560,0.00190,0.77095
245.52000,0.62193,0.20597,0.01619,0.00101,0.77682
245.85001,0.62193,0.21019,0.00949,0.00425,0.77607
246.17999,0.62195,0.18636,0.01124,0.00068,0.80172
246.50999,0.62195,0.20642,0.01160,0.00099,0.78098
246.84000,0.62195,0.23909,0.01354,0.01125,0.73612
247.17000,0.62193,0.22098,0.00983,0.00713,0.76207
247.50000,0.62193,0.15941,0.02554,0.00012,0.81493
247.83000,0.62193,0.17414,0.01890,0.00025,0.80671
248.16000,0.62193,0.20839,0.01062,0.00412,0.77687
248.49001,0.62193,0.18785,0.01305,0.00149,0.79761
248.82001,0.62193,0.19715,0.01006,0.00207,0.79072
249.14999,0.62195,0.19560,0.00796,0.00230,0.79414
249.48000,0.62195,0.18123,0.01320,0.00042,0.80515
249.81000,0.62193,0.16932,0.02092,0.00045,0.80931
250.14000,0.62193,0.21086,0.01059,0.00599,0.77255
250.47000,0.62193,0.20926,0.01252,0.00737,0.77085
250.80000,0.62193,0.21650,0.01210,0.00605,0.76535
251.13000,0.62193,0.21953,0.01324,0.00235,0.76488
251.46001,0.62193,0.22974,0.01497,0.00572,0.74957
251.78999,0.62195,0.20886,0.00931,0.01181,0.77002
252.12000,0.62195,0.22316,0.00690,0.02443,0.74551
252.45000,0.62193,0.21405,0.00707,0.03404,0.74484
252.78000,0.62193,0.21168,0.00908,0.01025,0.76899
253.11000,0.62193,0.20087,0.01254,0.00212,0.78446
253.44000,0.62193,0.18192,0.01054,0.00061,0.80693
253.77000,0.62193,0.18077,0.01165,0.00063,0.80695
254.10001,0.62193,0.22717,0.01171,0.01247,0.74865
254.42999,0.62195,0.23580,0.01328,0.10369,0.64723
254.75999,0.62195,0.22291,0.01412,0.01771,0.74525
255.09000,0.62195,0.16594,0.01995,0.00036,0.81376
255.42000,0.62193,0.22616,0.00703,0.01755,0.74926
255.75000,0.62195,0.24361,0.00838,0.03131,0.71670
256.07999,0.62195,0.22565,0.00729,0.01317,0.75389
256.41000,0.62195,0.20327,0.00657,0.00246,0.78770
256.73999,0.62195,0.16642,0.01076,0.00020,0.82261
257.07001,0.62192,0.17661,0.00785,0.00045,0.81508
257.39999,0.62195,0.15586,0.02127,0.00159,0.82128
257.73001,0.62192,0.17640,0.01083,0.00139,0.81137
258.06000,0.62195,0.18659,0.01044,0.00132,0.80165
258.39001,0.62192,0.19813,0.01237,0.01302,0.77649
258.72000,0.62195,0.16800,0.04738,0.00648,0.77815
259.04999,0.62195,0.20256,0.02475,0.00092,0.77176
259.38000,0.62192,0.19084,0.01902,0.00095,0.78919
259.70999,0.62195,0.19065,0.01407,0.00056,0.79472
260.04001,0.62192,0.16624,0.01155,0.00014,0.82207
260.37000,0.62195,0.17211,0.01739,0.00010,0.81040
260.70001,0.62192,0.17416,0.01938,0.00012,0.80633
261.03000,0.62195,0.18066,0.01284,0.00027,0.80623
261.35999,0.62195,0.20604,0.01245,0.00213,0.77938
261.69000,0.62195,0.20452,0.01565,0.00105,0.77878
262.01999,0.62195,0.18624,0.01424,0.00051,0.79901
262.35001,0.62192,0.15696,0.01144,0.00011,0.83149
262.67999,0.62195,0.17582,0.00946,0.00025,0.81447
263.01001,0.62192,0.18383,0.01206,0.00074,0.80336
263.34000,0.62195,0.18906,0.01076,0.00044,0.79974
263.67001,0.62192,0.21337,0.00873,0.00185,0.77604
264.00000,0.62195,0.23640,0.00366,0.02476,0.73518
264.32999,0.62195,0.18573,0.01173,0.00196,0.80058
264.66000,0.62195,0.16420,0.01586,0.00033,0.81962
264.98999,0.62195,0.19719,0.01320,0.00262,0.78698
265.32001,0.62192,0.22188,0.01258,0.00674,0.75880
265.64999,0.62195,0.24446,0.01242,0.03972,0.70340
265.98001,0.62192,0.22446,0.01660,0.01333,0.74562
266.31000,0.62195,0.19985,0.01368,0.00672,0.77974
266.64001,0.62192,0.14994,0.06479,0.00051,0.78477
266.97000,0.62195,0.11638,0.20279,0.00023,0.68060
267.29999,0.62195,0.22589,0.01395,0.00383,0.75633
267.63000,0.62192,0.19327,0.00827,0.00099,0.79748
267.95999,0.62195,0.20342,0.00939,0.00131,0.78588
268.29001,0.62192,0.24269,0.01408,0.01060,0.73263
268.62000,0.62195,0.24340,0.01378,0.01995,0.72288
268.95001,0.62192,0.23316,0.01203,0.02357,0.73124
269.28000,0.62195,0.23781,0.01913,0.00717,0.73588
269.60999,0.62195,0.25823,0.01965,0.00922,0.71290
269.94000,0.62195,0.22309,0.01061,0.00555,0.76075
270.26999,0.62195,0.22398,0.01151,0.01149,0.75302
270.60001,0.62192,0.22050,0.01435,0.00896,0.75619
270.92999,0.62195,0.20461,0.01198,0.00369,0.77972
271.26001,0.62192,0.22429,0.00651,0.01987,0.74933
271.59000,0.62195,0.26278,0.01063,0.14132,0.58528
271.92001,0.62192,0.27369,0.01434,0.19562,0.51635
272.25000,0.62195,0.24194,0.01197,0.06651,0.67958
272.57999,0.62195,0.22019,0.00512,0.02467,0.75002
272.91000,0.62195,0.85088,0.00596,0.02742,0.11574
273.23999,0.62195,0.99794,0.00016,0.00158,0.00032
273.57001,0.62192,0.99650,0.00024,0.00277,0.00050
273.89999,0.62195,0.99764,0.00009,0.00208,0.00018
274.23001,0.62192,0.99956,0.00003,0.00037,0.00004
274.56000,0.62195,0.99577,0.00035,0.00296,0.00092
274.89001,0.62192,0.99940,0.00006,0.00045,0.00009
275.22000,0.62195,0.99961,0.00004,0.00031,0.00004
275.54999,0.62195,0.99927,0.00002,0.00067,0.00003
275.88000,0.62192,0.99281,0.00014,0.00663,0.00042
276.20999,0.62195,0.97697,0.00141,0.01503,0.00659
276.54001,0.62192,0.99466,0.00041,0.00380,0.00113
276.87000,0.62195,0.88768,0.00777,0.05782,0.04673
277.20001,0.62192,0.38430,0.01502,0.24067,0.36001
277.53000,0.62195,0.58736,0.00849,0.19583,0.20832
277.85999,0.62195,0.99773,0.00021,0.00140,0.00066
278.19000,0.62195,0.99881,0.00005,0.00105,0.00008
278.51999,0.62195,0.99940,0.00001,0.00056,0.00003
278.85001,0.62192,0.99978,0.00002,0.00018,0.00002
279.17999,0.62195,0.95645,0.00050,0.03788,0.00517
279.51001,0.62192,0.99496,0.00006,0.00472,0.00026
279.84000,0.62195,0.99989,0.00001,0.00010,0.00000
280.17001,0.62192,0.99961,0.00002,0.00034,0.00002
280.50000,0.62195,0.99534,0.00022,0.00411,0.00033
280.82999,0.62195,0.94956,0.00008,0.05008,0.00028
281.16000,0.62195,0.87728,0.00011,0.12226,0.00035
281.48999,0.62195,0.95913,0.00002,0.04078,0.00007
281.82001,0.62192,0.99818,0.00001,0.00180,0.00001
282.14999,0.62195,0.99766,0.00001,0.00231,0.00002
282.48001,0.62192,0.90171,0.00002,0.09819,0.00008
282.81000,0.62195,0.95698,0.00002,0.04294,0.00006
283.14001,0.62192,0.93716,0.00002,0.06272,0.00009
283.47000,0.62195,0.98115,0.00002,0.01876,0.00007
283.79999,0.62195,0.99216,0.00002,0.00778,0.00005
284.13000,0.62192,0.99979,0.00000,0.00020,0.00000
284.45999,0.62195,1.00000,0.00000,0.00000,0.00000
284.79001,0.62192,1.00000,0.00000,0.00000,0.00000
285.12000,0.62195,1.00000,0.00000,0.00000,0.00000
285.45001,0.62192,1.00000,0.00000,0.00000,0.00000
285.78000,0.62195,0.99999,0.00000,0.00001,0.00000
286.10999,0.62195,0.99999,0.00000,0.00001,0.00000
286.44000,0.62195,0.99999,0.00000,0.00001,0.00000
286.76999,0.62195,1.00000,0.00000,0.00000,0.00000
287.10001,0.62192,1.00000,0.00000,0.00000,0.00000
287.42999,0.62195,0.99998,0.00000,0.00002,0.00000
287.76001,0.62192,0.99968,0.00000,0.00031,0.00000
288.09000,0.62195,0.99985,0.00000,0.00015,0.00000
288.42001,0.62192,0.99991,0.00000,0.00008,0.00000
288.75000,0.62195,0.99993,0.00000,0.00007,0.00000
289.07999,0.62195,0.99993,0.00000,0.00007,0.00000
289.41000,0.62195,0.99984,0.00000,0.00016,0.00000
289.73999,0.62195,0.99964,0.00000,0.00036,0.00000
290.07001,0.62192,0.99970,0.00000,0.00029,0.00000
290.39999,0.62195,0.99988,0.00000,0.00012,0.00000
290.73001,0.62192,0.99988,0.00000,0.00012,0.00000
291.06000,0.62195,0.99988,0.00000,0.00012,0.00000
291.39001,0.62192,0.99989,0.00000,0.00010,0.00000
291.72000,0.62195,0.99993,0.00000,0.00006,0.00000
292.04999,0.62195,0.99966,0.00001,0.00033,0.00001
292.38000,0.62192,0.98551,0.00030,0.01358,0.00061
292.70999,0.62195,0.99907,0.00006,0.00080,0.00007
293.04001,0.62192,0.99983,0.00001,0.00016,0.00001
293.37000,0.62195,0.99893,0.00002,0.00102,0.00003
293.70001,0.62192,0.99995,0.00000,0.00005,0.00000
294.03000,0.62195,0.99984,0.00000,0.00015,0.00001
294.35999,0.62195,0.99991,0.00000,0.00008,0.00000
294.69000,0.62195,0.99993,0.00000,0.00006,0.00000
295.01999,0.62195,0.99976,0.00001,0.00022,0.00001
295.35001,0.62192,0.99986,0.00000,0.00013,0.00000
295.67999,0.62195,0.99993,0.00000,0.00007,0.00000
296.01001,0.62192,0.99995,0.00000,0.00004,0.00000
296.34000,0.62195,0.99992,0.00000,0.00007,0.00000
296.67001,0.62192,0.99973,0.00000,0.00027,0.00000
297.00000,0.62195,0.99994,0.00000,0.00006,0.00000
297.32999,0.62195,0.99987,0.00001,0.00011,0.00001
297.66000,0.62195,0.99997,0.00000,0.00003,0.00000
297.98999,0.62195,0.99997,0.00000,0.00003,0.00000
298.32001,0.62192,0.99996,0.00000,0.00004,0.00000
298.64999,0.62195,0.99997,0.00000,0.00003,0.00000
298.98001,0.62192,0.99998,0.00000,0.00002,0.00000
299.31000,0.62195,0.99996,0.00000,0.00004,0.00000
