Time (seconds), Duration (seconds),pred_(unlabeled),pred_brushing_teeth,pred_hair_drying,pred_showering
0.00000,1.02194,0.99987,0.00000,0.00000,0.00013
0.14000,1.02194,0.99991,0.00000,0.00000,0.00009
0.28000,1.02194,0.99993,0.00000,0.00000,0.00007
0.42000,1.02194,0.99996,0.00000,0.00000,0.00004
0.56000,1.02194,0.99997,0.00000,0.00000,0.00003
0.70000,1.02194,0.99998,0.00000,0.00000,0.00002
0.84000,1.02194,0.99990,0.00000,0.00000,0.00010
0.98000,1.02194,0.99573,0.00000,0.00000,0.00427
1.12000,1.02194,0.99069,0.00000,0.00000,0.00930
1.26000,1.02194,0.98597,0.00000,0.00000,0.01403
1.40000,1.02194,0.96028,0.00000,0.00000,0.03972
1.54000,1.02194,0.90521,0.00000,0.00001,0.09478
1.68000,1.02194,0.87968,0.00000,0.00003,0.12029
1.82000,1.02194,0.91678,0.00001,0.00004,0.08316
1.96000,1.02194,0.92627,0.00001,0.00004,0.07369
2.10000,1.02194,0.90478,0.00002,0.00003,0.09517
2.24000,1.02194,0.93227,0.00002,0.00002,0.06769
2.38000,1.02194,0.96168,0.00002,0.00001,0.03830
2.52000,1.02194,0.97857,0.00001,0.00000,0.02142
2.66000,1.02194,0.97168,0.00001,0.00001,0.02830
2.80000,1.02194,0.97997,0.00001,0.00001,0.02002
2.94000,1.02194,0.98691,0.00001,0.00001,0.01307
3.08000,1.02194,0.98933,0.00000,0.00001,0.01066
3.22000,1.02194,0.98755,0.00000,0.00002,0.01243
3.36000,1.02194,0.98965,0.00000,0.00001,0.01034
3.50000,1.02194,0.99197,0.00000,0.00001,0.00802
3.64000,1.02194,0.99602,0.00000,0.00000,0.00398
3.78000,1.02194,0.99396,0.00000,0.00000,0.00603
3.92000,1.02194,0.99246,0.00000,0.00000,0.00754
4.06000,1.02194,0.98968,0.00000,0.00001,0.01031
4.20000,1.02194,0.98598,0.00000,0.00001,0.01401
4.34000,1.02194,0.96742,0.00000,0.00003,0.03255
4.48000,1.02194,0.96086,0.00000,0.00004,0.03910
4.62000,1.02194,0.96432,0.00000,0.00002,0.03566
4.76000,1.02194,0.94602,0.00000,0.00002,0.05396
4.90000,1.02194,0.95826,0.00000,0.00001,0.04172
5.04000,1.02194,0.96461,0.00000,0.00001,0.03538
5.18000,1.02194,0.97325,0.00000,0.00001,0.02674
5.32000,1.02194,0.98982,0.00000,0.00000,0.01018
5.46000,1.02194,0.98942,0.00000,0.00000,0.01058
5.60000,1.02194,0.98788,0.00000,0.00001,0.01212
5.74000,1.02194,0.99280,0.00000,0.00000,0.00720
5.88000,1.02194,0.99223,0.00000,0.00000,0.00777
6.02000,1.02194,0.99399,0.00000,0.00000,0.00601
6.16000,1.02194,0.99009,0.00000,0.00000,0.00990
6.30000,1.02194,0.98025,0.00000,0.00001,0.01975
6.44000,1.02194,0.96990,0.00000,0.00002,0.03007
6.58000,1.02194,0.95959,0.00000,0.00004,0.04037
6.72000,1.02194,0.96559,0.00000,0.00003,0.03437
6.86000,1.02194,0.92942,0.00000,0.00008,0.07050
7.00000,1.02194,0.91216,0.00000,0.00014,0.08771
7.14000,1.02194,0.84136,0.00000,0.00024,0.15840
7.28000,1.02194,0.83935,0.00000,0.00024,0.16041
7.42000,1.02194,0.90897,0.00000,0.00010,0.09093
7.56000,1.02194,0.93472,0.00000,0.00009,0.06519
7.70000,1.02194,0.92659,0.00001,0.00011,0.07329
7.84000,1.02194,0.93869,0.00001,0.00006,0.06124
7.98000,1.02194,0.91230,0.00000,0.00007,0.08762
8.12000,1.02194,0.91273,0.00001,0.00005,0.08721
8.26000,1.02194,0.93880,0.00001,0.00003,0.06115
8.40000,1.02194,0.96065,0.00000,0.00001,0.03933
8.54000,1.02194,0.97150,0.00001,0.00002,0.02848
8.68000,1.02194,0.97060,0.00000,0.00001,0.02938
8.82000,1.02194,0.97554,0.00000,0.00002,0.02444
8.96000,1.02194,0.95668,0.00000,0.00004,0.04328
9.10000,1.02194,0.96541,0.00000,0.00005,0.03454
9.24000,1.02194,0.95707,0.00000,0.00005,0.04288
9.38000,1.02194,0.95524,0.00000,0.00006,0.04470
9.52000,1.02194,0.90448,0.00000,0.00011,0.09542
9.66000,1.02194,0.84041,0.00000,0.00011,0.15948
9.80000,1.02194,0.78723,0.00000,0.00015,0.21262
9.94000,1.02194,0.79476,0.00000,0.00012,0.20512
10.08000,1.02194,0.74016,0.00000,0.00017,0.25968
10.22000,1.02194,0.74260,0.00000,0.00019,0.25721
10.36000,1.02194,0.65119,0.00000,0.00039,0.34842
10.50000,1.02194,0.65714,0.00000,0.00074,0.34211
10.64000,1.02194,0.78077,0.00000,0.00052,0.21872
10.78000,1.02194,0.74200,0.00000,0.00054,0.25746
10.92000,1.02194,0.71539,0.00000,0.00042,0.28419
11.06000,1.02194,0.57321,0.00000,0.00050,0.42629
11.20000,1.02194,0.68067,0.00000,0.00032,0.31901
11.34000,1.02194,0.79521,0.00000,0.00020,0.20459
11.48000,1.02194,0.84114,0.00000,0.00016,0.15870
11.62000,1.02194,0.85629,0.00000,0.00018,0.14353
11.76000,1.02194,0.87470,0.00000,0.00024,0.12506
11.90000,1.02194,0.91355,0.00000,0.00016,0.08630
12.04000,1.02194,0.97444,0.00000,0.00004,0.02552
12.18000,1.02194,0.98023,0.00000,0.00003,0.01975
12.32000,1.02194,0.98163,0.00000,0.00002,0.01835
12.46000,1.02194,0.98772,0.00000,0.00001,0.01227
12.60000,1.02194,0.99223,0.00000,0.00000,0.00777
12.74000,1.02194,0.99606,0.00000,0.00000,0.00394
12.88000,1.02194,0.99448,0.00000,0.00000,0.00552
13.02000,1.02194,0.98747,0.00000,0.00001,0.01252
13.16000,1.02194,0.97772,0.00000,0.00001,0.02227
13.30000,1.02194,0.98113,0.00000,0.00001,0.01886
13.44000,1.02194,0.97004,0.00000,0.00004,0.02991
13.58000,1.02194,0.96608,0.00000,0.00006,0.03385
13.72000,1.02194,0.96683,0.00000,0.00006,0.03311
13.86000,1.02194,0.96738,0.00000,0.00006,0.03256
14.00000,1.02194,0.98287,0.00000,0.00003,0.01711
14.14000,1.02194,0.98506,0.00000,0.00002,0.01491
14.28000,1.02194,0.99180,0.00000,0.00000,0.00820
14.42000,1.02194,0.99672,0.00000,0.00000,0.00327
14.56000,1.02194,0.99721,0.00000,0.00000,0.00279
14.70000,1.02194,0.99745,0.00000,0.00000,0.00255
14.84000,1.02194,0.99696,0.00000,0.00000,0.00304
14.98000,1.02194,0.99765,0.00000,0.00000,0.00235
15.12000,1.02194,0.99626,0.00000,0.00000,0.00374
15.26000,1.02194,0.99297,0.00000,0.00000,0.00703
15.40000,1.02194,0.99524,0.00000,0.00000,0.00475
15.54000,1.02194,0.99480,0.00000,0.00000,0.00520
15.68000,1.02194,0.99191,0.00000,0.00002,0.00807
15.82000,1.02194,0.99205,0.00000,0.00004,0.00790
15.96000,1.02194,0.98994,0.00000,0.00006,0.01000
16.10000,1.02194,0.97993,0.00000,0.00029,0.01979
16.24000,1.02194,0.97282,0.00000,0.00036,0.02682
16.38000,1.02194,0.93102,0.00000,0.00143,0.06755
16.52000,1.02194,0.92434,0.00000,0.00082,0.07484
16.66000,1.02194,0.98128,0.00000,0.00002,0.01870
16.80000,1.02194,0.99495,0.00000,0.00000,0.00505
16.94000,1.02194,0.99686,0.00000,0.00000,0.00314
17.08000,1.02194,0.99932,0.00000,0.00000,0.00068
17.22000,1.02194,0.99956,0.00000,0.00000,0.00044
17.36000,1.02194,0.99972,0.00000,0.00000,0.00028
17.50000,1.02194,0.99990,0.00000,0.00000,0.00010
17.64000,1.02194,0.99986,0.00000,0.00000,0.00014
17.78000,1.02194,0.99965,0.00000,0.00000,0.00035
17.92000,1.02194,0.99854,0.00000,0.00000,0.00146
18.06000,1.02194,0.99923,0.00000,0.00000,0.00077
18.20000,1.02194,0.99952,0.00000,0.00000,0.00048
18.34000,1.02194,0.99915,0.00000,0.00000,0.00085
18.48000,1.02194,0.99874,0.00000,0.00000,0.00126
18.62000,1.02194,0.99913,0.00000,0.00000,0.00087
18.76000,1.02194,0.99844,0.00000,0.00000,0.00156
18.90000,1.02194,0.99981,0.00000,0.00000,0.00019
19.04000,1.02194,0.99960,0.00000,0.00000,0.00040
19.18000,1.02194,0.99956,0.00000,0.00000,0.00044
19.32000,1.02194,0.99790,0.00000,0.00000,0.00210
19.46000,1.02194,0.98428,0.00000,0.00000,0.01572
19.60000,1.02194,0.97991,0.00000,0.00000,0.02009
19.74000,1.02194,0.95458,0.00000,0.00000,0.04542
19.88000,1.02194,0.59302,0.00000,0.00000,0.40698
20.02000,1.02194,0.49290,0.00000,0.00001,0.50709
20.16000,1.02194,0.40165,0.00000,0.00002,0.59832
20.30000,1.02194,0.57896,0.00000,0.00001,0.42103
20.44000,1.02194,0.39141,0.00000,0.00006,0.60853
20.58000,1.02194,0.58903,0.00000,0.00006,0.41091
20.72000,1.02194,0.58822,0.00000,0.00013,0.41165
20.86000,1.02194,0.68491,0.00000,0.00020,0.31489
21.00000,1.02194,0.83119,0.00000,0.00020,0.16862
21.14000,1.02194,0.76022,0.00000,0.00030,0.23948
21.28000,1.02194,0.71582,0.00000,0.00024,0.28394
21.42000,1.02194,0.77700,0.00000,0.00012,0.22288
21.56000,1.02194,0.78975,0.00000,0.00011,0.21013
21.70000,1.02194,0.74704,0.00000,0.00015,0.25281
21.84000,1.02194,0.76756,0.00000,0.00020,0.23224
21.98000,1.02194,0.74298,0.00000,0.00027,0.25675
22.12000,1.02194,0.84943,0.00000,0.00019,0.15038
22.26000,1.02194,0.90109,0.00000,0.00022,0.09869
22.40000,1.02194,0.94708,0.00000,0.00018,0.05274
22.54000,1.02194,0.94364,0.00000,0.00027,0.05609
22.68000,1.02194,0.95764,0.00000,0.00022,0.04214
22.82000,1.02194,0.95475,0.00000,0.00028,0.04497
22.96000,1.02194,0.96019,0.00000,0.00027,0.03954
23.10000,1.02194,0.92368,0.00000,0.00086,0.07547
23.24000,1.02194,0.94641,0.00000,0.00042,0.05317
23.38000,1.02194,0.91882,0.00000,0.00064,0.08054
23.52000,1.02194,0.97097,0.00000,0.00016,0.02886
23.66000,1.02194,0.98118,0.00000,0.00009,0.01873
23.80000,1.02194,0.98944,0.00000,0.00003,0.01052
23.94000,1.02194,0.99324,0.00000,0.00002,0.00674
24.08000,1.02194,0.99442,0.00000,0.00001,0.00557
24.22000,1.02194,0.99606,0.00000,0.00001,0.00393
24.36000,1.02194,0.99752,0.00000,0.00000,0.00248
24.50000,1.02194,0.99617,0.00000,0.00001,0.00383
24.64000,1.02194,0.99349,0.00000,0.00001,0.00650
24.78000,1.02194,0.99604,0.00000,0.00001,0.00395
24.92000,1.02194,0.99376,0.00000,0.00001,0.00623
25.06000,1.02194,0.99610,0.00000,0.00000,0.00389
25.20000,1.02194,0.99789,0.00000,0.00000,0.00211
25.34000,1.02194,0.99745,0.00000,0.00000,0.00255
25.48000,1.02194,0.99816,0.00000,0.00000,0.00184
25.62000,1.02194,0.99923,0.00000,0.00000,0.00077
25.76000,1.02194,0.99941,0.00000,0.00000,0.00059
25.90000,1.02194,0.99938,0.00000,0.00000,0.00062
26.04000,1.02194,0.99901,0.00000,0.00000,0.00099
26.18000,1.02194,0.99894,0.00000,0.00000,0.00106
26.32000,1.02194,0.99892,0.00000,0.00000,0.00108
26.46000,1.02194,0.99966,0.00000,0.00000,0.00034
26.60000,1.02194,0.99998,0.00000,0.00000,0.00002
26.74000,1.02194,0.99987,0.00000,0.00000,0.00013
26.88000,1.02194,0.99997,0.00000,0.00000,0.00003
27.02000,1.02194,0.99996,0.00000,0.00000,0.00004
27.16000,1.02194,0.99997,0.00000,0.00000,0.00003
27.30000,1.02194,0.99997,0.00000,0.00000,0.00003
27.44000,1.02194,0.99952,0.00000,0.00000,0.00048
27.58000,1.02194,0.99935,0.00002,0.00000,0.00064
27.72000,1.02194,0.99993,0.00000,0.00000,0.00006
27.86000,1.02194,0.99995,0.00000,0.00000,0.00005
28.00000,1.02194,0.99997,0.00000,0.00000,0.00003
28.14000,1.02194,0.99999,0.00000,0.00000,0.00001
28.28000,1.02194,0.99998,0.00000,0.00000,0.00002
28.42000,1.02194,0.99997,0.00000,0.00000,0.00003
28.56000,1.02194,0.99992,0.00000,0.00000,0.00008
28.70000,1.02194,0.99980,0.00000,0.00000,0.00020
28.84000,1.02194,0.99968,0.00000,0.00000,0.00032
28.98000,1.02194,0.99952,0.00000,0.00000,0.00048
29.12000,1.02194,0.99895,0.00000,0.00000,0.00105
29.26000,1.02194,0.99916,0.00000,0.00000,0.00083
29.40000,1.02194,0.99910,0.00000,0.00000,0.00090
29.54000,1.02194,0.99943,0.00000,0.00000,0.00057
29.68000,1.02194,0.99922,0.00000,0.00000,0.00078
29.82000,1.02194,0.99920,0.00000,0.00000,0.00080
29.96000,1.02194,0.99901,0.00000,0.00000,0.00099
30.10000,1.02194,0.99889,0.00000,0.00000,0.00111
30.24000,1.02194,0.99886,0.00000,0.00000,0.00114
30.38000,1.02194,0.99845,0.00000,0.00000,0.00155
30.52000,1.02194,0.99943,0.00000,0.00000,0.00057
30.66000,1.02194,0.99939,0.00000,0.00000,0.00061
30.80000,1.02194,0.99883,0.00000,0.00000,0.00117
30.94000,1.02194,0.99835,0.00000,0.00000,0.00165
31.08000,1.02194,0.99871,0.00000,0.00000,0.00129
31.22000,1.02194,0.99893,0.00000,0.00000,0.00107
31.36000,1.02194,0.99880,0.00000,0.00000,0.00120
31.50000,1.02194,0.99590,0.00000,0.00000,0.00410
31.64000,1.02194,0.99467,0.00000,0.00000,0.00533
31.78000,1.02194,0.99064,0.00000,0.00001,0.00936
31.92000,1.02194,0.99183,0.00000,0.00000,0.00817
32.06000,1.02193,0.98638,0.00000,0.00000,0.01362
32.20000,1.02194,0.98250,0.00000,0.00000,0.01749
32.34000,1.02194,0.97942,0.00000,0.00000,0.02057
32.48000,1.02194,0.99513,0.00000,0.00000,0.00487
32.62000,1.02194,0.99483,0.00000,0.00000,0.00517
32.76000,1.02194,0.99838,0.00000,0.00000,0.00162
32.90000,1.02193,0.99994,0.00000,0.00000,0.00006
33.04000,1.02194,0.99998,0.00000,0.00000,0.00002
33.18000,1.02194,0.99998,0.00000,0.00000,0.00002
33.32000,1.02194,0.99997,0.00000,0.00000,0.00003
33.46000,1.02194,0.99960,0.00000,0.00000,0.00040
33.60000,1.02194,0.99905,0.00000,0.00000,0.00095
33.74000,1.02193,0.99152,0.00000,0.00000,0.00848
33.88000,1.02194,0.91452,0.00000,0.00001,0.08547
34.02000,1.02194,0.83775,0.00000,0.00001,0.16224
34.16000,1.02194,0.95240,0.00000,0.00000,0.04760
34.30000,1.02194,0.91437,0.00000,0.00002,0.08562
34.44000,1.02194,0.99122,0.00000,0.00000,0.00878
34.58000,1.02193,0.99467,0.00000,0.00000,0.00533
34.72000,1.02193,0.99700,0.00000,0.00000,0.00300
34.86000,1.02194,0.99673,0.00000,0.00000,0.00327
35.00000,1.02194,0.99867,0.00000,0.00000,0.00132
35.14000,1.02194,0.99465,0.00000,0.00002,0.00533
35.28000,1.02194,0.99845,0.00000,0.00000,0.00155
35.42000,1.02194,0.99925,0.00000,0.00000,0.00075
35.56000,1.02193,0.99964,0.00000,0.00000,0.00036
35.70000,1.02194,0.99969,0.00000,0.00000,0.00031
35.84000,1.02194,0.99967,0.00000,0.00000,0.00033
35.98000,1.02194,0.99974,0.00000,0.00000,0.00026
36.12000,1.02194,0.99946,0.00000,0.00000,0.00054
36.26000,1.02194,0.99945,0.00000,0.00000,0.00055
36.40000,1.02193,0.99954,0.00000,0.00000,0.00046
36.54000,1.02194,0.99958,0.00000,0.00000,0.00042
36.68000,1.02194,0.99953,0.00000,0.00000,0.00047
36.82000,1.02194,0.99955,0.00000,0.00000,0.00045
36.96000,1.02194,0.99964,0.00000,0.00000,0.00036
37.10000,1.02194,0.99974,0.00000,0.00000,0.00026
37.24000,1.02193,0.99977,0.00000,0.00000,0.00023
37.38000,1.02194,0.99968,0.00000,0.00000,0.00032
37.52000,1.02194,0.99860,0.00000,0.00000,0.00140
37.66000,1.02194,0.99804,0.00000,0.00000,0.00196
37.80000,1.02194,0.99843,0.00000,0.00000,0.00157
37.94000,1.02194,0.99859,0.00000,0.00002,0.00139
38.08000,1.02193,0.99789,0.00000,0.00087,0.00124
38.22000,1.02193,0.99064,0.00002,0.00842,0.00092
38.36000,1.02194,0.67706,0.00034,0.32174,0.00086
38.50000,1.02194,0.02724,0.00004,0.97272,0.00001
38.64000,1.02194,0.01043,0.00005,0.98951,0.00000
38.78000,1.02194,0.00344,0.00009,0.99647,0.00000
38.92000,1.02194,0.00270,0.00008,0.99722,0.00000
39.06000,1.02193,0.00274,0.00008,0.99717,0.00000
39.20000,1.02194,0.00289,0.00009,0.99702,0.00000
39.34000,1.02194,0.00330,0.00009,0.99661,0.00000
39.48000,1.02194,0.00344,0.00008,0.99648,0.00000
39.62000,1.02194,0.00328,0.00007,0.99665,0.00000
39.76000,1.02194,0.00319,0.00006,0.99674,0.00000
39.90000,1.02193,0.00329,0.00007,0.99664,0.00000
40.04000,1.02194,0.00321,0.00006,0.99672,0.00000
40.18000,1.02194,0.00281,0.00008,0.99711,0.00000
40.32000,1.02194,0.00268,0.00008,0.99723,0.00000
40.46000,1.02194,0.00238,0.00008,0.99754,0.00000
40.60000,1.02194,0.00218,0.00009,0.99773,0.00000
40.74000,1.02193,0.00225,0.00010,0.99765,0.00000
40.88000,1.02194,0.00200,0.00009,0.99791,0.00000
41.02000,1.02194,0.00200,0.00009,0.99791,0.00000
41.16000,1.02194,0.00199,0.00009,0.99792,0.00000
41.30000,1.02194,0.00185,0.00009,0.99807,0.00000
41.44000,1.02194,0.00172,0.00009,0.99819,0.00000
41.58000,1.02193,0.00172,0.00008,0.99820,0.00000
41.72000,1.02193,0.00158,0.00009,0.99833,0.00000
41.86000,1.02194,0.00167,0.00010,0.99823,0.00000
42.00000,1.02194,0.00157,0.00010,0.99834,0.00000
42.14000,1.02194,0.00156,0.00010,0.99834,0.00000
42.28000,1.02194,0.00149,0.00010,0.99840,0.00000
42.42000,1.02194,0.00169,0.00010,0.99821,0.00000
42.56000,1.02193,0.00168,0.00009,0.99823,0.00000
42.70000,1.02194,0.00178,0.00009,0.99814,0.00000
42.84000,1.02194,0.00175,0.00009,0.99816,0.00000
42.98000,1.02194,0.00193,0.00010,0.99797,0.00000
43.12000,1.02194,0.00176,0.00010,0.99814,0.00000
43.26000,1.02194,0.00180,0.00010,0.99810,0.00000
43.40000,1.02193,0.00165,0.00010,0.99825,0.00000
43.54000,1.02194,0.00162,0.00010,0.99828,0.00000
43.68000,1.02194,0.00144,0.00010,0.99845,0.00000
43.82000,1.02194,0.00138,0.00011,0.99850,0.00000
43.96000,1.02194,0.00146,0.00012,0.99842,0.00000
44.10000,1.02194,0.00151,0.00012,0.99837,0.00000
44.24000,1.02193,0.00144,0.00011,0.99845,0.00000
44.38000,1.02194,0.00145,0.00012,0.99843,0.00000
44.52000,1.02194,0.00148,0.00011,0.99841,0.00000
44.66000,1.02194,0.00161,0.00011,0.99829,0.00000
44.80000,1.02194,0.00169,0.00011,0.99820,0.00000
44.94000,1.02194,0.00167,0.00010,0.99823,0.00000
45.08000,1.02193,0.00167,0.00011,0.99822,0.00000
45.22000,1.02193,0.00182,0.00010,0.99808,0.00000
45.36000,1.02194,0.00178,0.00011,0.99811,0.00000
45.50000,1.02194,0.00175,0.00009,0.99816,0.00000
45.64000,1.02194,0.00169,0.00009,0.99822,0.00000
45.78000,1.02194,0.00173,0.00009,0.99818,0.00000
45.92000,1.02194,0.00159,0.00008,0.99833,0.00000
46.06000,1.02193,0.00160,0.00009,0.99830,0.00000
46.20000,1.02194,0.00157,0.00010,0.99833,0.00000
46.34000,1.02194,0.00154,0.00010,0.99835,0.00000
46.48000,1.02194,0.00158,0.00010,0.99833,0.00000
46.62000,1.02194,0.00162,0.00009,0.99829,0.00000
46.76000,1.02194,0.00174,0.00009,0.99818,0.00000
46.90000,1.02193,0.00176,0.00009,0.99816,0.00000
47.04000,1.02194,0.00207,0.00008,0.99785,0.00000
47.18000,1.02194,0.00218,0.00006,0.99775,0.00000
47.32000,1.02194,0.00221,0.00006,0.99772,0.00000
47.46000,1.02194,0.00221,0.00006,0.99773,0.00000
47.60000,1.02194,0.00215,0.00006,0.99778,0.00000
47.74000,1.02193,0.00196,0.00007,0.99797,0.00000
47.88000,1.02194,0.00202,0.00008,0.99791,0.00000
48.02000,1.02194,0.00191,0.00008,0.99801,0.00000
48.16000,1.02194,0.00186,0.00009,0.99806,0.00000
48.30000,1.02194,0.00172,0.00009,0.99819,0.00000
48.44000,1.02194,0.00155,0.00009,0.99836,0.00000
48.58000,1.02193,0.00142,0.00009,0.99849,0.00000
48.72000,1.02193,0.00150,0.00010,0.99840,0.00000
48.86000,1.02194,0.00149,0.00010,0.99841,0.00000
49.00000,1.02194,0.00144,0.00010,0.99846,0.00000
49.14000,1.02194,0.00145,0.00011,0.99844,0.00000
49.28000,1.02194,0.00139,0.00011,0.99850,0.00000
49.42000,1.02194,0.00140,0.00012,0.99849,0.00000
49.56000,1.02193,0.00150,0.00010,0.99839,0.00000
49.70000,1.02194,0.00157,0.00011,0.99833,0.00000
49.84000,1.02194,0.00133,0.00012,0.99855,0.00000
49.98000,1.02194,0.00149,0.00010,0.99841,0.00000
50.12000,1.02194,0.00147,0.00012,0.99841,0.00000
50.26000,1.02194,0.00143,0.00011,0.99846,0.00000
50.40000,1.02193,0.00142,0.00011,0.99847,0.00000
50.54000,1.02194,0.00145,0.00011,0.99844,0.00000
50.68000,1.02194,0.00155,0.00012,0.99834,0.00000
50.82000,1.02194,0.00150,0.00011,0.99840,0.00000
50.96000,1.02194,0.00153,0.00011,0.99836,0.00000
51.10000,1.02194,0.00157,0.00011,0.99831,0.00000
51.24000,1.02193,0.00157,0.00011,0.99832,0.00000
51.38000,1.02194,0.00161,0.00012,0.99827,0.00000
51.52000,1.02194,0.00166,0.00011,0.99823,0.00000
51.66000,1.02194,0.00166,0.00011,0.99823,0.00000
51.80000,1.02194,0.00161,0.00010,0.99829,0.00000
51.94000,1.02194,0.00149,0.00011,0.99839,0.00000
52.08000,1.02193,0.00150,0.00012,0.99839,0.00000
52.22000,1.02193,0.00162,0.00012,0.99825,0.00000
52.36000,1.02194,0.00153,0.00010,0.99837,0.00000
52.50000,1.02194,0.00153,0.00009,0.99837,0.00000
52.64000,1.02194,0.00166,0.00010,0.99825,0.00000
52.78000,1.02194,0.00177,0.00009,0.99814,0.00000
52.92000,1.02194,0.00191,0.00009,0.99800,0.00000
53.06000,1.02193,0.00190,0.00007,0.99803,0.00000
53.20000,1.02194,0.00186,0.00008,0.99806,0.00000
53.34000,1.02194,0.00196,0.00008,0.99796,0.00000
53.48000,1.02194,0.00183,0.00008,0.99809,0.00000
53.62000,1.02194,0.00183,0.00008,0.99809,0.00000
53.76000,1.02194,0.00183,0.00009,0.99808,0.00000
53.90000,1.02193,0.00184,0.00009,0.99807,0.00000
54.04000,1.02194,0.00185,0.00010,0.99805,0.00000
54.18000,1.02194,0.00158,0.00009,0.99833,0.00000
54.32000,1.02194,0.00163,0.00009,0.99827,0.00000
54.46000,1.02194,0.00140,0.00011,0.99850,0.00000
54.60000,1.02194,0.00141,0.00011,0.99849,0.00000
54.74000,1.02193,0.00136,0.00012,0.99852,0.00000
54.88000,1.02194,0.00146,0.00013,0.99842,0.00000
55.02000,1.02194,0.00146,0.00011,0.99842,0.00000
55.16000,1.02194,0.00143,0.00011,0.99845,0.00000
55.30000,1.02194,0.00153,0.00011,0.99836,0.00000
55.44000,1.02194,0.00151,0.00011,0.99838,0.00000
55.58000,1.02193,0.00159,0.00011,0.99831,0.00000
55.72000,1.02193,0.00145,0.00011,0.99844,0.00000
55.86000,1.02194,0.00153,0.00011,0.99835,0.00000
56.00000,1.02194,0.00144,0.00011,0.99844,0.00000
56.14000,1.02194,0.00152,0.00011,0.99837,0.00000
56.28000,1.02194,0.00158,0.00011,0.99830,0.00000
56.42000,1.02194,0.00171,0.00011,0.99818,0.00000
56.56000,1.02193,0.00159,0.00012,0.99829,0.00000
56.70000,1.02194,0.00146,0.00011,0.99843,0.00000
56.84000,1.02194,0.00159,0.00011,0.99830,0.00000
56.98000,1.02194,0.00156,0.00011,0.99833,0.00000
57.12000,1.02194,0.00158,0.00010,0.99833,0.00000
57.26000,1.02194,0.00155,0.00010,0.99835,0.00000
57.40000,1.02193,0.00172,0.00010,0.99818,0.00000
57.54000,1.02194,0.00169,0.00009,0.99822,0.00000
57.68000,1.02194,0.00180,0.00008,0.99812,0.00000
57.82000,1.02194,0.00197,0.00009,0.99794,0.00000
57.96000,1.02194,0.00175,0.00009,0.99816,0.00000
58.10000,1.02194,0.00171,0.00008,0.99821,0.00000
58.24000,1.02193,0.00157,0.00009,0.99834,0.00000
58.38000,1.02194,0.00173,0.00010,0.99817,0.00000
58.52000,1.02194,0.00155,0.00010,0.99835,0.00000
58.66000,1.02194,0.00129,0.00011,0.99860,0.00000
58.80000,1.02194,0.00136,0.00013,0.99852,0.00000
58.94000,1.02194,0.00127,0.00014,0.99859,0.00000
59.08000,1.02193,0.00130,0.00014,0.99856,0.00000
59.22000,1.02193,0.00134,0.00014,0.99852,0.00000
59.36000,1.02194,0.00132,0.00015,0.99852,0.00000
59.50000,1.02194,0.00131,0.00015,0.99854,0.00000
59.64000,1.02194,0.00156,0.00013,0.99831,0.00000
59.78000,1.02194,0.00164,0.00011,0.99824,0.00000
59.92000,1.02194,0.00175,0.00011,0.99814,0.00000
60.06000,1.02193,0.00182,0.00011,0.99807,0.00000
60.20000,1.02194,0.00179,0.00010,0.99811,0.00000
60.34000,1.02194,0.00178,0.00009,0.99812,0.00000
60.48000,1.02194,0.00183,0.00009,0.99807,0.00000
60.62000,1.02194,0.00172,0.00010,0.99818,0.00000
60.76000,1.02194,0.00187,0.00011,0.99802,0.00000
60.90000,1.02193,0.00171,0.00010,0.99819,0.00000
61.04000,1.02194,0.00173,0.00010,0.99817,0.00000
61.18000,1.02194,0.00171,0.00009,0.99819,0.00000
61.32000,1.02194,0.00175,0.00009,0.99816,0.00000
61.46000,1.02194,0.00184,0.00010,0.99805,0.00000
61.60000,1.02194,0.00185,0.00009,0.99806,0.00000
61.74000,1.02193,0.00174,0.00010,0.99817,0.00000
61.88000,1.02194,0.00209,0.00009,0.99782,0.00000
62.02000,1.02194,0.00195,0.00009,0.99796,0.00000
62.16000,1.02194,0.00202,0.00008,0.99789,0.00000
62.30000,1.02194,0.00231,0.00009,0.99760,0.00000
62.44000,1.02194,0.00215,0.00008,0.99777,0.00000
62.58000,1.02193,0.00220,0.00008,0.99772,0.00000
62.72000,1.02193,0.00224,0.00008,0.99768,0.00000
62.86000,1.02194,0.00209,0.00008,0.99782,0.00000
63.00000,1.02193,0.00225,0.00008,0.99767,0.00000
63.14000,1.02193,0.00213,0.00008,0.99778,0.00000
63.28000,1.02194,0.00220,0.00008,0.99772,0.00000
63.42000,1.02194,0.00224,0.00008,0.99769,0.00000
63.56000,1.02194,0.00208,0.00008,0.99784,0.00000
63.70000,1.02194,0.00230,0.00008,0.99761,0.00000
63.84000,1.02194,0.00252,0.00007,0.99740,0.00000
63.98000,1.02194,0.00265,0.00007,0.99727,0.00000
64.12000,1.02193,0.00257,0.00007,0.99736,0.00000
64.26000,1.02193,0.00258,0.00006,0.99736,0.00000
64.40000,1.02193,0.00269,0.00007,0.99724,0.00000
64.54000,1.02193,0.00280,0.00006,0.99714,0.00000
64.68000,1.02193,0.00251,0.00006,0.99742,0.00000
64.82000,1.02193,0.00247,0.00007,0.99747,0.00000
64.96000,1.02194,0.00245,0.00007,0.99748,0.00000
65.10000,1.02194,0.00231,0.00007,0.99762,0.00000
65.24000,1.02194,0.00230,0.00007,0.99762,0.00000
65.38000,1.02194,0.00211,0.00008,0.99780,0.00000
65.52000,1.02194,0.00193,0.00008,0.99798,0.00000
65.66000,1.02193,0.00192,0.00008,0.99799,0.00000
65.80000,1.02193,0.00191,0.00009,0.99800,0.00000
65.94000,1.02193,0.00185,0.00008,0.99806,0.00000
66.08000,1.02193,0.00174,0.00008,0.99817,0.00000
66.22000,1.02193,0.00162,0.00010,0.99827,0.00000
66.36000,1.02193,0.00189,0.00010,0.99801,0.00000
66.50000,1.02193,0.00181,0.00010,0.99808,0.00000
66.64000,1.02193,0.00191,0.00010,0.99799,0.00000
66.78000,1.02194,0.00202,0.00010,0.99788,0.00000
66.92000,1.02194,0.00206,0.00009,0.99785,0.00000
67.06000,1.02194,0.00221,0.00008,0.99771,0.00000
67.20000,1.02194,0.00242,0.00007,0.99751,0.00000
67.34000,1.02194,0.00227,0.00007,0.99766,0.00000
67.48000,1.02193,0.00229,0.00007,0.99764,0.00000
67.62000,1.02193,0.00220,0.00007,0.99772,0.00000
67.76000,1.02193,0.00217,0.00008,0.99776,0.00000
67.90000,1.02193,0.00212,0.00007,0.99781,0.00000
68.04000,1.02193,0.00197,0.00007,0.99796,0.00000
68.18000,1.02193,0.00197,0.00007,0.99795,0.00000
68.32000,1.02193,0.00206,0.00008,0.99786,0.00000
68.46000,1.02194,0.00211,0.00008,0.99781,0.00000
68.60000,1.02194,0.00224,0.00008,0.99768,0.00000
68.74000,1.02194,0.00220,0.00007,0.99773,0.00000
68.88000,1.02194,0.00206,0.00007,0.99787,0.00000
69.02000,1.02194,0.00232,0.00008,0.99760,0.00000
69.16000,1.02193,0.00209,0.00008,0.99784,0.00000
69.30000,1.02193,0.00194,0.00008,0.99798,0.00000
69.44000,1.02193,0.00169,0.00009,0.99822,0.00000
69.58000,1.02193,0.00173,0.00009,0.99818,0.00000
69.72000,1.02193,0.00166,0.00010,0.99824,0.00000
69.86000,1.02193,0.00165,0.00011,0.99825,0.00000
70.00000,1.02193,0.00171,0.00010,0.99818,0.00000
70.14000,1.02193,0.00179,0.00010,0.99811,0.00000
70.28000,1.02194,0.00190,0.00010,0.99800,0.00000
70.42000,1.02194,0.00207,0.00009,0.99784,0.00000
70.56000,1.02194,0.00210,0.00010,0.99780,0.00000
70.70000,1.02194,0.00196,0.00008,0.99795,0.00000
70.84000,1.02194,0.00211,0.00009,0.99781,0.00000
70.98000,1.02193,0.00219,0.00009,0.99773,0.00000
71.12000,1.02193,0.00196,0.00009,0.99795,0.00000
71.26000,1.02193,0.00200,0.00009,0.99791,0.00000
71.40000,1.02193,0.00191,0.00009,0.99800,0.00000
71.54000,1.02193,0.00199,0.00009,0.99792,0.00000
71.68000,1.02193,0.00204,0.00008,0.99788,0.00000
71.82000,1.02193,0.00195,0.00008,0.99797,0.00000
71.96000,1.02194,0.00205,0.00008,0.99787,0.00000
72.10000,1.02194,0.00197,0.00008,0.99795,0.00000
72.24000,1.02194,0.00189,0.00008,0.99803,0.00000
72.38000,1.02194,0.00173,0.00009,0.99817,0.00000
72.52000,1.02194,0.00166,0.00010,0.99825,0.00000
72.66000,1.02193,0.00165,0.00010,0.99825,0.00000
72.80000,1.02193,0.00179,0.00010,0.99811,0.00000
72.94000,1.02193,0.00166,0.00009,0.99825,0.00000
73.08000,1.02193,0.00164,0.00009,0.99827,0.00000
73.22000,1.02193,0.00173,0.00009,0.99818,0.00000
73.36000,1.02193,0.00166,0.00010,0.99824,0.00000
73.50000,1.02193,0.00175,0.00010,0.99815,0.00000
73.64000,1.02193,0.00174,0.00010,0.99816,0.00000
73.78000,1.02194,0.00195,0.00010,0.99795,0.00000
73.92000,1.02194,0.00192,0.00011,0.99797,0.00000
74.06000,1.02194,0.00198,0.00009,0.99793,0.00000
74.20000,1.02194,0.00196,0.00009,0.99795,0.00000
74.34000,1.02194,0.00184,0.00011,0.99806,0.00000
74.48000,1.02193,0.00190,0.00010,0.99799,0.00000
74.62000,1.02193,0.00161,0.00010,0.99830,0.00000
74.76000,1.02193,0.00165,0.00010,0.99825,0.00000
74.90000,1.02193,0.00167,0.00010,0.99823,0.00000
75.04000,1.02193,0.00145,0.00011,0.99845,0.00000
75.18000,1.02193,0.00163,0.00011,0.99826,0.00000
75.32000,1.02193,0.00181,0.00010,0.99809,0.00000
75.46000,1.02194,0.00172,0.00010,0.99818,0.00000
75.60000,1.02194,0.00170,0.00009,0.99821,0.00000
75.74000,1.02194,0.00175,0.00010,0.99814,0.00000
75.88000,1.02194,0.00168,0.00010,0.99822,0.00000
76.02000,1.02194,0.00181,0.00010,0.99809,0.00000
76.16000,1.02193,0.00167,0.00010,0.99823,0.00000
76.30000,1.02193,0.00182,0.00011,0.99807,0.00000
76.44000,1.02193,0.00163,0.00010,0.99827,0.00000
76.58000,1.02193,0.00160,0.00010,0.99830,0.00000
76.72000,1.02193,0.00160,0.00011,0.99829,0.00000
76.86000,1.02193,0.00159,0.00011,0.99830,0.00000
77.00000,1.02193,0.00156,0.00011,0.99833,0.00000
77.14000,1.02193,0.00152,0.00013,0.99835,0.00000
77.28000,1.02194,0.00142,0.00012,0.99846,0.00000
77.42000,1.02194,0.00142,0.00014,0.99843,0.00000
77.56000,1.02194,0.00141,0.00014,0.99845,0.00000
77.70000,1.02194,0.00132,0.00014,0.99854,0.00000
77.84000,1.02194,0.00129,0.00016,0.99855,0.00000
77.98000,1.02193,0.00140,0.00014,0.99845,0.00000
78.12000,1.02193,0.00144,0.00015,0.99841,0.00000
78.26000,1.02193,0.00155,0.00012,0.99833,0.00000
78.40000,1.02193,0.00152,0.00013,0.99835,0.00000
78.54000,1.02193,0.00154,0.00012,0.99835,0.00000
78.68000,1.02193,0.00166,0.00011,0.99823,0.00000
78.82000,1.02193,0.00152,0.00011,0.99836,0.00000
78.96000,1.02194,0.00153,0.00011,0.99835,0.00000
79.10000,1.02194,0.00157,0.00013,0.99830,0.00000
79.24000,1.02194,0.00161,0.00013,0.99826,0.00000
79.38000,1.02194,0.00156,0.00012,0.99831,0.00000
79.52000,1.02194,0.00162,0.00012,0.99826,0.00000
79.66000,1.02193,0.00161,0.00012,0.99827,0.00000
79.80000,1.02193,0.00173,0.00010,0.99817,0.00000
79.94000,1.02193,0.00178,0.00010,0.99811,0.00000
80.08000,1.02193,0.00187,0.00009,0.99803,0.00000
80.22000,1.02193,0.00183,0.00009,0.99808,0.00000
80.36000,1.02193,0.00179,0.00010,0.99811,0.00000
80.50000,1.02193,0.00156,0.00010,0.99833,0.00000
80.64000,1.02193,0.00159,0.00011,0.99830,0.00000
80.78000,1.02194,0.00156,0.00011,0.99833,0.00000
80.92000,1.02194,0.00176,0.00012,0.99812,0.00000
81.06000,1.02194,0.00165,0.00010,0.99825,0.00000
81.20000,1.02194,0.00164,0.00009,0.99828,0.00000
81.34000,1.02194,0.00183,0.00009,0.99808,0.00000
81.48000,1.02193,0.00193,0.00009,0.99798,0.00000
81.62000,1.02193,0.00183,0.00008,0.99810,0.00000
81.76000,1.02193,0.00185,0.00008,0.99807,0.00000
81.90000,1.02193,0.00166,0.00009,0.99825,0.00000
82.04000,1.02193,0.00168,0.00010,0.99822,0.00000
82.18000,1.02193,0.00172,0.00010,0.99818,0.00000
82.32000,1.02193,0.00185,0.00010,0.99805,0.00000
82.46000,1.02194,0.00188,0.00009,0.99803,0.00000
82.60000,1.02194,0.00202,0.00008,0.99790,0.00000
82.74000,1.02194,0.00212,0.00007,0.99781,0.00000
82.88000,1.02194,0.00208,0.00007,0.99785,0.00000
83.02000,1.02194,0.00224,0.00007,0.99769,0.00000
83.16000,1.02193,0.00211,0.00008,0.99782,0.00000
83.30000,1.02193,0.00200,0.00008,0.99792,0.00000
83.44000,1.02193,0.00195,0.00009,0.99796,0.00000
83.58000,1.02193,0.00186,0.00009,0.99804,0.00000
83.72000,1.02193,0.00189,0.00010,0.99801,0.00000
83.86000,1.02193,0.00188,0.00011,0.99801,0.00000
84.00000,1.02193,0.00240,0.00010,0.99750,0.00000
84.14000,1.02193,0.00226,0.00009,0.99766,0.00000
84.28000,1.02194,0.00207,0.00008,0.99784,0.00000
84.42000,1.02194,0.00217,0.00008,0.99775,0.00000
84.56000,1.02194,0.00232,0.00009,0.99759,0.00000
84.70000,1.02194,0.00222,0.00010,0.99768,0.00000
84.84000,1.02194,0.00191,0.00008,0.99801,0.00000
84.98000,1.02193,0.00187,0.00009,0.99804,0.00000
85.12000,1.02193,0.00176,0.00010,0.99814,0.00000
85.26000,1.02193,0.00183,0.00010,0.99807,0.00000
85.40000,1.02193,0.00172,0.00009,0.99818,0.00000
85.54000,1.02193,0.00168,0.00010,0.99822,0.00000
85.68000,1.02193,0.00151,0.00010,0.99839,0.00000
85.82000,1.02193,0.00144,0.00012,0.99845,0.00000
85.96000,1.02194,0.00142,0.00013,0.99845,0.00000
86.10000,1.02194,0.00133,0.00013,0.99854,0.00000
86.24000,1.02194,0.00136,0.00015,0.99849,0.00000
86.38000,1.02194,0.00133,0.00015,0.99852,0.00000
86.52000,1.02194,0.00135,0.00014,0.99851,0.00000
86.66000,1.02193,0.00142,0.00015,0.99843,0.00000
86.80000,1.02193,0.00145,0.00013,0.99842,0.00000
86.94000,1.02193,0.00139,0.00013,0.99848,0.00000
87.08000,1.02193,0.00157,0.00013,0.99830,0.00000
87.22000,1.02193,0.00170,0.00012,0.99819,0.00000
87.36000,1.02193,0.00159,0.00012,0.99829,0.00000
87.50000,1.02193,0.00157,0.00011,0.99832,0.00000
87.64000,1.02193,0.00183,0.00012,0.99805,0.00000
87.78000,1.02194,0.00191,0.00011,0.99798,0.00000
87.92000,1.02194,0.00187,0.00009,0.99804,0.00000
88.06000,1.02194,0.00196,0.00009,0.99795,0.00000
88.20000,1.02194,0.00185,0.00009,0.99806,0.00000
88.34000,1.02194,0.00190,0.00009,0.99801,0.00000
88.48000,1.02193,0.00219,0.00008,0.99774,0.00000
88.62000,1.02193,0.00221,0.00009,0.99770,0.00000
88.76000,1.02193,0.00211,0.00008,0.99781,0.00000
88.90000,1.02193,0.00212,0.00008,0.99779,0.00000
89.04000,1.02193,0.00218,0.00009,0.99773,0.00000
89.18000,1.02193,0.00218,0.00009,0.99773,0.00000
89.32000,1.02193,0.00226,0.00008,0.99766,0.00000
89.46000,1.02194,0.00232,0.00007,0.99761,0.00000
89.60000,1.02194,0.00219,0.00007,0.99774,0.00000
89.74000,1.02194,0.00257,0.00008,0.99735,0.00000
89.88000,1.02194,0.00262,0.00007,0.99731,0.00000
90.02000,1.02194,0.00268,0.00007,0.99725,0.00000
90.16000,1.02193,0.00282,0.00006,0.99711,0.00000
90.30000,1.02193,0.00284,0.00006,0.99710,0.00000
90.44000,1.02193,0.00302,0.00005,0.99692,0.00000
90.58000,1.02193,0.00318,0.00006,0.99676,0.00000
90.72000,1.02193,0.00320,0.00005,0.99675,0.00000
90.86000,1.02193,0.00327,0.00005,0.99669,0.00000
91.00000,1.02193,0.00328,0.00005,0.99667,0.00000
91.14000,1.02193,0.00324,0.00005,0.99671,0.00000
91.28000,1.02194,0.00303,0.00005,0.99691,0.00000
91.42000,1.02194,0.00282,0.00006,0.99712,0.00000
91.56000,1.02194,0.00371,0.00005,0.99624,0.00000
91.70000,1.02194,0.01232,0.00003,0.98764,0.00001
91.84000,1.02194,0.06853,0.00003,0.93131,0.00013
91.98000,1.02193,0.17492,0.00001,0.82381,0.00126
92.12000,1.02193,0.39720,0.00001,0.59638,0.00642
92.26000,1.02193,0.89899,0.00000,0.07703,0.02398
92.40000,1.02193,0.93911,0.00000,0.00885,0.05204
92.54000,1.02193,0.91841,0.00000,0.00059,0.08101
92.68000,1.02193,0.94001,0.00000,0.00016,0.05983
92.82000,1.02193,0.97087,0.00000,0.00008,0.02905
92.96000,1.02194,0.98251,0.00000,0.00001,0.01748
93.10000,1.02194,0.99515,0.00000,0.00000,0.00485
93.24000,1.02194,0.99509,0.00000,0.00000,0.00491
93.38000,1.02194,0.99897,0.00000,0.00001,0.00102
93.52000,1.02194,0.99965,0.00000,0.00003,0.00032
93.66000,1.02193,0.99945,0.00000,0.00025,0.00030
93.80000,1.02193,0.99946,0.00000,0.00016,0.00038
93.94000,1.02193,0.99968,0.00000,0.00003,0.00029
94.08000,1.02193,0.99953,0.00001,0.00002,0.00043
94.22000,1.02193,0.99938,0.00001,0.00001,0.00060
94.36000,1.02193,0.99900,0.00000,0.00000,0.00100
94.50000,1.02193,0.99467,0.00000,0.00000,0.00533
94.64000,1.02193,0.99879,0.00000,0.00000,0.00121
94.78000,1.02194,0.99834,0.00000,0.00000,0.00166
94.92000,1.02194,0.99830,0.00000,0.00000,0.00170
95.06000,1.02194,0.99862,0.00000,0.00000,0.00138
95.20000,1.02194,0.99885,0.00000,0.00000,0.00115
95.34000,1.02194,0.99898,0.00000,0.00000,0.00102
95.48000,1.02193,0.99890,0.00000,0.00000,0.00110
95.62000,1.02193,0.99909,0.00000,0.00000,0.00091
95.76000,1.02193,0.99912,0.00000,0.00000,0.00088
95.90000,1.02193,0.99927,0.00000,0.00000,0.00073
96.04000,1.02193,0.99910,0.00000,0.00000,0.00090
96.18000,1.02193,0.99899,0.00000,0.00000,0.00101
96.32000,1.02193,0.99911,0.00000,0.00000,0.00089
96.46000,1.02194,0.99910,0.00000,0.00000,0.00090
96.60000,1.02194,0.99916,0.00000,0.00000,0.00084
96.74000,1.02194,0.99927,0.00000,0.00000,0.00073
96.88000,1.02194,0.99919,0.00000,0.00000,0.00081
97.02000,1.02194,0.99881,0.00000,0.00000,0.00119
97.16000,1.02193,0.99857,0.00000,0.00000,0.00143
97.30000,1.02193,0.99859,0.00000,0.00000,0.00141
97.44000,1.02193,0.99883,0.00000,0.00000,0.00117
97.58000,1.02193,0.99900,0.00000,0.00000,0.00100
97.72000,1.02193,0.99884,0.00000,0.00000,0.00116
97.86000,1.02193,0.99882,0.00000,0.00000,0.00118
98.00000,1.02193,0.99920,0.00000,0.00000,0.00080
98.14000,1.02193,0.99916,0.00000,0.00000,0.00084
98.28000,1.02194,0.99904,0.00000,0.00000,0.00096
98.42000,1.02194,0.99890,0.00000,0.00000,0.00110
98.56000,1.02194,0.99828,0.00000,0.00000,0.00172
98.70000,1.02194,0.99836,0.00000,0.00000,0.00164
98.84000,1.02194,0.99786,0.00000,0.00000,0.00213
98.98000,1.02193,0.99831,0.00000,0.00000,0.00169
99.12000,1.02193,0.99838,0.00000,0.00000,0.00162
99.26000,1.02193,0.99803,0.00000,0.00000,0.00197
99.40000,1.02193,0.99722,0.00000,0.00000,0.00278
99.54000,1.02193,0.99841,0.00000,0.00000,0.00159
99.68000,1.02193,0.99873,0.00000,0.00000,0.00127
99.82000,1.02193,0.99898,0.00000,0.00000,0.00102
99.96000,1.02194,0.99883,0.00000,0.00000,0.00117
100.10000,1.02194,0.99910,0.00000,0.00000,0.00090
100.24000,1.02194,0.99909,0.00000,0.00000,0.00091
100.38000,1.02194,0.99900,0.00000,0.00000,0.00100
100.52000,1.02194,0.99832,0.00000,0.00000,0.00168
100.66000,1.02193,0.99721,0.00000,0.00000,0.00279
100.80000,1.02193,0.99647,0.00000,0.00000,0.00353
100.94000,1.02193,0.99674,0.00000,0.00000,0.00326
101.08000,1.02193,0.99772,0.00000,0.00000,0.00228
101.22000,1.02193,0.99819,0.00000,0.00000,0.00181
101.36000,1.02193,0.99857,0.00000,0.00000,0.00143
101.50000,1.02193,0.99853,0.00000,0.00000,0.00147
101.64000,1.02193,0.99881,0.00000,0.00000,0.00119
101.78000,1.02194,0.99816,0.00000,0.00000,0.00184
101.92000,1.02194,0.99777,0.00000,0.00000,0.00223
102.06000,1.02194,0.99705,0.00000,0.00000,0.00294
102.20000,1.02194,0.99915,0.00000,0.00000,0.00085
102.34000,1.02194,0.99947,0.00000,0.00000,0.00053
102.48000,1.02193,0.99958,0.00000,0.00000,0.00042
102.62000,1.02193,0.99964,0.00000,0.00000,0.00036
102.76000,1.02193,0.99933,0.00000,0.00000,0.00067
102.90000,1.02193,0.99962,0.00000,0.00000,0.00038
103.04000,1.02193,0.99960,0.00000,0.00000,0.00040
103.18000,1.02193,0.99792,0.00000,0.00000,0.00208
103.32000,1.02193,0.99723,0.00000,0.00001,0.00276
103.46000,1.02194,0.99305,0.00000,0.00003,0.00692
103.60000,1.02194,0.99255,0.00000,0.00004,0.00741
103.74000,1.02194,0.99594,0.00000,0.00002,0.00404
103.88000,1.02194,0.97878,0.00000,0.00014,0.02108
104.02000,1.02194,0.98593,0.00000,0.00005,0.01402
104.16000,1.02193,0.98618,0.00000,0.00003,0.01379
104.30000,1.02193,0.99130,0.00000,0.00001,0.00869
104.44000,1.02193,0.99375,0.00000,0.00000,0.00624
104.58000,1.02193,0.99486,0.00000,0.00000,0.00514
104.72000,1.02193,0.99544,0.00000,0.00000,0.00456
104.86000,1.02193,0.99556,0.00000,0.00000,0.00444
105.00000,1.02193,0.99503,0.00000,0.00000,0.00496
105.14000,1.02193,0.99744,0.00000,0.00000,0.00256
105.28000,1.02194,0.99782,0.00000,0.00000,0.00218
105.42000,1.02194,0.99854,0.00000,0.00000,0.00145
105.56000,1.02194,0.99846,0.00000,0.00000,0.00154
105.70000,1.02194,0.99894,0.00000,0.00000,0.00106
105.84000,1.02194,0.99925,0.00000,0.00000,0.00075
105.98000,1.02193,0.99935,0.00000,0.00000,0.00065
106.12000,1.02193,0.99967,0.00000,0.00000,0.00033
106.26000,1.02193,0.99977,0.00000,0.00000,0.00023
106.40000,1.02193,0.99971,0.00000,0.00000,0.00029
106.54000,1.02193,0.99973,0.00000,0.00000,0.00027
106.68000,1.02193,0.99969,0.00001,0.00000,0.00031
106.82000,1.02193,0.99966,0.00006,0.00000,0.00028
106.96000,1.02194,0.99944,0.00025,0.00000,0.00030
107.10000,1.02194,0.99778,0.00117,0.00000,0.00105
107.24000,1.02194,0.99732,0.00126,0.00000,0.00142
107.38000,1.02194,0.99722,0.00199,0.00000,0.00079
107.52000,1.02194,0.99648,0.00303,0.00000,0.00049
107.66000,1.02193,0.99552,0.00410,0.00000,0.00038
107.80000,1.02193,0.99513,0.00460,0.00000,0.00027
107.94000,1.02193,0.99600,0.00385,0.00000,0.00015
108.08000,1.02193,0.99606,0.00389,0.00000,0.00005
108.22000,1.02193,0.99595,0.00403,0.00000,0.00003
108.36000,1.02193,0.99614,0.00385,0.00000,0.00001
108.50000,1.02193,0.99598,0.00401,0.00000,0.00001
108.64000,1.02193,0.99409,0.00591,0.00000,0.00001
108.78000,1.02194,0.99058,0.00942,0.00000,0.00001
108.92000,1.02194,0.98572,0.01428,0.00000,0.00001
109.06000,1.02194,0.98442,0.01557,0.00000,0.00001
109.20000,1.02194,0.98213,0.01785,0.00000,0.00002
109.34000,1.02194,0.95251,0.04746,0.00000,0.00003
109.48000,1.02193,0.95914,0.04077,0.00000,0.00009
109.62000,1.02193,0.91256,0.08732,0.00000,0.00012
109.76000,1.02193,0.76746,0.23248,0.00000,0.00006
109.90000,1.02193,0.68541,0.31451,0.00000,0.00008
110.04000,1.02193,0.54776,0.45218,0.00000,0.00006
110.18000,1.02193,0.67833,0.32160,0.00000,0.00007
110.32000,1.02193,0.82023,0.17968,0.00000,0.00010
110.46000,1.02194,0.90421,0.09572,0.00000,0.00007
110.60000,1.02194,0.99094,0.00885,0.00000,0.00022
110.74000,1.02194,0.99912,0.00068,0.00000,0.00020
110.88000,1.02194,0.99948,0.00004,0.00000,0.00047
111.02000,1.02194,0.99962,0.00000,0.00000,0.00038
111.16000,1.02193,0.99949,0.00000,0.00000,0.00051
111.30000,1.02193,0.99955,0.00000,0.00000,0.00045
111.44000,1.02193,0.99988,0.00000,0.00000,0.00012
111.58000,1.02193,0.99989,0.00000,0.00000,0.00011
111.72000,1.02193,0.99997,0.00000,0.00000,0.00003
111.86000,1.02193,0.99998,0.00000,0.00000,0.00002
112.00000,1.02193,0.99999,0.00000,0.00000,0.00001
112.14000,1.02193,0.99998,0.00000,0.00000,0.00002
112.28000,1.02194,0.99998,0.00000,0.00000,0.00002
112.42000,1.02194,0.99999,0.00000,0.00000,0.00001
112.56000,1.02194,0.99999,0.00000,0.00000,0.00001
112.70000,1.02194,1.00000,0.00000,0.00000,0.00000
112.84000,1.02194,1.00000,0.00000,0.00000,0.00000
112.98000,1.02193,1.00000,0.00000,0.00000,0.00000
113.12000,1.02193,1.00000,0.00000,0.00000,0.00000
113.26000,1.02193,1.00000,0.00000,0.00000,0.00000
113.40000,1.02193,1.00000,0.00000,0.00000,0.00000
113.54000,1.02193,1.00000,0.00000,0.00000,0.00000
113.68000,1.02193,1.00000,0.00000,0.00000,0.00000
113.82000,1.02193,1.00000,0.00000,0.00000,0.00000
113.96000,1.02194,0.99996,0.00000,0.00000,0.00004
114.10000,1.02194,0.99989,0.00000,0.00000,0.00011
114.24000,1.02194,0.99979,0.00000,0.00000,0.00021
114.38000,1.02194,0.99932,0.00000,0.00000,0.00068
114.52000,1.02194,0.99891,0.00000,0.00000,0.00109
114.66000,1.02193,0.99896,0.00000,0.00000,0.00104
114.80000,1.02193,0.99846,0.00000,0.00000,0.00154
114.94000,1.02193,0.99854,0.00000,0.00000,0.00146
115.08000,1.02193,0.99913,0.00000,0.00000,0.00087
115.22000,1.02193,0.99937,0.00000,0.00000,0.00063
115.36000,1.02193,0.99961,0.00000,0.00000,0.00039
115.50000,1.02193,0.99969,0.00000,0.00000,0.00031
115.64000,1.02193,0.99951,0.00000,0.00000,0.00049
115.78000,1.02194,0.99976,0.00000,0.00000,0.00024
115.92000,1.02194,0.99992,0.00000,0.00000,0.00008
116.06000,1.02194,0.99992,0.00000,0.00000,0.00008
116.20000,1.02194,0.99991,0.00000,0.00000,0.00009
116.34000,1.02194,0.99993,0.00000,0.00000,0.00007
116.48000,1.02193,0.99995,0.00000,0.00000,0.00005
116.62000,1.02193,0.99995,0.00000,0.00000,0.00005
116.76000,1.02193,0.99990,0.00000,0.00000,0.00010
116.90000,1.02193,0.99983,0.00000,0.00000,0.00017
117.04000,1.02193,0.99937,0.00000,0.00000,0.00063
117.18000,1.02193,0.99964,0.00000,0.00000,0.00036
117.32000,1.02193,0.99958,0.00000,0.00000,0.00042
117.46000,1.02194,0.99945,0.00000,0.00000,0.00055
117.60000,1.02194,0.99942,0.00000,0.00000,0.00058
117.74000,1.02194,0.99944,0.00000,0.00000,0.00056
117.88000,1.02194,0.99913,0.00000,0.00000,0.00087
118.02000,1.02194,0.99916,0.00000,0.00000,0.00084
118.16000,1.02193,0.99832,0.00000,0.00000,0.00168
118.30000,1.02193,0.99636,0.00000,0.00000,0.00364
118.44000,1.02193,0.99748,0.00001,0.00000,0.00250
118.58000,1.02193,0.99569,0.00004,0.00000,0.00427
118.72000,1.02193,0.99729,0.00001,0.00000,0.00270
118.86000,1.02193,0.99533,0.00001,0.00000,0.00467
119.00000,1.02193,0.99889,0.00000,0.00000,0.00111
119.14000,1.02193,0.99895,0.00000,0.00000,0.00105
119.28000,1.02194,0.99905,0.00000,0.00000,0.00095
119.42000,1.02194,0.99968,0.00000,0.00000,0.00032
119.56000,1.02194,0.99983,0.00000,0.00000,0.00017
119.70000,1.02194,0.99978,0.00000,0.00000,0.00022
119.84000,1.02194,0.99986,0.00000,0.00000,0.00014
119.98000,1.02193,0.99988,0.00000,0.00000,0.00012
120.12000,1.02193,0.99990,0.00000,0.00000,0.00010
120.26000,1.02193,0.99980,0.00000,0.00000,0.00020
120.40000,1.02193,0.99973,0.00000,0.00000,0.00027
120.54000,1.02193,0.99974,0.00000,0.00000,0.00026
120.68000,1.02193,0.99963,0.00000,0.00000,0.00037
120.82000,1.02193,0.99952,0.00000,0.00000,0.00048
120.96000,1.02194,0.99936,0.00000,0.00000,0.00064
121.10000,1.02194,0.99934,0.00000,0.00000,0.00066
121.24000,1.02194,0.99988,0.00000,0.00000,0.00012
121.38000,1.02194,0.99994,0.00000,0.00000,0.00006
121.52000,1.02194,0.99998,0.00000,0.00000,0.00002
121.66000,1.02193,0.99998,0.00000,0.00000,0.00002
121.80000,1.02193,0.99999,0.00000,0.00000,0.00001
121.94000,1.02193,0.99999,0.00000,0.00000,0.00001
122.08000,1.02193,1.00000,0.00000,0.00000,0.00000
122.22000,1.02193,0.99999,0.00000,0.00000,0.00001
122.36000,1.02193,1.00000,0.00000,0.00000,0.00000
122.50000,1.02193,1.00000,0.00000,0.00000,0.00000
122.64000,1.02193,1.00000,0.00000,0.00000,0.00000
122.78000,1.02194,1.00000,0.00000,0.00000,0.00000
122.92000,1.02194,1.00000,0.00000,0.00000,0.00000
123.06000,1.02194,1.00000,0.00000,0.00000,0.00000
123.20000,1.02194,1.00000,0.00000,0.00000,0.00000
123.34000,1.02194,1.00000,0.00000,0.00000,0.00000
123.48000,1.02193,1.00000,0.00000,0.00000,0.00000
123.62000,1.02193,1.00000,0.00000,0.00000,0.00000
123.76000,1.02193,1.00000,0.00000,0.00000,0.00000
123.90000,1.02193,1.00000,0.00000,0.00000,0.00000
124.04000,1.02193,1.00000,0.00000,0.00000,0.00000
124.18000,1.02193,1.00000,0.00000,0.00000,0.00000
124.32000,1.02193,1.00000,0.00000,0.00000,0.00000
124.46000,1.02194,1.00000,0.00000,0.00000,0.00000
124.60000,1.02194,1.00000,0.00000,0.00000,0.00000
124.74000,1.02194,1.00000,0.00000,0.00000,0.00000
124.88000,1.02194,1.00000,0.00000,0.00000,0.00000
125.02000,1.02194,1.00000,0.00000,0.00000,0.00000
125.16000,1.02193,1.00000,0.00000,0.00000,0.00000
125.30000,1.02193,1.00000,0.00000,0.00000,0.00000
125.44000,1.02193,1.00000,0.00000,0.00000,0.00000
125.58000,1.02193,1.00000,0.00000,0.00000,0.00000
125.72000,1.02193,1.00000,0.00000,0.00000,0.00000
125.86000,1.02193,1.00000,0.00000,0.00000,0.00000
126.00000,1.02193,0.99999,0.00001,0.00000,0.00000
126.14000,1.02193,0.99997,0.00003,0.00000,0.00000
126.28000,1.02194,0.99999,0.00001,0.00000,0.00000
126.42000,1.02194,0.99999,0.00001,0.00000,0.00000
126.56000,1.02194,0.99999,0.00000,0.00000,0.00001
126.70000,1.02194,0.99945,0.00000,0.00000,0.00054
126.84000,1.02194,0.97432,0.00000,0.00001,0.02567
126.98000,1.02193,0.53644,0.00000,0.00019,0.46337
127.12000,1.02193,0.15814,0.00000,0.00014,0.84172
127.26000,1.02193,0.10149,0.00000,0.00008,0.89843
127.40000,1.02193,0.07180,0.00000,0.00010,0.92810
127.54000,1.02193,0.07872,0.00000,0.00026,0.92101
127.68000,1.02193,0.40971,0.00000,0.00028,0.59001
127.82000,1.02193,0.98105,0.00000,0.00001,0.01894
127.96000,1.02193,0.99990,0.00000,0.00000,0.00010
128.10001,1.02193,1.00000,0.00000,0.00000,0.00000
128.24001,1.02193,1.00000,0.00000,0.00000,0.00000
128.38000,1.02193,1.00000,0.00000,0.00000,0.00000
128.52000,1.02193,1.00000,0.00000,0.00000,0.00000
128.66000,1.02193,1.00000,0.00000,0.00000,0.00000
128.80000,1.02193,1.00000,0.00000,0.00000,0.00000
128.94000,1.02194,1.00000,0.00000,0.00000,0.00000
129.08000,1.02194,1.00000,0.00000,0.00000,0.00000
129.22000,1.02194,1.00000,0.00000,0.00000,0.00000
129.36000,1.02194,1.00000,0.00000,0.00000,0.00000
129.50000,1.02194,1.00000,0.00000,0.00000,0.00000
129.64000,1.02194,1.00000,0.00000,0.00000,0.00000
129.78000,1.02194,0.99999,0.00000,0.00000,0.00001
129.92000,1.02194,0.99992,0.00000,0.00000,0.00008
130.06000,1.02194,0.99944,0.00000,0.00000,0.00056
130.20000,1.02194,0.99991,0.00000,0.00000,0.00009
130.34000,1.02194,1.00000,0.00000,0.00000,0.00000
130.48000,1.02194,1.00000,0.00000,0.00000,0.00000
130.62000,1.02194,1.00000,0.00000,0.00000,0.00000
130.75999,1.02194,1.00000,0.00000,0.00000,0.00000
130.89999,1.02194,1.00000,0.00000,0.00000,0.00000
131.03999,1.02194,1.00000,0.00000,0.00000,0.00000
131.17999,1.02194,1.00000,0.00000,0.00000,0.00000
131.32001,1.02193,1.00000,0.00000,0.00000,0.00000
131.46001,1.02193,1.00000,0.00000,0.00000,0.00000
131.60001,1.02193,1.00000,0.00000,0.00000,0.00000
131.74001,1.02193,1.00000,0.00000,0.00000,0.00000
131.88000,1.02193,1.00000,0.00000,0.00000,0.00000
132.02000,1.02193,1.00000,0.00000,0.00000,0.00000
132.16000,1.02193,1.00000,0.00000,0.00000,0.00000
132.30000,1.02193,1.00000,0.00000,0.00000,0.00000
132.44000,1.02194,1.00000,0.00000,0.00000,0.00000
132.58000,1.02194,1.00000,0.00000,0.00000,0.00000
132.72000,1.02194,1.00000,0.00000,0.00000,0.00000
132.86000,1.02194,0.99976,0.00000,0.00000,0.00024
133.00000,1.02194,0.99706,0.00000,0.00000,0.00294
133.14000,1.02194,0.99827,0.00000,0.00000,0.00173
133.28000,1.02194,0.99993,0.00000,0.00000,0.00007
133.42000,1.02194,1.00000,0.00000,0.00000,0.00000
133.56000,1.02194,1.00000,0.00000,0.00000,0.00000
133.70000,1.02194,1.00000,0.00000,0.00000,0.00000
133.84000,1.02194,0.99996,0.00004,0.00000,0.00000
133.98000,1.02194,0.99904,0.00096,0.00000,0.00000
134.12000,1.02194,0.99756,0.00244,0.00000,0.00000
134.25999,1.02194,0.94880,0.05120,0.00000,0.00000
134.39999,1.02194,0.80211,0.19789,0.00000,0.00000
134.53999,1.02194,0.86565,0.13435,0.00000,0.00000
134.67999,1.02194,0.82483,0.17517,0.00000,0.00000
134.82001,1.02193,0.96555,0.03445,0.00000,0.00000
134.96001,1.02193,0.99908,0.00092,0.00000,0.00000
135.10001,1.02193,0.99956,0.00044,0.00000,0.00000
135.24001,1.02193,0.99987,0.00013,0.00000,0.00000
135.38000,1.02193,0.99998,0.00002,0.00000,0.00000
135.52000,1.02193,0.99999,0.00001,0.00000,0.00001
135.66000,1.02193,0.99997,0.00000,0.00000,0.00003
135.80000,1.02193,0.99995,0.00000,0.00000,0.00005
135.94000,1.02194,0.99999,0.00000,0.00000,0.00001
136.08000,1.02194,1.00000,0.00000,0.00000,0.00000
136.22000,1.02194,1.00000,0.00000,0.00000,0.00000
136.36000,1.02194,1.00000,0.00000,0.00000,0.00000
136.50000,1.02194,1.00000,0.00000,0.00000,0.00000
136.64000,1.02194,1.00000,0.00000,0.00000,0.00000
136.78000,1.02194,1.00000,0.00000,0.00000,0.00000
136.92000,1.02194,1.00000,0.00000,0.00000,0.00000
137.06000,1.02194,1.00000,0.00000,0.00000,0.00000
137.20000,1.02194,1.00000,0.00000,0.00000,0.00000
137.34000,1.02194,1.00000,0.00000,0.00000,0.00000
137.48000,1.02194,1.00000,0.00000,0.00000,0.00000
137.62000,1.02194,1.00000,0.00000,0.00000,0.00000
137.75999,1.02194,1.00000,0.00000,0.00000,0.00000
137.89999,1.02194,1.00000,0.00000,0.00000,0.00000
138.03999,1.02194,1.00000,0.00000,0.00000,0.00000
138.17999,1.02194,1.00000,0.00000,0.00000,0.00000
138.32001,1.02193,1.00000,0.00000,0.00000,0.00000
138.46001,1.02193,1.00000,0.00000,0.00000,0.00000
138.60001,1.02193,1.00000,0.00000,0.00000,0.00000
138.74001,1.02193,1.00000,0.00000,0.00000,0.00000
138.88000,1.02193,1.00000,0.00000,0.00000,0.00000
139.02000,1.02193,1.00000,0.00000,0.00000,0.00000
139.16000,1.02193,1.00000,0.00000,0.00000,0.00000
139.30000,1.02193,1.00000,0.00000,0.00000,0.00000
139.44000,1.02194,1.00000,0.00000,0.00000,0.00000
139.58000,1.02194,1.00000,0.00000,0.00000,0.00000
139.72000,1.02194,1.00000,0.00000,0.00000,0.00000
139.86000,1.02194,1.00000,0.00000,0.00000,0.00000
140.00000,1.02194,1.00000,0.00000,0.00000,0.00000
140.14000,1.02194,1.00000,0.00000,0.00000,0.00000
140.28000,1.02194,1.00000,0.00000,0.00000,0.00000
140.42000,1.02194,0.99999,0.00000,0.00000,0.00001
140.56000,1.02194,1.00000,0.00000,0.00000,0.00000
140.70000,1.02194,1.00000,0.00000,0.00000,0.00000
140.84000,1.02194,1.00000,0.00000,0.00000,0.00000
140.98000,1.02194,1.00000,0.00000,0.00000,0.00000
141.12000,1.02194,1.00000,0.00000,0.00000,0.00000
141.25999,1.02194,1.00000,0.00000,0.00000,0.00000
141.39999,1.02194,1.00000,0.00000,0.00000,0.00000
141.53999,1.02194,1.00000,0.00000,0.00000,0.00000
141.67999,1.02194,1.00000,0.00000,0.00000,0.00000
141.82001,1.02193,1.00000,0.00000,0.00000,0.00000
141.96001,1.02193,1.00000,0.00000,0.00000,0.00000
142.10001,1.02193,1.00000,0.00000,0.00000,0.00000
142.24001,1.02193,1.00000,0.00000,0.00000,0.00000
142.38000,1.02193,0.99999,0.00000,0.00000,0.00001
142.52000,1.02193,0.99991,0.00000,0.00000,0.00009
142.66000,1.02193,0.99973,0.00000,0.00000,0.00026
142.80000,1.02193,0.99965,0.00000,0.00000,0.00035
142.94000,1.02194,0.99963,0.00000,0.00000,0.00037
143.08000,1.02194,0.99962,0.00000,0.00000,0.00038
143.22000,1.02194,0.99948,0.00000,0.00000,0.00052
143.36000,1.02194,0.99950,0.00000,0.00000,0.00050
143.50000,1.02194,0.99922,0.00000,0.00000,0.00078
143.64000,1.02194,0.99858,0.00000,0.00000,0.00142
143.78000,1.02194,0.99800,0.00000,0.00000,0.00200
143.92000,1.02194,0.99957,0.00000,0.00000,0.00043
144.06000,1.02194,0.99938,0.00000,0.00000,0.00062
144.20000,1.02194,0.99964,0.00000,0.00000,0.00036
144.34000,1.02194,0.99972,0.00000,0.00000,0.00028
144.48000,1.02194,0.99983,0.00000,0.00000,0.00017
144.62000,1.02194,0.99997,0.00000,0.00000,0.00003
144.75999,1.02194,1.00000,0.00000,0.00000,0.00000
144.89999,1.02194,1.00000,0.00000,0.00000,0.00000
145.03999,1.02194,1.00000,0.00000,0.00000,0.00000
145.17999,1.02194,1.00000,0.00000,0.00000,0.00000
145.32001,1.02193,1.00000,0.00000,0.00000,0.00000
145.46001,1.02193,1.00000,0.00000,0.00000,0.00000
145.60001,1.02193,1.00000,0.00000,0.00000,0.00000
145.74001,1.02193,1.00000,0.00000,0.00000,0.00000
145.88000,1.02193,1.00000,0.00000,0.00000,0.00000
146.02000,1.02193,1.00000,0.00000,0.00000,0.00000
146.16000,1.02193,1.00000,0.00000,0.00000,0.00000
146.30000,1.02193,1.00000,0.00000,0.00000,0.00000
146.44000,1.02194,1.00000,0.00000,0.00000,0.00000
146.58000,1.02194,1.00000,0.00000,0.00000,0.00000
146.72000,1.02194,1.00000,0.00000,0.00000,0.00000
146.86000,1.02194,1.00000,0.00000,0.00000,0.00000
147.00000,1.02194,1.00000,0.00000,0.00000,0.00000
147.14000,1.02194,1.00000,0.00000,0.00000,0.00000
147.28000,1.02194,1.00000,0.00000,0.00000,0.00000
147.42000,1.02194,1.00000,0.00000,0.00000,0.00000
147.56000,1.02194,1.00000,0.00000,0.00000,0.00000
147.70000,1.02194,1.00000,0.00000,0.00000,0.00000
147.84000,1.02194,1.00000,0.00000,0.00000,0.00000
147.98000,1.02194,1.00000,0.00000,0.00000,0.00000
148.12000,1.02194,1.00000,0.00000,0.00000,0.00000
148.25999,1.02194,1.00000,0.00000,0.00000,0.00000
148.39999,1.02194,1.00000,0.00000,0.00000,0.00000
148.53999,1.02194,1.00000,0.00000,0.00000,0.00000
148.67999,1.02194,0.99999,0.00000,0.00000,0.00001
148.82001,1.02193,0.99990,0.00000,0.00000,0.00010
148.96001,1.02193,0.99864,0.00000,0.00000,0.00136
149.10001,1.02193,0.99890,0.00000,0.00000,0.00110
149.24001,1.02193,0.99920,0.00000,0.00000,0.00080
149.38000,1.02193,0.99913,0.00000,0.00000,0.00087
149.52000,1.02193,0.99915,0.00000,0.00000,0.00085
149.66000,1.02193,0.99891,0.00000,0.00000,0.00109
149.80000,1.02193,0.99875,0.00000,0.00000,0.00125
149.94000,1.02194,0.99865,0.00000,0.00000,0.00135
150.08000,1.02194,0.99818,0.00000,0.00000,0.00182
150.22000,1.02194,0.99849,0.00000,0.00000,0.00150
150.36000,1.02194,0.99840,0.00000,0.00000,0.00160
150.50000,1.02194,0.99863,0.00000,0.00000,0.00137
150.64000,1.02194,0.99820,0.00000,0.00000,0.00180
150.78000,1.02194,0.99832,0.00000,0.00000,0.00168
150.92000,1.02194,0.99791,0.00000,0.00000,0.00209
151.06000,1.02194,0.99815,0.00000,0.00000,0.00185
151.20000,1.02194,0.99787,0.00000,0.00000,0.00213
151.34000,1.02194,0.99815,0.00000,0.00000,0.00185
151.48000,1.02194,0.99888,0.00000,0.00000,0.00112
151.62000,1.02194,0.99922,0.00000,0.00000,0.00078
151.75999,1.02194,0.99927,0.00000,0.00000,0.00073
151.89999,1.02194,0.99927,0.00000,0.00000,0.00073
152.03999,1.02194,0.99942,0.00000,0.00000,0.00058
152.17999,1.02194,0.99958,0.00000,0.00000,0.00042
152.32001,1.02193,0.99948,0.00000,0.00000,0.00052
152.46001,1.02193,0.99949,0.00000,0.00000,0.00051
152.60001,1.02193,0.99948,0.00000,0.00000,0.00052
152.74001,1.02193,0.99946,0.00000,0.00000,0.00054
152.88000,1.02193,0.99950,0.00000,0.00000,0.00050
153.02000,1.02193,0.99950,0.00000,0.00000,0.00050
153.16000,1.02193,0.99941,0.00000,0.00000,0.00059
153.30000,1.02193,0.99961,0.00000,0.00000,0.00039
153.44000,1.02194,0.99947,0.00000,0.00000,0.00053
153.58000,1.02194,0.99931,0.00000,0.00000,0.00069
153.72000,1.02194,0.99934,0.00000,0.00000,0.00066
153.86000,1.02194,0.99928,0.00000,0.00000,0.00072
154.00000,1.02194,0.99904,0.00000,0.00000,0.00096
154.14000,1.02194,0.99916,0.00000,0.00000,0.00084
154.28000,1.02194,0.99898,0.00000,0.00000,0.00102
154.42000,1.02194,0.99932,0.00000,0.00000,0.00068
154.56000,1.02194,0.99927,0.00000,0.00000,0.00073
154.70000,1.02194,0.99957,0.00000,0.00000,0.00043
154.84000,1.02194,0.99938,0.00000,0.00000,0.00062
154.98000,1.02194,0.99971,0.00000,0.00000,0.00029
155.12000,1.02194,0.99998,0.00000,0.00000,0.00002
155.25999,1.02194,1.00000,0.00000,0.00000,0.00000
155.39999,1.02194,1.00000,0.00000,0.00000,0.00000
155.53999,1.02194,1.00000,0.00000,0.00000,0.00000
155.67999,1.02194,1.00000,0.00000,0.00000,0.00000
155.82001,1.02193,1.00000,0.00000,0.00000,0.00000
155.96001,1.02193,1.00000,0.00000,0.00000,0.00000
156.10001,1.02193,1.00000,0.00000,0.00000,0.00000
156.24001,1.02193,1.00000,0.00000,0.00000,0.00000
156.38000,1.02193,1.00000,0.00000,0.00000,0.00000
156.52000,1.02193,1.00000,0.00000,0.00000,0.00000
156.66000,1.02193,1.00000,0.00000,0.00000,0.00000
156.80000,1.02193,1.00000,0.00000,0.00000,0.00000
156.94000,1.02194,1.00000,0.00000,0.00000,0.00000
157.08000,1.02194,1.00000,0.00000,0.00000,0.00000
157.22000,1.02194,1.00000,0.00000,0.00000,0.00000
157.36000,1.02194,1.00000,0.00000,0.00000,0.00000
157.50000,1.02194,1.00000,0.00000,0.00000,0.00000
157.64000,1.02194,1.00000,0.00000,0.00000,0.00000
157.78000,1.02194,1.00000,0.00000,0.00000,0.00000
157.92000,1.02194,1.00000,0.00000,0.00000,0.00000
158.06000,1.02194,1.00000,0.00000,0.00000,0.00000
158.20000,1.02194,1.00000,0.00000,0.00000,0.00000
158.34000,1.02194,1.00000,0.00000,0.00000,0.00000
158.48000,1.02194,1.00000,0.00000,0.00000,0.00000
158.62000,1.02194,0.99990,0.00000,0.00000,0.00010
158.75999,1.02194,0.99995,0.00000,0.00000,0.00005
158.89999,1.02194,0.99997,0.00000,0.00000,0.00003
159.03999,1.02194,0.99996,0.00000,0.00000,0.00004
159.17999,1.02194,0.99997,0.00000,0.00000,0.00003
159.32001,1.02193,0.99998,0.00000,0.00000,0.00002
159.46001,1.02193,0.99999,0.00000,0.00000,0.00001
159.60001,1.02193,0.99999,0.00000,0.00000,0.00001
159.74001,1.02193,0.99998,0.00000,0.00000,0.00002
159.88000,1.02193,0.99998,0.00000,0.00000,0.00002
160.02000,1.02193,0.99998,0.00000,0.00000,0.00002
160.16000,1.02193,0.99998,0.00000,0.00000,0.00002
160.30000,1.02193,0.99998,0.00000,0.00000,0.00002
160.44000,1.02194,0.99997,0.00000,0.00000,0.00003
160.58000,1.02194,0.99998,0.00000,0.00000,0.00002
160.72000,1.02194,0.99998,0.00000,0.00000,0.00002
160.86000,1.02194,0.99997,0.00000,0.00000,0.00003
161.00000,1.02194,0.99996,0.00000,0.00000,0.00004
161.14000,1.02194,0.99996,0.00000,0.00000,0.00004
161.28000,1.02194,0.99995,0.00000,0.00000,0.00005
161.42000,1.02194,0.99992,0.00000,0.00000,0.00008
161.56000,1.02194,0.99982,0.00000,0.00000,0.00018
161.70000,1.02194,0.99974,0.00000,0.00000,0.00026
161.84000,1.02194,0.99991,0.00000,0.00000,0.00009
161.98000,1.02194,0.99999,0.00000,0.00000,0.00001
162.12000,1.02194,1.00000,0.00000,0.00000,0.00000
162.25999,1.02194,1.00000,0.00000,0.00000,0.00000
162.39999,1.02194,1.00000,0.00000,0.00000,0.00000
162.53999,1.02194,1.00000,0.00000,0.00000,0.00000
162.67999,1.02194,1.00000,0.00000,0.00000,0.00000
162.82001,1.02193,1.00000,0.00000,0.00000,0.00000
162.96001,1.02193,1.00000,0.00000,0.00000,0.00000
163.10001,1.02193,1.00000,0.00000,0.00000,0.00000
163.24001,1.02193,1.00000,0.00000,0.00000,0.00000
163.38000,1.02193,0.99989,0.00000,0.00000,0.00011
163.52000,1.02193,0.99849,0.00000,0.00000,0.00151
163.66000,1.02193,0.99997,0.00000,0.00000,0.00003
163.80000,1.02193,1.00000,0.00000,0.00000,0.00000
163.94000,1.02194,1.00000,0.00000,0.00000,0.00000
164.08000,1.02194,1.00000,0.00000,0.00000,0.00000
164.22000,1.02194,1.00000,0.00000,0.00000,0.00000
164.36000,1.02194,1.00000,0.00000,0.00000,0.00000
164.50000,1.02194,1.00000,0.00000,0.00000,0.00000
164.64000,1.02194,1.00000,0.00000,0.00000,0.00000
164.78000,1.02194,1.00000,0.00000,0.00000,0.00000
164.92000,1.02194,1.00000,0.00000,0.00000,0.00000
165.06000,1.02194,1.00000,0.00000,0.00000,0.00000
165.20000,1.02194,1.00000,0.00000,0.00000,0.00000
165.34000,1.02194,1.00000,0.00000,0.00000,0.00000
165.48000,1.02194,1.00000,0.00000,0.00000,0.00000
165.62000,1.02194,1.00000,0.00000,0.00000,0.00000
165.75999,1.02194,1.00000,0.00000,0.00000,0.00000
165.89999,1.02194,1.00000,0.00000,0.00000,0.00000
166.03999,1.02194,1.00000,0.00000,0.00000,0.00000
166.17999,1.02194,1.00000,0.00000,0.00000,0.00000
166.32001,1.02193,1.00000,0.00000,0.00000,0.00000
166.46001,1.02193,1.00000,0.00000,0.00000,0.00000
166.60001,1.02193,1.00000,0.00000,0.00000,0.00000
166.74001,1.02193,1.00000,0.00000,0.00000,0.00000
166.88000,1.02193,1.00000,0.00000,0.00000,0.00000
167.02000,1.02193,1.00000,0.00000,0.00000,0.00000
167.16000,1.02193,1.00000,0.00000,0.00000,0.00000
167.30000,1.02193,1.00000,0.00000,0.00000,0.00000
167.44000,1.02194,1.00000,0.00000,0.00000,0.00000
167.58000,1.02194,1.00000,0.00000,0.00000,0.00000
167.72000,1.02194,1.00000,0.00000,0.00000,0.00000
167.86000,1.02194,1.00000,0.00000,0.00000,0.00000
168.00000,1.02194,1.00000,0.00000,0.00000,0.00000
168.14000,1.02194,1.00000,0.00000,0.00000,0.00000
168.28000,1.02194,1.00000,0.00000,0.00000,0.00000
168.42000,1.02194,1.00000,0.00000,0.00000,0.00000
168.56000,1.02194,1.00000,0.00000,0.00000,0.00000
168.70000,1.02194,1.00000,0.00000,0.00000,0.00000
168.84000,1.02194,1.00000,0.00000,0.00000,0.00000
168.98000,1.02194,1.00000,0.00000,0.00000,0.00000
169.12000,1.02194,1.00000,0.00000,0.00000,0.00000
169.25999,1.02194,1.00000,0.00000,0.00000,0.00000
169.39999,1.02194,1.00000,0.00000,0.00000,0.00000
169.53999,1.02194,0.99999,0.00000,0.00000,0.00001
169.67999,1.02194,0.99936,0.00000,0.00001,0.00063
169.82001,1.02193,0.98671,0.00001,0.00015,0.01314
169.96001,1.02193,0.99801,0.00001,0.00002,0.00196
170.10001,1.02193,0.99989,0.00001,0.00000,0.00010
170.24001,1.02193,0.99999,0.00000,0.00000,0.00000
170.38000,1.02193,1.00000,0.00000,0.00000,0.00000
170.52000,1.02193,1.00000,0.00000,0.00000,0.00000
170.66000,1.02193,1.00000,0.00000,0.00000,0.00000
170.80000,1.02193,1.00000,0.00000,0.00000,0.00000
170.94000,1.02194,1.00000,0.00000,0.00000,0.00000
171.08000,1.02194,1.00000,0.00000,0.00000,0.00000
171.22000,1.02194,0.99999,0.00001,0.00000,0.00000
171.36000,1.02194,0.99999,0.00001,0.00000,0.00000
171.50000,1.02194,1.00000,0.00000,0.00000,0.00000
171.64000,1.02194,1.00000,0.00000,0.00000,0.00000
171.78000,1.02194,1.00000,0.00000,0.00000,0.00000
171.92000,1.02194,0.99999,0.00000,0.00000,0.00001
172.06000,1.02194,0.99997,0.00000,0.00000,0.00003
172.20000,1.02194,0.99958,0.00000,0.00000,0.00042
172.34000,1.02194,0.99794,0.00000,0.00000,0.00206
172.48000,1.02194,0.99863,0.00000,0.00000,0.00137
172.62000,1.02194,0.99895,0.00000,0.00000,0.00105
172.75999,1.02194,0.99920,0.00000,0.00000,0.00079
172.89999,1.02194,0.99909,0.00000,0.00000,0.00091
173.03999,1.02194,0.99915,0.00000,0.00000,0.00085
173.17999,1.02194,0.99936,0.00000,0.00000,0.00064
173.32001,1.02193,0.99932,0.00000,0.00000,0.00068
173.46001,1.02193,0.99898,0.00000,0.00000,0.00102
173.60001,1.02193,0.99918,0.00000,0.00000,0.00082
173.74001,1.02193,0.99905,0.00000,0.00000,0.00095
173.88000,1.02193,0.99941,0.00000,0.00000,0.00059
174.02000,1.02193,0.99952,0.00000,0.00000,0.00048
174.16000,1.02193,0.99947,0.00000,0.00000,0.00053
174.30000,1.02193,0.99963,0.00000,0.00000,0.00037
174.44000,1.02194,0.99971,0.00000,0.00000,0.00029
174.58000,1.02194,0.99974,0.00000,0.00000,0.00026
174.72000,1.02194,0.99971,0.00000,0.00000,0.00029
174.86000,1.02194,0.99954,0.00000,0.00000,0.00046
175.00000,1.02194,0.99955,0.00000,0.00000,0.00045
175.14000,1.02194,0.99962,0.00000,0.00000,0.00038
175.28000,1.02194,0.99953,0.00000,0.00000,0.00047
175.42000,1.02194,0.99962,0.00000,0.00000,0.00038
