Time (seconds), Duration (seconds),pred_(unlabeled),pred_brushing_teeth,pred_hair_drying,pred_showering
0.00000,1.02194,0.99994,0.00000,0.00000,0.00006
0.14000,1.02194,0.99987,0.00000,0.00000,0.00013
0.28000,1.02194,0.99984,0.00000,0.00000,0.00015
0.42000,1.02194,0.99989,0.00000,0.00000,0.00011
0.56000,1.02194,0.99990,0.00000,0.00000,0.00010
0.70000,1.02194,0.99988,0.00000,0.00000,0.00012
0.84000,1.02194,0.99979,0.00000,0.00000,0.00021
0.98000,1.02194,0.99866,0.00000,0.00002,0.00132
1.12000,1.02194,0.99818,0.00000,0.00004,0.00178
1.26000,1.02194,0.99593,0.00000,0.00015,0.00392
1.40000,1.02194,0.98905,0.00000,0.00085,0.01010
1.54000,1.02194,0.97154,0.00000,0.00358,0.02488
1.68000,1.02194,0.93745,0.00001,0.01215,0.05039
1.82000,1.02194,0.91652,0.00006,0.02080,0.06262
1.96000,1.02194,0.92278,0.00006,0.01859,0.05857
2.10000,1.02194,0.90767,0.00010,0.02438,0.06785
2.24000,1.02194,0.90152,0.00010,0.02469,0.07368
2.38000,1.02194,0.95814,0.00003,0.00735,0.03448
2.52000,1.02194,0.97026,0.00003,0.00409,0.02562
2.66000,1.02194,0.97986,0.00001,0.00242,0.01771
2.80000,1.02194,0.98448,0.00001,0.00170,0.01381
2.94000,1.02194,0.98001,0.00002,0.00275,0.01722
3.08000,1.02194,0.98831,0.00000,0.00106,0.01062
3.22000,1.02194,0.99151,0.00000,0.00071,0.00778
3.36000,1.02194,0.99534,0.00000,0.00023,0.00443
3.50000,1.02194,0.99696,0.00000,0.00012,0.00292
3.64000,1.02194,0.99837,0.00000,0.00004,0.00159
3.78000,1.02194,0.99880,0.00000,0.00002,0.00118
3.92000,1.02194,0.99910,0.00000,0.00001,0.00088
4.06000,1.02194,0.99884,0.00000,0.00002,0.00114
4.20000,1.02194,0.99887,0.00000,0.00002,0.00111
4.34000,1.02194,0.99829,0.00000,0.00004,0.00167
4.48000,1.02194,0.99756,0.00000,0.00007,0.00237
4.62000,1.02194,0.99579,0.00000,0.00017,0.00404
4.76000,1.02194,0.99538,0.00000,0.00019,0.00443
4.90000,1.02194,0.99540,0.00000,0.00019,0.00440
5.04000,1.02194,0.99578,0.00000,0.00018,0.00404
5.18000,1.02194,0.99513,0.00000,0.00023,0.00464
5.32000,1.02194,0.99490,0.00000,0.00027,0.00483
5.46000,1.02194,0.99567,0.00000,0.00020,0.00414
5.60000,1.02194,0.99487,0.00000,0.00026,0.00488
5.74000,1.02194,0.99636,0.00000,0.00015,0.00348
5.88000,1.02194,0.99578,0.00000,0.00020,0.00402
6.02000,1.02194,0.99571,0.00000,0.00020,0.00409
6.16000,1.02194,0.99567,0.00000,0.00019,0.00414
6.30000,1.02194,0.99582,0.00000,0.00019,0.00399
6.44000,1.02194,0.99328,0.00000,0.00041,0.00630
6.58000,1.02194,0.99209,0.00000,0.00052,0.00740
6.72000,1.02194,0.99296,0.00000,0.00043,0.00661
6.86000,1.02194,0.99427,0.00000,0.00032,0.00541
7.00000,1.02194,0.98942,0.00000,0.00087,0.00971
7.14000,1.02194,0.97946,0.00000,0.00225,0.01829
7.28000,1.02194,0.98410,0.00000,0.00137,0.01453
7.42000,1.02194,0.98628,0.00000,0.00129,0.01244
7.56000,1.02194,0.98427,0.00000,0.00156,0.01417
7.70000,1.02194,0.96978,0.00001,0.00451,0.02571
7.84000,1.02194,0.96257,0.00001,0.00600,0.03142
7.98000,1.02194,0.96146,0.00000,0.00624,0.03229
8.12000,1.02194,0.95754,0.00002,0.00830,0.03415
8.26000,1.02194,0.93773,0.00007,0.01527,0.04693
8.40000,1.02194,0.95901,0.00002,0.00879,0.03218
8.54000,1.02194,0.95249,0.00004,0.01133,0.03614
8.68000,1.02194,0.95850,0.00001,0.00924,0.03225
8.82000,1.02194,0.97236,0.00001,0.00459,0.02305
8.96000,1.02194,0.97648,0.00000,0.00337,0.02015
9.10000,1.02194,0.98610,0.00000,0.00133,0.01257
9.24000,1.02194,0.99163,0.00000,0.00055,0.00782
9.38000,1.02194,0.99142,0.00000,0.00056,0.00802
9.52000,1.02194,0.98940,0.00000,0.00073,0.00987
9.66000,1.02194,0.99027,0.00000,0.00070,0.00904
9.80000,1.02194,0.98975,0.00000,0.00080,0.00945
9.94000,1.02194,0.99221,0.00000,0.00052,0.00727
10.08000,1.02194,0.99065,0.00000,0.00064,0.00872
10.22000,1.02194,0.99263,0.00000,0.00045,0.00692
10.36000,1.02194,0.99242,0.00000,0.00046,0.00712
10.50000,1.02194,0.99063,0.00000,0.00062,0.00875
10.64000,1.02194,0.99105,0.00000,0.00056,0.00839
10.78000,1.02194,0.98878,0.00000,0.00089,0.01033
10.92000,1.02194,0.98592,0.00000,0.00136,0.01272
11.06000,1.02194,0.97877,0.00000,0.00276,0.01847
11.20000,1.02194,0.97802,0.00000,0.00271,0.01927
11.34000,1.02194,0.98309,0.00000,0.00179,0.01512
11.48000,1.02194,0.98416,0.00000,0.00166,0.01419
11.62000,1.02194,0.98759,0.00000,0.00097,0.01144
11.76000,1.02194,0.99100,0.00000,0.00061,0.00839
11.90000,1.02194,0.99247,0.00000,0.00043,0.00709
12.04000,1.02194,0.99582,0.00000,0.00019,0.00398
12.18000,1.02194,0.99493,0.00000,0.00024,0.00484
12.32000,1.02194,0.99674,0.00000,0.00012,0.00314
12.46000,1.02194,0.99740,0.00000,0.00008,0.00251
12.60000,1.02194,0.99818,0.00000,0.00005,0.00177
12.74000,1.02194,0.99852,0.00000,0.00004,0.00144
12.88000,1.02194,0.99785,0.00000,0.00008,0.00207
13.02000,1.02194,0.99526,0.00000,0.00028,0.00446
13.16000,1.02194,0.99315,0.00000,0.00053,0.00632
13.30000,1.02194,0.98798,0.00000,0.00124,0.01078
13.44000,1.02194,0.98028,0.00000,0.00263,0.01709
13.58000,1.02194,0.98019,0.00000,0.00272,0.01709
13.72000,1.02194,0.97311,0.00001,0.00446,0.02242
13.86000,1.02194,0.97546,0.00000,0.00363,0.02091
14.00000,1.02194,0.98337,0.00000,0.00198,0.01465
14.14000,1.02194,0.98033,0.00001,0.00280,0.01687
14.28000,1.02194,0.98377,0.00000,0.00207,0.01415
14.42000,1.02194,0.98480,0.00001,0.00214,0.01306
14.56000,1.02194,0.98210,0.00002,0.00255,0.01533
14.70000,1.02194,0.98232,0.00001,0.00233,0.01534
14.84000,1.02194,0.98907,0.00000,0.00107,0.00985
14.98000,1.02194,0.99152,0.00000,0.00061,0.00787
15.12000,1.02194,0.99413,0.00000,0.00030,0.00557
15.26000,1.02194,0.99574,0.00000,0.00017,0.00410
15.40000,1.02194,0.99739,0.00000,0.00007,0.00254
15.54000,1.02194,0.99831,0.00000,0.00004,0.00165
15.68000,1.02194,0.99781,0.00000,0.00007,0.00212
15.82000,1.02194,0.99659,0.00000,0.00016,0.00325
15.96000,1.02194,0.99732,0.00000,0.00012,0.00257
16.10000,1.02194,0.99526,0.00000,0.00035,0.00439
16.24000,1.02194,0.99532,0.00000,0.00044,0.00423
16.38000,1.02194,0.98881,0.00000,0.00163,0.00956
16.52000,1.02194,0.97672,0.00000,0.00398,0.01930
16.66000,1.02194,0.98920,0.00000,0.00139,0.00941
16.80000,1.02194,0.98949,0.00000,0.00166,0.00885
16.94000,1.02194,0.98642,0.00000,0.00207,0.01150
17.08000,1.02194,0.99375,0.00000,0.00053,0.00571
17.22000,1.02194,0.99546,0.00000,0.00035,0.00419
17.36000,1.02194,0.99414,0.00000,0.00053,0.00533
17.50000,1.02194,0.99547,0.00000,0.00037,0.00416
17.64000,1.02194,0.99558,0.00000,0.00035,0.00407
17.78000,1.02194,0.99583,0.00000,0.00029,0.00388
17.92000,1.02194,0.99349,0.00000,0.00049,0.00601
18.06000,1.02194,0.99406,0.00000,0.00036,0.00558
18.20000,1.02194,0.99477,0.00000,0.00030,0.00492
18.34000,1.02194,0.99395,0.00000,0.00035,0.00570
18.48000,1.02194,0.99421,0.00000,0.00039,0.00540
18.62000,1.02194,0.99313,0.00000,0.00054,0.00633
18.76000,1.02194,0.98727,0.00000,0.00119,0.01154
18.90000,1.02194,0.97745,0.00000,0.00317,0.01937
19.04000,1.02194,0.94414,0.00001,0.01266,0.04319
19.18000,1.02194,0.93714,0.00001,0.01335,0.04950
19.32000,1.02194,0.90816,0.00001,0.02058,0.07125
19.46000,1.02194,0.87854,0.00000,0.02591,0.09555
19.60000,1.02194,0.88514,0.00000,0.02430,0.09055
19.74000,1.02194,0.91492,0.00000,0.01537,0.06972
19.88000,1.02194,0.92352,0.00000,0.01108,0.06539
20.02000,1.02194,0.91676,0.00000,0.01401,0.06923
20.16000,1.02194,0.93364,0.00000,0.00975,0.05660
20.30000,1.02194,0.96701,0.00000,0.00374,0.02925
20.44000,1.02194,0.96171,0.00000,0.00530,0.03299
20.58000,1.02194,0.96941,0.00000,0.00379,0.02680
20.72000,1.02194,0.97678,0.00000,0.00253,0.02069
20.86000,1.02194,0.97843,0.00000,0.00226,0.01931
21.00000,1.02194,0.98103,0.00000,0.00202,0.01694
21.14000,1.02194,0.98293,0.00000,0.00169,0.01538
21.28000,1.02194,0.98167,0.00000,0.00171,0.01662
21.42000,1.02194,0.98891,0.00000,0.00078,0.01031
21.56000,1.02194,0.99062,0.00000,0.00060,0.00878
21.70000,1.02194,0.99022,0.00000,0.00062,0.00915
21.84000,1.02194,0.98975,0.00000,0.00063,0.00963
21.98000,1.02194,0.99219,0.00000,0.00040,0.00741
22.12000,1.02194,0.99396,0.00000,0.00024,0.00579
22.26000,1.02194,0.99286,0.00000,0.00036,0.00678
22.40000,1.02194,0.99396,0.00000,0.00029,0.00576
22.54000,1.02194,0.99378,0.00000,0.00030,0.00592
22.68000,1.02194,0.99548,0.00000,0.00018,0.00434
22.82000,1.02194,0.99574,0.00000,0.00017,0.00409
22.96000,1.02194,0.99571,0.00000,0.00018,0.00410
23.10000,1.02194,0.99598,0.00000,0.00015,0.00387
23.24000,1.02194,0.99768,0.00000,0.00007,0.00225
23.38000,1.02194,0.99735,0.00000,0.00008,0.00257
23.52000,1.02194,0.99807,0.00000,0.00005,0.00189
23.66000,1.02194,0.99814,0.00000,0.00005,0.00181
23.80000,1.02194,0.99838,0.00000,0.00004,0.00158
23.94000,1.02194,0.99843,0.00000,0.00003,0.00154
24.08000,1.02194,0.99861,0.00000,0.00003,0.00137
24.22000,1.02194,0.99873,0.00000,0.00002,0.00124
24.36000,1.02194,0.99899,0.00000,0.00002,0.00099
24.50000,1.02194,0.99892,0.00000,0.00002,0.00106
24.64000,1.02194,0.99832,0.00000,0.00004,0.00164
24.78000,1.02194,0.99801,0.00000,0.00006,0.00193
24.92000,1.02194,0.99806,0.00000,0.00006,0.00188
25.06000,1.02194,0.99900,0.00000,0.00003,0.00098
25.20000,1.02194,0.99954,0.00000,0.00001,0.00045
25.34000,1.02194,0.99968,0.00000,0.00001,0.00031
25.48000,1.02194,0.99981,0.00000,0.00000,0.00019
25.62000,1.02194,0.99994,0.00000,0.00000,0.00006
25.76000,1.02194,0.99997,0.00000,0.00000,0.00003
25.90000,1.02194,0.99997,0.00000,0.00000,0.00003
26.04000,1.02194,0.99995,0.00000,0.00000,0.00005
26.18000,1.02194,0.99995,0.00000,0.00000,0.00005
26.32000,1.02194,0.99995,0.00000,0.00000,0.00005
26.46000,1.02194,0.99993,0.00000,0.00000,0.00007
26.60000,1.02194,0.99991,0.00000,0.00000,0.00009
26.74000,1.02194,0.99981,0.00000,0.00000,0.00019
26.88000,1.02194,0.99965,0.00000,0.00001,0.00035
27.02000,1.02194,0.99941,0.00000,0.00002,0.00057
27.16000,1.02194,0.99653,0.00000,0.00022,0.00325
27.30000,1.02194,0.99094,0.00000,0.00099,0.00807
27.44000,1.02194,0.95445,0.00000,0.00762,0.03793
27.58000,1.02194,0.87441,0.00002,0.03129,0.09428
27.72000,1.02194,0.91013,0.00001,0.02035,0.06951
27.86000,1.02194,0.92833,0.00001,0.01356,0.05810
28.00000,1.02194,0.90828,0.00001,0.01457,0.07714
28.14000,1.02194,0.96537,0.00000,0.00407,0.03056
28.28000,1.02194,0.96580,0.00000,0.00329,0.03090
28.42000,1.02194,0.98460,0.00000,0.00082,0.01458
28.56000,1.02194,0.99153,0.00000,0.00030,0.00817
28.70000,1.02194,0.99614,0.00000,0.00008,0.00377
28.84000,1.02194,0.99798,0.00000,0.00003,0.00198
28.98000,1.02194,0.99914,0.00000,0.00001,0.00085
29.12000,1.02194,0.99965,0.00000,0.00000,0.00034
29.26000,1.02194,0.99985,0.00000,0.00000,0.00015
29.40000,1.02194,0.99992,0.00000,0.00000,0.00007
29.54000,1.02194,0.99996,0.00000,0.00000,0.00004
29.68000,1.02194,0.99997,0.00000,0.00000,0.00003
29.82000,1.02194,0.99998,0.00000,0.00000,0.00002
29.96000,1.02194,0.99998,0.00000,0.00000,0.00002
30.10000,1.02194,0.99998,0.00000,0.00000,0.00002
30.24000,1.02194,0.99998,0.00000,0.00000,0.00002
30.38000,1.02194,0.99997,0.00000,0.00000,0.00003
30.52000,1.02194,0.99997,0.00000,0.00000,0.00003
30.66000,1.02194,0.99997,0.00000,0.00000,0.00003
30.80000,1.02194,0.99994,0.00000,0.00000,0.00006
30.94000,1.02194,0.99988,0.00000,0.00000,0.00012
31.08000,1.02194,0.99987,0.00000,0.00000,0.00013
31.22000,1.02194,0.99989,0.00000,0.00000,0.00011
31.36000,1.02194,0.99990,0.00000,0.00000,0.00010
31.50000,1.02194,0.99980,0.00000,0.00000,0.00020
31.64000,1.02194,0.99970,0.00000,0.00000,0.00030
31.78000,1.02194,0.99947,0.00000,0.00001,0.00052
31.92000,1.02194,0.99937,0.00000,0.00001,0.00062
32.06000,1.02193,0.99935,0.00000,0.00001,0.00064
32.20000,1.02194,0.99908,0.00000,0.00002,0.00090
32.34000,1.02194,0.99905,0.00000,0.00002,0.00093
32.48000,1.02194,0.99959,0.00000,0.00001,0.00041
32.62000,1.02194,0.99973,0.00000,0.00000,0.00026
32.76000,1.02194,0.99991,0.00000,0.00000,0.00009
32.90000,1.02193,0.99996,0.00000,0.00000,0.00004
33.04000,1.02194,0.99998,0.00000,0.00000,0.00002
33.18000,1.02194,0.99998,0.00000,0.00000,0.00002
33.32000,1.02194,0.99996,0.00000,0.00000,0.00004
33.46000,1.02194,0.99973,0.00000,0.00000,0.00027
33.60000,1.02194,0.99881,0.00000,0.00002,0.00118
33.74000,1.02193,0.99698,0.00000,0.00009,0.00293
33.88000,1.02194,0.96712,0.00000,0.00193,0.03095
34.02000,1.02194,0.93176,0.00000,0.00655,0.06169
34.16000,1.02194,0.93951,0.00000,0.00536,0.05512
34.30000,1.02194,0.93950,0.00000,0.00659,0.05392
34.44000,1.02194,0.98104,0.00000,0.00257,0.01639
34.58000,1.02193,0.99277,0.00000,0.00062,0.00662
34.72000,1.02193,0.99741,0.00000,0.00012,0.00246
34.86000,1.02194,0.99861,0.00000,0.00004,0.00135
35.00000,1.02194,0.99925,0.00000,0.00002,0.00074
35.14000,1.02194,0.99924,0.00000,0.00002,0.00074
35.28000,1.02194,0.99991,0.00000,0.00000,0.00009
35.42000,1.02194,0.99996,0.00000,0.00000,0.00004
35.56000,1.02193,0.99998,0.00000,0.00000,0.00002
35.70000,1.02194,0.99999,0.00000,0.00000,0.00001
35.84000,1.02194,0.99998,0.00000,0.00000,0.00002
35.98000,1.02194,0.99998,0.00000,0.00000,0.00002
36.12000,1.02194,0.99998,0.00000,0.00000,0.00002
36.26000,1.02194,0.99997,0.00000,0.00000,0.00003
36.40000,1.02193,0.99998,0.00000,0.00000,0.00002
36.54000,1.02194,0.99998,0.00000,0.00000,0.00002
36.68000,1.02194,0.99998,0.00000,0.00000,0.00002
36.82000,1.02194,0.99998,0.00000,0.00000,0.00002
36.96000,1.02194,0.99999,0.00000,0.00000,0.00001
37.10000,1.02194,0.99999,0.00000,0.00000,0.00001
37.24000,1.02193,0.99999,0.00000,0.00000,0.00001
37.38000,1.02194,0.99999,0.00000,0.00000,0.00001
37.52000,1.02194,0.99996,0.00000,0.00000,0.00004
37.66000,1.02194,0.99983,0.00000,0.00000,0.00017
37.80000,1.02194,0.99926,0.00000,0.00000,0.00074
37.94000,1.02194,0.99682,0.00000,0.00007,0.00310
38.08000,1.02193,0.98927,0.00000,0.00118,0.00955
38.22000,1.02193,0.95905,0.00001,0.01762,0.02333
38.36000,1.02194,0.52329,0.00041,0.40352,0.07279
38.50000,1.02194,0.12867,0.00042,0.86079,0.01012
38.64000,1.02194,0.06012,0.00046,0.93487,0.00455
38.78000,1.02194,0.03179,0.00064,0.96595,0.00162
38.92000,1.02194,0.02116,0.00068,0.97724,0.00092
39.06000,1.02193,0.01838,0.00070,0.98017,0.00075
39.20000,1.02194,0.01791,0.00071,0.98065,0.00073
39.34000,1.02194,0.01651,0.00067,0.98218,0.00064
39.48000,1.02194,0.01518,0.00064,0.98365,0.00053
39.62000,1.02194,0.01525,0.00063,0.98359,0.00052
39.76000,1.02194,0.01527,0.00063,0.98357,0.00053
39.90000,1.02193,0.01929,0.00060,0.97946,0.00065
40.04000,1.02194,0.02388,0.00066,0.97451,0.00094
40.18000,1.02194,0.01993,0.00069,0.97863,0.00074
40.32000,1.02194,0.01951,0.00070,0.97916,0.00062
40.46000,1.02194,0.01804,0.00074,0.98071,0.00050
40.60000,1.02194,0.01837,0.00078,0.98040,0.00046
40.74000,1.02193,0.01595,0.00080,0.98291,0.00034
40.88000,1.02194,0.01194,0.00078,0.98704,0.00024
41.02000,1.02194,0.01032,0.00078,0.98875,0.00015
41.16000,1.02194,0.01093,0.00078,0.98812,0.00016
41.30000,1.02194,0.01030,0.00079,0.98876,0.00015
41.44000,1.02194,0.00969,0.00079,0.98939,0.00013
41.58000,1.02193,0.00973,0.00080,0.98933,0.00014
41.72000,1.02193,0.00980,0.00080,0.98927,0.00014
41.86000,1.02194,0.00980,0.00084,0.98923,0.00013
42.00000,1.02194,0.00973,0.00083,0.98930,0.00014
42.14000,1.02194,0.00982,0.00084,0.98921,0.00013
42.28000,1.02194,0.01010,0.00083,0.98893,0.00014
42.42000,1.02194,0.01018,0.00082,0.98886,0.00013
42.56000,1.02193,0.01009,0.00081,0.98898,0.00013
42.70000,1.02194,0.00967,0.00082,0.98939,0.00012
42.84000,1.02194,0.01021,0.00084,0.98883,0.00013
42.98000,1.02194,0.00988,0.00080,0.98920,0.00012
43.12000,1.02194,0.00997,0.00083,0.98907,0.00013
43.26000,1.02194,0.00986,0.00081,0.98921,0.00012
43.40000,1.02193,0.00998,0.00082,0.98908,0.00012
43.54000,1.02194,0.01003,0.00081,0.98904,0.00012
43.68000,1.02194,0.00992,0.00082,0.98915,0.00012
43.82000,1.02194,0.00990,0.00084,0.98915,0.00011
43.96000,1.02194,0.00983,0.00086,0.98919,0.00012
44.10000,1.02194,0.01019,0.00086,0.98883,0.00013
44.24000,1.02193,0.00939,0.00086,0.98963,0.00011
44.38000,1.02194,0.00953,0.00087,0.98949,0.00011
44.52000,1.02194,0.00963,0.00086,0.98939,0.00012
44.66000,1.02194,0.00968,0.00083,0.98936,0.00013
44.80000,1.02194,0.00992,0.00082,0.98913,0.00013
44.94000,1.02194,0.01013,0.00082,0.98891,0.00014
45.08000,1.02193,0.00999,0.00079,0.98908,0.00014
45.22000,1.02193,0.01042,0.00077,0.98865,0.00016
45.36000,1.02194,0.00985,0.00075,0.98927,0.00013
45.50000,1.02194,0.00982,0.00077,0.98927,0.00014
45.64000,1.02194,0.00983,0.00076,0.98927,0.00013
45.78000,1.02194,0.00965,0.00077,0.98945,0.00013
45.92000,1.02194,0.00965,0.00081,0.98942,0.00012
46.06000,1.02193,0.00986,0.00082,0.98920,0.00013
46.20000,1.02194,0.00977,0.00084,0.98927,0.00012
46.34000,1.02194,0.00968,0.00085,0.98934,0.00012
46.48000,1.02194,0.01010,0.00089,0.98888,0.00013
46.62000,1.02194,0.00945,0.00083,0.98959,0.00012
46.76000,1.02194,0.00997,0.00083,0.98906,0.00014
46.90000,1.02193,0.00931,0.00080,0.98975,0.00013
47.04000,1.02194,0.00927,0.00077,0.98982,0.00014
47.18000,1.02194,0.00944,0.00076,0.98964,0.00015
47.32000,1.02194,0.00993,0.00076,0.98913,0.00018
47.46000,1.02194,0.00932,0.00078,0.98975,0.00015
47.60000,1.02194,0.00924,0.00079,0.98983,0.00014
47.74000,1.02193,0.00934,0.00079,0.98972,0.00014
47.88000,1.02194,0.00951,0.00078,0.98956,0.00015
48.02000,1.02194,0.00940,0.00080,0.98966,0.00014
48.16000,1.02194,0.00936,0.00079,0.98972,0.00014
48.30000,1.02194,0.00935,0.00079,0.98972,0.00014
48.44000,1.02194,0.00947,0.00076,0.98961,0.00015
48.58000,1.02193,0.00918,0.00076,0.98991,0.00014
48.72000,1.02193,0.00935,0.00077,0.98974,0.00014
48.86000,1.02194,0.00956,0.00077,0.98952,0.00015
49.00000,1.02194,0.00930,0.00078,0.98977,0.00014
49.14000,1.02194,0.00927,0.00078,0.98981,0.00013
49.28000,1.02194,0.00933,0.00081,0.98972,0.00014
49.42000,1.02194,0.00919,0.00081,0.98987,0.00013
49.56000,1.02193,0.00919,0.00080,0.98987,0.00014
49.70000,1.02194,0.00917,0.00080,0.98989,0.00014
49.84000,1.02194,0.00912,0.00082,0.98992,0.00013
49.98000,1.02194,0.00916,0.00082,0.98988,0.00014
50.12000,1.02194,0.00910,0.00084,0.98993,0.00013
50.26000,1.02194,0.00911,0.00084,0.98992,0.00013
50.40000,1.02193,0.00912,0.00084,0.98991,0.00013
50.54000,1.02194,0.00911,0.00084,0.98992,0.00013
50.68000,1.02194,0.00930,0.00084,0.98973,0.00013
50.82000,1.02194,0.00919,0.00083,0.98985,0.00013
50.96000,1.02194,0.00926,0.00082,0.98979,0.00013
51.10000,1.02194,0.00977,0.00081,0.98927,0.00015
51.24000,1.02193,0.00952,0.00080,0.98954,0.00014
51.38000,1.02194,0.00959,0.00082,0.98946,0.00013
51.52000,1.02194,0.00969,0.00083,0.98934,0.00014
51.66000,1.02194,0.00981,0.00081,0.98924,0.00014
51.80000,1.02194,0.00954,0.00080,0.98952,0.00014
51.94000,1.02194,0.00927,0.00082,0.98978,0.00013
52.08000,1.02193,0.00935,0.00086,0.98967,0.00012
52.22000,1.02193,0.00965,0.00082,0.98939,0.00013
52.36000,1.02194,0.00922,0.00082,0.98982,0.00013
52.50000,1.02194,0.00920,0.00083,0.98984,0.00013
52.64000,1.02194,0.00914,0.00082,0.98991,0.00013
52.78000,1.02194,0.00923,0.00079,0.98985,0.00013
52.92000,1.02194,0.00929,0.00078,0.98979,0.00014
53.06000,1.02193,0.00947,0.00078,0.98959,0.00015
53.20000,1.02194,0.00942,0.00080,0.98964,0.00014
53.34000,1.02194,0.00977,0.00078,0.98931,0.00015
53.48000,1.02194,0.00986,0.00079,0.98920,0.00015
53.62000,1.02194,0.01000,0.00077,0.98908,0.00015
53.76000,1.02194,0.01020,0.00078,0.98887,0.00015
53.90000,1.02193,0.01067,0.00079,0.98838,0.00017
54.04000,1.02194,0.01087,0.00076,0.98821,0.00017
54.18000,1.02194,0.01048,0.00078,0.98858,0.00016
54.32000,1.02194,0.01098,0.00082,0.98802,0.00018
54.46000,1.02194,0.01006,0.00076,0.98903,0.00015
54.60000,1.02194,0.00998,0.00076,0.98911,0.00015
54.74000,1.02193,0.00987,0.00078,0.98921,0.00014
54.88000,1.02194,0.01007,0.00077,0.98901,0.00015
55.02000,1.02194,0.00998,0.00078,0.98909,0.00014
55.16000,1.02194,0.00987,0.00077,0.98922,0.00014
55.30000,1.02194,0.01006,0.00081,0.98899,0.00014
55.44000,1.02194,0.00987,0.00080,0.98919,0.00013
55.58000,1.02193,0.01058,0.00081,0.98845,0.00016
55.72000,1.02193,0.00952,0.00080,0.98955,0.00013
55.86000,1.02194,0.00986,0.00082,0.98919,0.00014
56.00000,1.02194,0.00959,0.00080,0.98947,0.00013
56.14000,1.02194,0.00979,0.00081,0.98926,0.00014
56.28000,1.02194,0.01002,0.00080,0.98904,0.00014
56.42000,1.02194,0.00983,0.00080,0.98924,0.00014
56.56000,1.02193,0.01025,0.00079,0.98882,0.00014
56.70000,1.02194,0.00984,0.00079,0.98922,0.00015
56.84000,1.02194,0.01030,0.00078,0.98877,0.00015
56.98000,1.02194,0.01037,0.00077,0.98870,0.00016
57.12000,1.02194,0.01081,0.00076,0.98825,0.00018
57.26000,1.02194,0.01038,0.00077,0.98869,0.00016
57.40000,1.02193,0.01067,0.00075,0.98841,0.00017
57.54000,1.02194,0.01042,0.00076,0.98865,0.00016
57.68000,1.02194,0.01026,0.00078,0.98879,0.00016
57.82000,1.02194,0.01031,0.00078,0.98875,0.00017
57.96000,1.02194,0.01015,0.00078,0.98891,0.00016
58.10000,1.02194,0.00995,0.00080,0.98909,0.00016
58.24000,1.02193,0.01022,0.00082,0.98880,0.00017
58.38000,1.02194,0.00974,0.00081,0.98930,0.00015
58.52000,1.02194,0.00983,0.00079,0.98922,0.00015
58.66000,1.02194,0.00960,0.00081,0.98945,0.00014
58.80000,1.02194,0.00994,0.00082,0.98909,0.00015
58.94000,1.02194,0.00971,0.00082,0.98933,0.00014
59.08000,1.02193,0.00966,0.00082,0.98940,0.00013
59.22000,1.02193,0.00960,0.00082,0.98945,0.00013
59.36000,1.02194,0.01010,0.00084,0.98892,0.00014
59.50000,1.02194,0.01023,0.00081,0.98881,0.00015
59.64000,1.02194,0.01039,0.00080,0.98866,0.00015
59.78000,1.02194,0.01009,0.00078,0.98899,0.00014
59.92000,1.02194,0.01068,0.00076,0.98840,0.00016
60.06000,1.02193,0.01005,0.00075,0.98906,0.00014
60.20000,1.02194,0.01019,0.00077,0.98890,0.00015
60.34000,1.02194,0.00968,0.00076,0.98942,0.00013
60.48000,1.02194,0.00948,0.00080,0.98960,0.00013
60.62000,1.02194,0.00954,0.00081,0.98952,0.00013
60.76000,1.02194,0.00958,0.00079,0.98949,0.00014
60.90000,1.02193,0.00957,0.00079,0.98950,0.00014
61.04000,1.02194,0.00919,0.00081,0.98987,0.00013
61.18000,1.02194,0.00938,0.00082,0.98966,0.00013
61.32000,1.02194,0.00974,0.00082,0.98929,0.00015
61.46000,1.02194,0.00979,0.00079,0.98928,0.00013
61.60000,1.02194,0.01008,0.00082,0.98896,0.00015
61.74000,1.02193,0.01018,0.00079,0.98889,0.00014
61.88000,1.02194,0.01056,0.00080,0.98849,0.00015
62.02000,1.02194,0.01043,0.00077,0.98864,0.00015
62.16000,1.02194,0.01025,0.00076,0.98884,0.00015
62.30000,1.02194,0.01038,0.00077,0.98870,0.00016
62.44000,1.02194,0.01014,0.00073,0.98897,0.00015
62.58000,1.02193,0.01001,0.00075,0.98909,0.00015
62.72000,1.02193,0.01022,0.00075,0.98887,0.00016
62.86000,1.02194,0.01021,0.00074,0.98890,0.00016
63.00000,1.02193,0.01049,0.00073,0.98861,0.00017
63.14000,1.02193,0.01016,0.00073,0.98894,0.00016
63.28000,1.02194,0.01046,0.00075,0.98861,0.00018
63.42000,1.02194,0.01039,0.00072,0.98871,0.00018
63.56000,1.02194,0.01034,0.00072,0.98876,0.00017
63.70000,1.02194,0.01064,0.00073,0.98845,0.00018
63.84000,1.02194,0.01109,0.00072,0.98799,0.00020
63.98000,1.02194,0.01081,0.00071,0.98829,0.00019
64.12000,1.02193,0.01084,0.00072,0.98826,0.00019
64.26000,1.02193,0.01137,0.00073,0.98769,0.00020
64.40000,1.02193,0.01173,0.00073,0.98734,0.00020
64.54000,1.02193,0.01128,0.00072,0.98780,0.00020
64.68000,1.02193,0.01086,0.00072,0.98823,0.00019
64.82000,1.02193,0.01109,0.00076,0.98796,0.00019
64.96000,1.02194,0.01090,0.00077,0.98816,0.00018
65.10000,1.02194,0.00996,0.00075,0.98914,0.00015
65.24000,1.02194,0.01046,0.00077,0.98860,0.00017
65.38000,1.02194,0.00996,0.00076,0.98913,0.00015
65.52000,1.02194,0.01009,0.00080,0.98895,0.00016
65.66000,1.02193,0.01041,0.00076,0.98867,0.00016
65.80000,1.02193,0.01055,0.00078,0.98850,0.00017
65.94000,1.02193,0.01012,0.00077,0.98896,0.00016
66.08000,1.02193,0.01049,0.00078,0.98857,0.00017
66.22000,1.02193,0.00985,0.00080,0.98921,0.00014
66.36000,1.02193,0.01007,0.00080,0.98898,0.00015
66.50000,1.02193,0.00975,0.00076,0.98935,0.00014
66.64000,1.02193,0.00985,0.00079,0.98922,0.00014
66.78000,1.02194,0.00987,0.00081,0.98918,0.00014
66.92000,1.02194,0.00990,0.00077,0.98919,0.00014
67.06000,1.02194,0.01035,0.00074,0.98875,0.00016
67.20000,1.02194,0.01012,0.00074,0.98897,0.00016
67.34000,1.02194,0.00997,0.00076,0.98912,0.00016
67.48000,1.02193,0.01063,0.00075,0.98845,0.00017
67.62000,1.02193,0.01047,0.00074,0.98864,0.00015
67.76000,1.02193,0.01058,0.00073,0.98853,0.00016
67.90000,1.02193,0.01101,0.00074,0.98808,0.00017
68.04000,1.02193,0.01065,0.00074,0.98845,0.00016
68.18000,1.02193,0.01067,0.00074,0.98844,0.00015
68.32000,1.02193,0.01088,0.00075,0.98821,0.00015
68.46000,1.02194,0.01047,0.00072,0.98865,0.00016
68.60000,1.02194,0.01076,0.00075,0.98832,0.00017
68.74000,1.02194,0.01036,0.00074,0.98873,0.00017
68.88000,1.02194,0.01000,0.00078,0.98907,0.00015
69.02000,1.02194,0.00984,0.00076,0.98926,0.00014
69.16000,1.02193,0.00976,0.00078,0.98932,0.00014
69.30000,1.02193,0.00986,0.00082,0.98918,0.00014
69.44000,1.02193,0.00984,0.00080,0.98922,0.00014
69.58000,1.02193,0.00963,0.00083,0.98942,0.00012
69.72000,1.02193,0.00962,0.00081,0.98945,0.00012
69.86000,1.02193,0.01010,0.00083,0.98894,0.00013
70.00000,1.02193,0.00953,0.00084,0.98951,0.00012
70.14000,1.02193,0.00951,0.00084,0.98954,0.00012
70.28000,1.02194,0.00941,0.00082,0.98966,0.00011
70.42000,1.02194,0.00976,0.00083,0.98929,0.00012
70.56000,1.02194,0.00954,0.00083,0.98952,0.00011
70.70000,1.02194,0.00978,0.00086,0.98924,0.00011
70.84000,1.02194,0.01030,0.00082,0.98876,0.00012
70.98000,1.02193,0.01009,0.00085,0.98894,0.00012
71.12000,1.02193,0.00999,0.00084,0.98904,0.00013
71.26000,1.02193,0.01015,0.00080,0.98891,0.00013
71.40000,1.02193,0.01012,0.00079,0.98895,0.00014
71.54000,1.02193,0.01035,0.00077,0.98874,0.00015
71.68000,1.02193,0.00996,0.00076,0.98912,0.00016
71.82000,1.02193,0.00973,0.00074,0.98939,0.00015
71.96000,1.02194,0.01007,0.00077,0.98900,0.00016
72.10000,1.02194,0.00994,0.00076,0.98915,0.00015
72.24000,1.02194,0.01016,0.00078,0.98889,0.00016
72.38000,1.02194,0.01033,0.00076,0.98875,0.00016
72.52000,1.02194,0.01013,0.00079,0.98892,0.00016
72.66000,1.02193,0.01017,0.00077,0.98890,0.00016
72.80000,1.02193,0.01073,0.00079,0.98829,0.00019
72.94000,1.02193,0.01059,0.00076,0.98848,0.00017
73.08000,1.02193,0.01061,0.00075,0.98847,0.00017
73.22000,1.02193,0.01070,0.00078,0.98835,0.00018
73.36000,1.02193,0.01059,0.00078,0.98846,0.00017
73.50000,1.02193,0.01050,0.00076,0.98858,0.00017
73.64000,1.02193,0.01075,0.00079,0.98829,0.00017
73.78000,1.02194,0.01113,0.00079,0.98788,0.00019
73.92000,1.02194,0.01060,0.00077,0.98845,0.00018
74.06000,1.02194,0.01111,0.00074,0.98795,0.00020
74.20000,1.02194,0.01089,0.00076,0.98816,0.00019
74.34000,1.02194,0.01134,0.00076,0.98770,0.00019
74.48000,1.02193,0.01083,0.00075,0.98823,0.00019
74.62000,1.02193,0.01050,0.00074,0.98860,0.00017
74.76000,1.02193,0.01066,0.00075,0.98841,0.00018
74.90000,1.02193,0.01034,0.00073,0.98876,0.00016
75.04000,1.02193,0.01045,0.00074,0.98865,0.00017
75.18000,1.02193,0.01041,0.00074,0.98869,0.00016
75.32000,1.02193,0.01042,0.00074,0.98867,0.00017
75.46000,1.02194,0.01073,0.00073,0.98836,0.00018
75.60000,1.02194,0.01035,0.00073,0.98875,0.00016
75.74000,1.02194,0.01057,0.00074,0.98851,0.00017
75.88000,1.02194,0.01047,0.00076,0.98860,0.00016
76.02000,1.02194,0.01025,0.00077,0.98883,0.00016
76.16000,1.02193,0.01016,0.00080,0.98889,0.00015
76.30000,1.02193,0.01019,0.00079,0.98887,0.00015
76.44000,1.02193,0.00992,0.00079,0.98914,0.00014
76.58000,1.02193,0.00990,0.00081,0.98915,0.00014
76.72000,1.02193,0.00990,0.00081,0.98915,0.00014
76.86000,1.02193,0.01021,0.00080,0.98885,0.00015
77.00000,1.02193,0.01003,0.00079,0.98904,0.00014
77.14000,1.02193,0.01000,0.00080,0.98905,0.00014
77.28000,1.02194,0.00994,0.00081,0.98912,0.00014
77.42000,1.02194,0.01020,0.00083,0.98884,0.00013
77.56000,1.02194,0.01015,0.00081,0.98890,0.00014
77.70000,1.02194,0.00993,0.00080,0.98914,0.00013
77.84000,1.02194,0.00993,0.00082,0.98912,0.00013
77.98000,1.02193,0.01011,0.00084,0.98893,0.00013
78.12000,1.02193,0.01012,0.00082,0.98892,0.00013
78.26000,1.02193,0.01132,0.00086,0.98766,0.00016
78.40000,1.02193,0.01014,0.00080,0.98892,0.00014
78.54000,1.02193,0.01031,0.00081,0.98873,0.00015
78.68000,1.02193,0.01093,0.00082,0.98809,0.00017
78.82000,1.02193,0.01024,0.00078,0.98883,0.00015
78.96000,1.02194,0.01023,0.00079,0.98884,0.00015
79.10000,1.02194,0.01025,0.00079,0.98881,0.00015
79.24000,1.02194,0.01039,0.00080,0.98866,0.00015
79.38000,1.02194,0.01034,0.00082,0.98870,0.00014
79.52000,1.02194,0.01029,0.00081,0.98876,0.00015
79.66000,1.02193,0.01031,0.00083,0.98872,0.00015
79.80000,1.02193,0.00989,0.00082,0.98915,0.00015
79.94000,1.02193,0.01022,0.00081,0.98882,0.00015
80.08000,1.02193,0.01064,0.00081,0.98838,0.00017
80.22000,1.02193,0.00979,0.00079,0.98928,0.00014
80.36000,1.02193,0.00989,0.00079,0.98917,0.00014
80.50000,1.02193,0.00981,0.00083,0.98922,0.00014
80.64000,1.02193,0.01015,0.00081,0.98889,0.00015
80.78000,1.02194,0.00989,0.00081,0.98916,0.00014
80.92000,1.02194,0.00969,0.00080,0.98936,0.00014
81.06000,1.02194,0.00961,0.00081,0.98944,0.00014
81.20000,1.02194,0.00956,0.00079,0.98951,0.00014
81.34000,1.02194,0.00955,0.00079,0.98952,0.00015
81.48000,1.02193,0.00944,0.00077,0.98964,0.00015
81.62000,1.02193,0.00934,0.00082,0.98971,0.00014
81.76000,1.02193,0.00958,0.00081,0.98948,0.00014
81.90000,1.02193,0.00960,0.00081,0.98947,0.00013
82.04000,1.02193,0.00970,0.00081,0.98936,0.00013
82.18000,1.02193,0.00965,0.00081,0.98941,0.00013
82.32000,1.02193,0.00962,0.00084,0.98941,0.00013
82.46000,1.02194,0.00996,0.00080,0.98911,0.00014
82.60000,1.02194,0.01072,0.00083,0.98829,0.00017
82.74000,1.02194,0.00995,0.00077,0.98912,0.00016
82.88000,1.02194,0.00943,0.00079,0.98963,0.00014
83.02000,1.02194,0.00953,0.00079,0.98953,0.00014
83.16000,1.02193,0.00969,0.00080,0.98937,0.00014
83.30000,1.02193,0.00978,0.00079,0.98929,0.00015
83.44000,1.02193,0.00980,0.00081,0.98925,0.00014
83.58000,1.02193,0.00968,0.00081,0.98938,0.00013
83.72000,1.02193,0.01018,0.00081,0.98886,0.00014
83.86000,1.02193,0.01044,0.00080,0.98862,0.00015
84.00000,1.02193,0.01161,0.00077,0.98743,0.00018
84.14000,1.02193,0.01110,0.00073,0.98798,0.00019
84.28000,1.02194,0.01077,0.00071,0.98834,0.00018
84.42000,1.02194,0.01155,0.00074,0.98752,0.00019
84.56000,1.02194,0.01164,0.00072,0.98744,0.00020
84.70000,1.02194,0.01098,0.00072,0.98811,0.00018
84.84000,1.02194,0.01064,0.00072,0.98846,0.00018
84.98000,1.02193,0.01058,0.00076,0.98848,0.00018
85.12000,1.02193,0.01080,0.00075,0.98828,0.00017
85.26000,1.02193,0.01056,0.00075,0.98850,0.00019
85.40000,1.02193,0.01026,0.00073,0.98883,0.00018
85.54000,1.02193,0.01013,0.00076,0.98894,0.00018
85.68000,1.02193,0.01004,0.00074,0.98906,0.00017
85.82000,1.02193,0.01004,0.00077,0.98902,0.00017
85.96000,1.02194,0.01039,0.00079,0.98865,0.00017
86.10000,1.02194,0.00987,0.00079,0.98918,0.00016
86.24000,1.02194,0.00977,0.00079,0.98929,0.00014
86.38000,1.02194,0.00981,0.00080,0.98925,0.00014
86.52000,1.02194,0.01014,0.00082,0.98890,0.00015
86.66000,1.02193,0.01005,0.00080,0.98900,0.00015
86.80000,1.02193,0.00995,0.00079,0.98911,0.00015
86.94000,1.02193,0.01028,0.00078,0.98879,0.00015
87.08000,1.02193,0.01009,0.00077,0.98898,0.00016
87.22000,1.02193,0.01028,0.00074,0.98882,0.00016
87.36000,1.02193,0.01000,0.00076,0.98908,0.00016
87.50000,1.02193,0.00991,0.00074,0.98919,0.00016
87.64000,1.02193,0.00999,0.00077,0.98908,0.00016
87.78000,1.02194,0.01007,0.00076,0.98900,0.00017
87.92000,1.02194,0.00959,0.00077,0.98948,0.00016
88.06000,1.02194,0.00977,0.00075,0.98932,0.00016
88.20000,1.02194,0.00969,0.00078,0.98938,0.00016
88.34000,1.02194,0.00981,0.00076,0.98928,0.00015
88.48000,1.02193,0.00984,0.00074,0.98925,0.00017
88.62000,1.02193,0.00990,0.00074,0.98920,0.00016
88.76000,1.02193,0.00970,0.00075,0.98939,0.00016
88.90000,1.02193,0.00969,0.00075,0.98941,0.00015
89.04000,1.02193,0.00962,0.00075,0.98948,0.00015
89.18000,1.02193,0.00975,0.00075,0.98934,0.00016
89.32000,1.02193,0.00965,0.00077,0.98943,0.00015
89.46000,1.02194,0.00977,0.00074,0.98933,0.00016
89.60000,1.02194,0.00964,0.00077,0.98944,0.00015
89.74000,1.02194,0.00982,0.00074,0.98929,0.00015
89.88000,1.02194,0.00991,0.00076,0.98918,0.00016
90.02000,1.02194,0.00957,0.00074,0.98953,0.00015
90.16000,1.02193,0.00953,0.00076,0.98956,0.00015
90.30000,1.02193,0.00937,0.00076,0.98972,0.00015
90.44000,1.02193,0.00941,0.00076,0.98969,0.00015
90.58000,1.02193,0.00940,0.00075,0.98969,0.00016
90.72000,1.02193,0.00939,0.00075,0.98970,0.00016
90.86000,1.02193,0.00938,0.00073,0.98973,0.00016
91.00000,1.02193,0.00939,0.00074,0.98971,0.00016
91.14000,1.02193,0.01021,0.00073,0.98889,0.00017
91.28000,1.02194,0.01045,0.00071,0.98864,0.00019
91.42000,1.02194,0.01178,0.00069,0.98729,0.00024
91.56000,1.02194,0.02275,0.00067,0.97601,0.00057
91.70000,1.02194,0.04889,0.00049,0.94887,0.00175
91.84000,1.02194,0.16529,0.00019,0.82763,0.00690
91.98000,1.02193,0.34646,0.00007,0.63441,0.01906
92.12000,1.02193,0.59042,0.00002,0.37431,0.03525
92.26000,1.02193,0.89719,0.00000,0.06814,0.03467
92.40000,1.02193,0.96711,0.00000,0.01038,0.02251
92.54000,1.02193,0.99133,0.00000,0.00117,0.00750
92.68000,1.02193,0.99764,0.00000,0.00014,0.00222
92.82000,1.02193,0.99907,0.00000,0.00004,0.00089
92.96000,1.02194,0.99974,0.00000,0.00000,0.00025
93.10000,1.02194,0.99994,0.00000,0.00000,0.00006
93.24000,1.02194,0.99990,0.00000,0.00000,0.00010
93.38000,1.02194,0.99985,0.00000,0.00000,0.00015
93.52000,1.02194,0.99962,0.00000,0.00004,0.00034
93.66000,1.02193,0.99827,0.00000,0.00041,0.00132
93.80000,1.02193,0.99458,0.00000,0.00195,0.00346
93.94000,1.02193,0.98053,0.00000,0.00877,0.01069
94.08000,1.02193,0.91038,0.00004,0.05098,0.03860
94.22000,1.02193,0.95268,0.00004,0.01831,0.02897
94.36000,1.02193,0.98811,0.00000,0.00136,0.01052
94.50000,1.02193,0.99497,0.00000,0.00016,0.00487
94.64000,1.02193,0.99874,0.00000,0.00002,0.00124
94.78000,1.02194,0.99959,0.00000,0.00000,0.00041
94.92000,1.02194,0.99986,0.00000,0.00000,0.00013
95.06000,1.02194,0.99994,0.00000,0.00000,0.00006
95.20000,1.02194,0.99997,0.00000,0.00000,0.00003
95.34000,1.02194,0.99997,0.00000,0.00000,0.00003
95.48000,1.02193,0.99997,0.00000,0.00000,0.00003
95.62000,1.02193,0.99998,0.00000,0.00000,0.00002
95.76000,1.02193,0.99998,0.00000,0.00000,0.00002
95.90000,1.02193,0.99998,0.00000,0.00000,0.00002
96.04000,1.02193,0.99998,0.00000,0.00000,0.00002
96.18000,1.02193,0.99998,0.00000,0.00000,0.00002
96.32000,1.02193,0.99998,0.00000,0.00000,0.00002
96.46000,1.02194,0.99998,0.00000,0.00000,0.00002
96.60000,1.02194,0.99998,0.00000,0.00000,0.00002
96.74000,1.02194,0.99999,0.00000,0.00000,0.00001
96.88000,1.02194,0.99999,0.00000,0.00000,0.00001
97.02000,1.02194,0.99998,0.00000,0.00000,0.00002
97.16000,1.02193,0.99998,0.00000,0.00000,0.00002
97.30000,1.02193,0.99998,0.00000,0.00000,0.00002
97.44000,1.02193,0.99998,0.00000,0.00000,0.00002
97.58000,1.02193,0.99998,0.00000,0.00000,0.00002
97.72000,1.02193,0.99998,0.00000,0.00000,0.00002
97.86000,1.02193,0.99997,0.00000,0.00000,0.00003
98.00000,1.02193,0.99998,0.00000,0.00000,0.00002
98.14000,1.02193,0.99998,0.00000,0.00000,0.00002
98.28000,1.02194,0.99997,0.00000,0.00000,0.00003
98.42000,1.02194,0.99997,0.00000,0.00000,0.00003
98.56000,1.02194,0.99997,0.00000,0.00000,0.00003
98.70000,1.02194,0.99997,0.00000,0.00000,0.00003
98.84000,1.02194,0.99997,0.00000,0.00000,0.00003
98.98000,1.02193,0.99997,0.00000,0.00000,0.00003
99.12000,1.02193,0.99996,0.00000,0.00000,0.00004
99.26000,1.02193,0.99995,0.00000,0.00000,0.00005
99.40000,1.02193,0.99995,0.00000,0.00000,0.00005
99.54000,1.02193,0.99996,0.00000,0.00000,0.00004
99.68000,1.02193,0.99997,0.00000,0.00000,0.00003
99.82000,1.02193,0.99998,0.00000,0.00000,0.00002
99.96000,1.02194,0.99998,0.00000,0.00000,0.00002
100.10000,1.02194,0.99998,0.00000,0.00000,0.00002
100.24000,1.02194,0.99998,0.00000,0.00000,0.00002
100.38000,1.02194,0.99997,0.00000,0.00000,0.00003
100.52000,1.02194,0.99996,0.00000,0.00000,0.00004
100.66000,1.02193,0.99994,0.00000,0.00000,0.00006
100.80000,1.02193,0.99993,0.00000,0.00000,0.00007
100.94000,1.02193,0.99992,0.00000,0.00000,0.00008
101.08000,1.02193,0.99994,0.00000,0.00000,0.00006
101.22000,1.02193,0.99995,0.00000,0.00000,0.00005
101.36000,1.02193,0.99996,0.00000,0.00000,0.00004
101.50000,1.02193,0.99996,0.00000,0.00000,0.00004
101.64000,1.02193,0.99996,0.00000,0.00000,0.00004
101.78000,1.02194,0.99995,0.00000,0.00000,0.00005
101.92000,1.02194,0.99994,0.00000,0.00000,0.00006
102.06000,1.02194,0.99989,0.00000,0.00000,0.00010
102.20000,1.02194,0.99988,0.00000,0.00000,0.00012
102.34000,1.02194,0.99992,0.00000,0.00000,0.00008
102.48000,1.02193,0.99993,0.00000,0.00000,0.00007
102.62000,1.02193,0.99992,0.00000,0.00000,0.00008
102.76000,1.02193,0.99986,0.00000,0.00000,0.00014
102.90000,1.02193,0.99967,0.00000,0.00001,0.00033
103.04000,1.02193,0.99922,0.00000,0.00002,0.00076
103.18000,1.02193,0.99786,0.00000,0.00009,0.00205
103.32000,1.02193,0.99227,0.00000,0.00065,0.00708
103.46000,1.02194,0.98060,0.00000,0.00271,0.01669
103.60000,1.02194,0.98507,0.00000,0.00160,0.01333
103.74000,1.02194,0.99464,0.00000,0.00043,0.00493
103.88000,1.02194,0.99539,0.00000,0.00030,0.00431
104.02000,1.02194,0.99905,0.00000,0.00003,0.00093
104.16000,1.02193,0.99943,0.00000,0.00001,0.00056
104.30000,1.02193,0.99982,0.00000,0.00000,0.00018
104.44000,1.02193,0.99990,0.00000,0.00000,0.00010
104.58000,1.02193,0.99992,0.00000,0.00000,0.00008
104.72000,1.02193,0.99992,0.00000,0.00000,0.00008
104.86000,1.02193,0.99993,0.00000,0.00000,0.00007
105.00000,1.02193,0.99992,0.00000,0.00000,0.00008
105.14000,1.02193,0.99995,0.00000,0.00000,0.00004
105.28000,1.02194,0.99996,0.00000,0.00000,0.00004
105.42000,1.02194,0.99996,0.00000,0.00000,0.00004
105.56000,1.02194,0.99996,0.00000,0.00000,0.00004
105.70000,1.02194,0.99997,0.00000,0.00000,0.00003
105.84000,1.02194,0.99998,0.00000,0.00000,0.00002
105.98000,1.02193,0.99998,0.00000,0.00000,0.00002
106.12000,1.02193,0.99996,0.00000,0.00000,0.00004
106.26000,1.02193,0.99990,0.00000,0.00000,0.00010
106.40000,1.02193,0.99964,0.00000,0.00001,0.00036
106.54000,1.02193,0.99897,0.00000,0.00004,0.00100
106.68000,1.02193,0.99570,0.00000,0.00023,0.00407
106.82000,1.02193,0.98365,0.00011,0.00189,0.01434
106.96000,1.02194,0.95160,0.00124,0.00767,0.03950
107.10000,1.02194,0.90336,0.00181,0.01800,0.07682
107.24000,1.02194,0.92632,0.00298,0.01437,0.05633
107.38000,1.02194,0.95830,0.00460,0.00551,0.03159
107.52000,1.02194,0.97571,0.00731,0.00252,0.01446
107.66000,1.02193,0.97527,0.01219,0.00158,0.01097
107.80000,1.02193,0.97914,0.01197,0.00115,0.00774
107.94000,1.02193,0.97773,0.01283,0.00103,0.00841
108.08000,1.02193,0.97758,0.01779,0.00067,0.00396
108.22000,1.02193,0.98045,0.01579,0.00048,0.00329
108.36000,1.02193,0.98222,0.01432,0.00057,0.00288
108.50000,1.02193,0.98269,0.01393,0.00067,0.00271
108.64000,1.02193,0.98205,0.01505,0.00053,0.00237
108.78000,1.02194,0.97823,0.01961,0.00051,0.00165
108.92000,1.02194,0.97704,0.02150,0.00028,0.00117
109.06000,1.02194,0.97384,0.02449,0.00032,0.00135
109.20000,1.02194,0.97079,0.02652,0.00042,0.00227
109.34000,1.02194,0.95543,0.04271,0.00025,0.00161
109.48000,1.02193,0.96095,0.03686,0.00033,0.00185
109.62000,1.02193,0.94402,0.05339,0.00038,0.00221
109.76000,1.02193,0.88715,0.11138,0.00015,0.00132
109.90000,1.02193,0.87115,0.12722,0.00015,0.00148
110.04000,1.02193,0.76936,0.22966,0.00008,0.00090
110.18000,1.02193,0.82243,0.17613,0.00013,0.00131
110.32000,1.02193,0.88507,0.11244,0.00028,0.00221
110.46000,1.02194,0.93505,0.06157,0.00039,0.00299
110.60000,1.02194,0.98723,0.00745,0.00047,0.00485
110.74000,1.02194,0.99547,0.00055,0.00028,0.00370
110.88000,1.02194,0.99689,0.00001,0.00015,0.00295
111.02000,1.02194,0.99876,0.00000,0.00004,0.00121
111.16000,1.02193,0.99937,0.00000,0.00001,0.00062
111.30000,1.02193,0.99976,0.00000,0.00000,0.00024
111.44000,1.02193,0.99997,0.00000,0.00000,0.00003
111.58000,1.02193,0.99998,0.00000,0.00000,0.00002
111.72000,1.02193,0.99999,0.00000,0.00000,0.00001
111.86000,1.02193,0.99998,0.00000,0.00000,0.00002
112.00000,1.02193,0.99998,0.00000,0.00000,0.00002
112.14000,1.02193,0.99998,0.00000,0.00000,0.00002
112.28000,1.02194,0.99997,0.00000,0.00000,0.00003
112.42000,1.02194,0.99996,0.00000,0.00000,0.00003
112.56000,1.02194,0.99997,0.00000,0.00000,0.00003
112.70000,1.02194,0.99999,0.00000,0.00000,0.00001
112.84000,1.02194,1.00000,0.00000,0.00000,0.00000
112.98000,1.02193,1.00000,0.00000,0.00000,0.00000
113.12000,1.02193,1.00000,0.00000,0.00000,0.00000
113.26000,1.02193,1.00000,0.00000,0.00000,0.00000
113.40000,1.02193,1.00000,0.00000,0.00000,0.00000
113.54000,1.02193,1.00000,0.00000,0.00000,0.00000
113.68000,1.02193,0.99997,0.00000,0.00000,0.00003
113.82000,1.02193,0.99995,0.00000,0.00000,0.00005
113.96000,1.02194,0.99993,0.00000,0.00000,0.00007
114.10000,1.02194,0.99992,0.00000,0.00000,0.00008
114.24000,1.02194,0.99992,0.00000,0.00000,0.00008
114.38000,1.02194,0.99998,0.00000,0.00000,0.00002
114.52000,1.02194,0.99997,0.00000,0.00000,0.00003
114.66000,1.02193,0.99998,0.00000,0.00000,0.00002
114.80000,1.02193,0.99998,0.00000,0.00000,0.00002
114.94000,1.02193,0.99998,0.00000,0.00000,0.00002
115.08000,1.02193,0.99998,0.00000,0.00000,0.00002
115.22000,1.02193,0.99998,0.00000,0.00000,0.00002
115.36000,1.02193,0.99999,0.00000,0.00000,0.00001
115.50000,1.02193,0.99999,0.00000,0.00000,0.00001
115.64000,1.02193,0.99999,0.00000,0.00000,0.00001
115.78000,1.02194,0.99999,0.00000,0.00000,0.00001
115.92000,1.02194,0.99999,0.00000,0.00000,0.00001
116.06000,1.02194,0.99999,0.00000,0.00000,0.00001
116.20000,1.02194,0.99999,0.00000,0.00000,0.00001
116.34000,1.02194,0.99999,0.00000,0.00000,0.00001
116.48000,1.02193,0.99999,0.00000,0.00000,0.00001
116.62000,1.02193,0.99999,0.00000,0.00000,0.00001
116.76000,1.02193,0.99999,0.00000,0.00000,0.00001
116.90000,1.02193,0.99999,0.00000,0.00000,0.00001
117.04000,1.02193,0.99997,0.00000,0.00000,0.00003
117.18000,1.02193,0.99998,0.00000,0.00000,0.00002
117.32000,1.02193,0.99998,0.00000,0.00000,0.00002
117.46000,1.02194,0.99998,0.00000,0.00000,0.00002
117.60000,1.02194,0.99998,0.00000,0.00000,0.00002
117.74000,1.02194,0.99998,0.00000,0.00000,0.00002
117.88000,1.02194,0.99993,0.00000,0.00000,0.00007
118.02000,1.02194,0.99994,0.00000,0.00000,0.00005
118.16000,1.02193,0.99969,0.00000,0.00001,0.00030
118.30000,1.02193,0.99938,0.00000,0.00003,0.00060
118.44000,1.02193,0.99809,0.00001,0.00020,0.00171
118.58000,1.02193,0.99338,0.00007,0.00109,0.00546
118.72000,1.02193,0.99519,0.00002,0.00067,0.00412
118.86000,1.02193,0.99676,0.00000,0.00036,0.00288
119.00000,1.02193,0.99900,0.00000,0.00005,0.00095
119.14000,1.02193,0.99950,0.00000,0.00001,0.00049
119.28000,1.02194,0.99980,0.00000,0.00000,0.00020
119.42000,1.02194,0.99997,0.00000,0.00000,0.00003
119.56000,1.02194,0.99999,0.00000,0.00000,0.00001
119.70000,1.02194,0.99998,0.00000,0.00000,0.00002
119.84000,1.02194,0.99999,0.00000,0.00000,0.00001
119.98000,1.02193,0.99999,0.00000,0.00000,0.00001
120.12000,1.02193,0.99999,0.00000,0.00000,0.00001
120.26000,1.02193,0.99999,0.00000,0.00000,0.00001
120.40000,1.02193,0.99998,0.00000,0.00000,0.00002
120.54000,1.02193,0.99999,0.00000,0.00000,0.00001
120.68000,1.02193,0.99999,0.00000,0.00000,0.00001
120.82000,1.02193,0.99999,0.00000,0.00000,0.00001
120.96000,1.02194,0.99999,0.00000,0.00000,0.00001
121.10000,1.02194,0.99999,0.00000,0.00000,0.00001
121.24000,1.02194,0.99999,0.00000,0.00000,0.00001
121.38000,1.02194,0.99999,0.00000,0.00000,0.00001
121.52000,1.02194,0.99997,0.00000,0.00000,0.00002
121.66000,1.02193,0.99995,0.00000,0.00000,0.00005
121.80000,1.02193,0.99995,0.00000,0.00000,0.00005
121.94000,1.02193,0.99994,0.00000,0.00000,0.00006
122.08000,1.02193,0.99995,0.00000,0.00000,0.00005
122.22000,1.02193,0.99993,0.00000,0.00000,0.00007
122.36000,1.02193,0.99998,0.00000,0.00000,0.00002
122.50000,1.02193,1.00000,0.00000,0.00000,0.00000
122.64000,1.02193,1.00000,0.00000,0.00000,0.00000
122.78000,1.02194,1.00000,0.00000,0.00000,0.00000
122.92000,1.02194,1.00000,0.00000,0.00000,0.00000
123.06000,1.02194,0.99999,0.00000,0.00000,0.00001
123.20000,1.02194,0.99989,0.00001,0.00000,0.00010
123.34000,1.02194,0.99986,0.00004,0.00000,0.00010
123.48000,1.02193,0.99999,0.00001,0.00000,0.00001
123.62000,1.02193,1.00000,0.00000,0.00000,0.00000
123.76000,1.02193,0.99999,0.00001,0.00000,0.00000
123.90000,1.02193,0.99999,0.00001,0.00000,0.00000
124.04000,1.02193,0.99999,0.00001,0.00000,0.00000
124.18000,1.02193,0.99999,0.00001,0.00000,0.00000
124.32000,1.02193,0.99996,0.00004,0.00000,0.00000
124.46000,1.02194,0.99917,0.00063,0.00003,0.00017
124.60000,1.02194,0.99923,0.00034,0.00010,0.00032
124.74000,1.02194,0.99962,0.00004,0.00008,0.00027
124.88000,1.02194,0.99967,0.00000,0.00006,0.00027
125.02000,1.02194,0.99982,0.00000,0.00002,0.00016
125.16000,1.02193,0.99986,0.00000,0.00001,0.00013
125.30000,1.02193,0.99999,0.00000,0.00000,0.00000
125.44000,1.02193,1.00000,0.00000,0.00000,0.00000
125.58000,1.02193,1.00000,0.00000,0.00000,0.00000
125.72000,1.02193,1.00000,0.00000,0.00000,0.00000
125.86000,1.02193,1.00000,0.00000,0.00000,0.00000
126.00000,1.02193,1.00000,0.00000,0.00000,0.00000
126.14000,1.02193,1.00000,0.00000,0.00000,0.00000
126.28000,1.02194,1.00000,0.00000,0.00000,0.00000
126.42000,1.02194,1.00000,0.00000,0.00000,0.00000
126.56000,1.02194,1.00000,0.00000,0.00000,0.00000
126.70000,1.02194,0.99995,0.00000,0.00000,0.00004
126.84000,1.02194,0.99889,0.00000,0.00008,0.00103
126.98000,1.02193,0.99257,0.00000,0.00088,0.00655
127.12000,1.02193,0.98938,0.00000,0.00114,0.00948
127.26000,1.02193,0.98790,0.00000,0.00111,0.01099
127.40000,1.02193,0.98637,0.00000,0.00130,0.01233
127.54000,1.02193,0.97599,0.00000,0.00341,0.02059
127.68000,1.02193,0.98102,0.00000,0.00266,0.01632
127.82000,1.02193,0.99472,0.00000,0.00063,0.00466
127.96000,1.02193,0.99949,0.00000,0.00004,0.00047
128.10001,1.02193,0.99996,0.00000,0.00000,0.00004
128.24001,1.02193,1.00000,0.00000,0.00000,0.00000
128.38000,1.02193,1.00000,0.00000,0.00000,0.00000
128.52000,1.02193,1.00000,0.00000,0.00000,0.00000
128.66000,1.02193,1.00000,0.00000,0.00000,0.00000
128.80000,1.02193,1.00000,0.00000,0.00000,0.00000
128.94000,1.02194,1.00000,0.00000,0.00000,0.00000
129.08000,1.02194,1.00000,0.00000,0.00000,0.00000
129.22000,1.02194,1.00000,0.00000,0.00000,0.00000
129.36000,1.02194,1.00000,0.00000,0.00000,0.00000
129.50000,1.02194,1.00000,0.00000,0.00000,0.00000
129.64000,1.02194,0.99999,0.00000,0.00000,0.00001
129.78000,1.02194,0.99998,0.00000,0.00000,0.00002
129.92000,1.02194,0.99994,0.00000,0.00000,0.00006
130.06000,1.02194,0.99990,0.00000,0.00000,0.00010
130.20000,1.02194,0.99994,0.00000,0.00000,0.00006
130.34000,1.02194,0.99997,0.00000,0.00000,0.00003
130.48000,1.02194,0.99999,0.00000,0.00000,0.00000
130.62000,1.02194,1.00000,0.00000,0.00000,0.00000
130.75999,1.02194,1.00000,0.00000,0.00000,0.00000
130.89999,1.02194,1.00000,0.00000,0.00000,0.00000
131.03999,1.02194,1.00000,0.00000,0.00000,0.00000
131.17999,1.02194,1.00000,0.00000,0.00000,0.00000
131.32001,1.02193,1.00000,0.00000,0.00000,0.00000
131.46001,1.02193,1.00000,0.00000,0.00000,0.00000
131.60001,1.02193,1.00000,0.00000,0.00000,0.00000
131.74001,1.02193,1.00000,0.00000,0.00000,0.00000
131.88000,1.02193,1.00000,0.00000,0.00000,0.00000
132.02000,1.02193,1.00000,0.00000,0.00000,0.00000
132.16000,1.02193,1.00000,0.00000,0.00000,0.00000
132.30000,1.02193,1.00000,0.00000,0.00000,0.00000
132.44000,1.02194,1.00000,0.00000,0.00000,0.00000
132.58000,1.02194,0.99997,0.00000,0.00000,0.00003
132.72000,1.02194,0.99987,0.00000,0.00000,0.00013
132.86000,1.02194,0.99902,0.00000,0.00004,0.00094
133.00000,1.02194,0.99722,0.00000,0.00015,0.00263
133.14000,1.02194,0.99693,0.00000,0.00017,0.00290
133.28000,1.02194,0.99901,0.00000,0.00004,0.00094
133.42000,1.02194,0.99986,0.00000,0.00001,0.00014
133.56000,1.02194,0.99999,0.00000,0.00000,0.00001
133.70000,1.02194,0.99999,0.00000,0.00000,0.00000
133.84000,1.02194,0.99999,0.00001,0.00000,0.00000
133.98000,1.02194,0.99997,0.00003,0.00000,0.00000
134.12000,1.02194,0.99997,0.00003,0.00000,0.00000
134.25999,1.02194,0.99989,0.00011,0.00000,0.00000
134.39999,1.02194,0.99985,0.00015,0.00000,0.00000
134.53999,1.02194,0.99985,0.00015,0.00000,0.00000
134.67999,1.02194,0.99983,0.00017,0.00000,0.00000
134.82001,1.02193,0.99989,0.00011,0.00000,0.00000
134.96001,1.02193,0.99995,0.00005,0.00000,0.00000
135.10001,1.02193,0.99996,0.00004,0.00000,0.00000
135.24001,1.02193,0.99996,0.00004,0.00000,0.00000
135.38000,1.02193,0.99996,0.00003,0.00000,0.00001
135.52000,1.02193,0.99987,0.00005,0.00001,0.00007
135.66000,1.02193,0.99916,0.00002,0.00011,0.00071
135.80000,1.02193,0.98646,0.00002,0.00258,0.01094
135.94000,1.02194,0.99554,0.00005,0.00070,0.00372
136.08000,1.02194,0.99967,0.00007,0.00003,0.00023
136.22000,1.02194,0.99985,0.00013,0.00000,0.00002
136.36000,1.02194,0.99996,0.00003,0.00000,0.00000
136.50000,1.02194,0.99998,0.00002,0.00000,0.00000
136.64000,1.02194,0.99999,0.00001,0.00000,0.00000
136.78000,1.02194,1.00000,0.00000,0.00000,0.00000
136.92000,1.02194,1.00000,0.00000,0.00000,0.00000
137.06000,1.02194,0.99999,0.00001,0.00000,0.00000
137.20000,1.02194,0.99999,0.00001,0.00000,0.00000
137.34000,1.02194,0.99997,0.00003,0.00000,0.00000
137.48000,1.02194,0.99989,0.00011,0.00000,0.00000
137.62000,1.02194,0.99896,0.00102,0.00000,0.00002
137.75999,1.02194,0.99728,0.00263,0.00001,0.00009
137.89999,1.02194,0.99944,0.00049,0.00000,0.00006
138.03999,1.02194,0.99989,0.00005,0.00000,0.00006
138.17999,1.02194,0.99986,0.00002,0.00000,0.00011
138.32001,1.02193,0.99995,0.00001,0.00000,0.00004
138.46001,1.02193,0.99999,0.00000,0.00000,0.00001
138.60001,1.02193,0.99999,0.00000,0.00000,0.00001
138.74001,1.02193,1.00000,0.00000,0.00000,0.00000
138.88000,1.02193,1.00000,0.00000,0.00000,0.00000
139.02000,1.02193,1.00000,0.00000,0.00000,0.00000
139.16000,1.02193,1.00000,0.00000,0.00000,0.00000
139.30000,1.02193,1.00000,0.00000,0.00000,0.00000
139.44000,1.02194,1.00000,0.00000,0.00000,0.00000
139.58000,1.02194,1.00000,0.00000,0.00000,0.00000
139.72000,1.02194,1.00000,0.00000,0.00000,0.00000
139.86000,1.02194,1.00000,0.00000,0.00000,0.00000
140.00000,1.02194,0.99999,0.00000,0.00000,0.00001
140.14000,1.02194,0.99996,0.00000,0.00000,0.00004
140.28000,1.02194,0.99988,0.00000,0.00000,0.00011
140.42000,1.02194,0.99951,0.00000,0.00001,0.00048
140.56000,1.02194,0.99902,0.00000,0.00002,0.00096
140.70000,1.02194,0.99837,0.00000,0.00004,0.00159
140.84000,1.02194,0.99610,0.00000,0.00011,0.00379
140.98000,1.02194,0.98688,0.00000,0.00060,0.01251
141.12000,1.02194,0.98523,0.00002,0.00071,0.01404
141.25999,1.02194,0.98582,0.00001,0.00053,0.01364
141.39999,1.02194,0.97814,0.00002,0.00100,0.02085
141.53999,1.02194,0.98869,0.00002,0.00045,0.01084
141.67999,1.02194,0.99412,0.00000,0.00019,0.00569
141.82001,1.02193,0.99543,0.00001,0.00019,0.00437
141.96001,1.02193,0.99663,0.00002,0.00016,0.00319
142.10001,1.02193,0.99355,0.00007,0.00050,0.00588
142.24001,1.02193,0.99475,0.00009,0.00048,0.00468
142.38000,1.02193,0.99520,0.00013,0.00047,0.00420
142.52000,1.02193,0.99066,0.00016,0.00126,0.00792
142.66000,1.02193,0.99297,0.00042,0.00075,0.00586
142.80000,1.02193,0.99492,0.00017,0.00046,0.00445
142.94000,1.02194,0.99571,0.00008,0.00033,0.00388
143.08000,1.02194,0.99617,0.00002,0.00024,0.00358
143.22000,1.02194,0.99660,0.00001,0.00019,0.00320
143.36000,1.02194,0.99725,0.00000,0.00014,0.00260
143.50000,1.02194,0.99756,0.00000,0.00012,0.00232
143.64000,1.02194,0.99700,0.00000,0.00016,0.00283
143.78000,1.02194,0.99558,0.00001,0.00029,0.00412
143.92000,1.02194,0.99811,0.00000,0.00008,0.00180
144.06000,1.02194,0.99749,0.00000,0.00014,0.00237
144.20000,1.02194,0.99751,0.00001,0.00017,0.00230
144.34000,1.02194,0.99729,0.00004,0.00026,0.00241
144.48000,1.02194,0.99459,0.00014,0.00069,0.00457
144.62000,1.02194,0.99513,0.00010,0.00060,0.00417
144.75999,1.02194,0.99931,0.00001,0.00006,0.00062
144.89999,1.02194,0.99986,0.00000,0.00001,0.00013
145.03999,1.02194,0.99999,0.00000,0.00000,0.00001
145.17999,1.02194,1.00000,0.00000,0.00000,0.00000
145.32001,1.02193,1.00000,0.00000,0.00000,0.00000
145.46001,1.02193,1.00000,0.00000,0.00000,0.00000
145.60001,1.02193,1.00000,0.00000,0.00000,0.00000
145.74001,1.02193,1.00000,0.00000,0.00000,0.00000
145.88000,1.02193,1.00000,0.00000,0.00000,0.00000
146.02000,1.02193,1.00000,0.00000,0.00000,0.00000
146.16000,1.02193,1.00000,0.00000,0.00000,0.00000
146.30000,1.02193,1.00000,0.00000,0.00000,0.00000
146.44000,1.02194,1.00000,0.00000,0.00000,0.00000
146.58000,1.02194,1.00000,0.00000,0.00000,0.00000
146.72000,1.02194,0.99997,0.00000,0.00000,0.00002
146.86000,1.02194,0.99966,0.00002,0.00003,0.00030
147.00000,1.02194,0.99987,0.00000,0.00001,0.00012
147.14000,1.02194,0.99993,0.00000,0.00000,0.00007
147.28000,1.02194,0.99997,0.00000,0.00000,0.00003
147.42000,1.02194,0.99999,0.00000,0.00000,0.00001
147.56000,1.02194,0.99999,0.00000,0.00000,0.00000
147.70000,1.02194,1.00000,0.00000,0.00000,0.00000
147.84000,1.02194,1.00000,0.00000,0.00000,0.00000
147.98000,1.02194,1.00000,0.00000,0.00000,0.00000
148.12000,1.02194,1.00000,0.00000,0.00000,0.00000
148.25999,1.02194,0.99999,0.00000,0.00000,0.00001
148.39999,1.02194,0.99999,0.00000,0.00000,0.00001
148.53999,1.02194,0.99999,0.00000,0.00000,0.00001
148.67999,1.02194,0.99999,0.00000,0.00000,0.00001
148.82001,1.02193,0.99998,0.00000,0.00000,0.00002
148.96001,1.02193,0.99996,0.00000,0.00000,0.00004
149.10001,1.02193,0.99997,0.00000,0.00000,0.00003
149.24001,1.02193,0.99998,0.00000,0.00000,0.00002
149.38000,1.02193,0.99998,0.00000,0.00000,0.00002
149.52000,1.02193,0.99998,0.00000,0.00000,0.00002
149.66000,1.02193,0.99998,0.00000,0.00000,0.00002
149.80000,1.02193,0.99998,0.00000,0.00000,0.00002
149.94000,1.02194,0.99998,0.00000,0.00000,0.00002
150.08000,1.02194,0.99997,0.00000,0.00000,0.00003
150.22000,1.02194,0.99997,0.00000,0.00000,0.00003
150.36000,1.02194,0.99997,0.00000,0.00000,0.00003
150.50000,1.02194,0.99997,0.00000,0.00000,0.00003
150.64000,1.02194,0.99997,0.00000,0.00000,0.00003
150.78000,1.02194,0.99997,0.00000,0.00000,0.00003
150.92000,1.02194,0.99996,0.00000,0.00000,0.00004
151.06000,1.02194,0.99996,0.00000,0.00000,0.00004
151.20000,1.02194,0.99996,0.00000,0.00000,0.00004
151.34000,1.02194,0.99997,0.00000,0.00000,0.00003
151.48000,1.02194,0.99998,0.00000,0.00000,0.00002
151.62000,1.02194,0.99998,0.00000,0.00000,0.00002
151.75999,1.02194,0.99998,0.00000,0.00000,0.00002
151.89999,1.02194,0.99998,0.00000,0.00000,0.00002
152.03999,1.02194,0.99999,0.00000,0.00000,0.00001
152.17999,1.02194,0.99999,0.00000,0.00000,0.00001
152.32001,1.02193,0.99999,0.00000,0.00000,0.00001
152.46001,1.02193,0.99999,0.00000,0.00000,0.00001
152.60001,1.02193,0.99999,0.00000,0.00000,0.00001
152.74001,1.02193,0.99999,0.00000,0.00000,0.00001
152.88000,1.02193,0.99999,0.00000,0.00000,0.00001
153.02000,1.02193,0.99999,0.00000,0.00000,0.00001
153.16000,1.02193,0.99999,0.00000,0.00000,0.00001
153.30000,1.02193,0.99999,0.00000,0.00000,0.00001
153.44000,1.02194,0.99999,0.00000,0.00000,0.00001
153.58000,1.02194,0.99998,0.00000,0.00000,0.00002
153.72000,1.02194,0.99998,0.00000,0.00000,0.00002
153.86000,1.02194,0.99998,0.00000,0.00000,0.00002
154.00000,1.02194,0.99998,0.00000,0.00000,0.00002
154.14000,1.02194,0.99998,0.00000,0.00000,0.00002
154.28000,1.02194,0.99998,0.00000,0.00000,0.00002
154.42000,1.02194,0.99998,0.00000,0.00000,0.00002
154.56000,1.02194,0.99998,0.00000,0.00000,0.00002
154.70000,1.02194,0.99998,0.00000,0.00000,0.00002
154.84000,1.02194,0.99996,0.00000,0.00000,0.00004
154.98000,1.02194,0.99991,0.00000,0.00000,0.00009
155.12000,1.02194,0.99994,0.00000,0.00000,0.00005
155.25999,1.02194,0.99999,0.00000,0.00000,0.00001
155.39999,1.02194,1.00000,0.00000,0.00000,0.00000
155.53999,1.02194,1.00000,0.00000,0.00000,0.00000
155.67999,1.02194,1.00000,0.00000,0.00000,0.00000
155.82001,1.02193,1.00000,0.00000,0.00000,0.00000
155.96001,1.02193,1.00000,0.00000,0.00000,0.00000
156.10001,1.02193,1.00000,0.00000,0.00000,0.00000
156.24001,1.02193,1.00000,0.00000,0.00000,0.00000
156.38000,1.02193,1.00000,0.00000,0.00000,0.00000
156.52000,1.02193,1.00000,0.00000,0.00000,0.00000
156.66000,1.02193,1.00000,0.00000,0.00000,0.00000
156.80000,1.02193,1.00000,0.00000,0.00000,0.00000
156.94000,1.02194,1.00000,0.00000,0.00000,0.00000
157.08000,1.02194,1.00000,0.00000,0.00000,0.00000
157.22000,1.02194,1.00000,0.00000,0.00000,0.00000
157.36000,1.02194,1.00000,0.00000,0.00000,0.00000
157.50000,1.02194,1.00000,0.00000,0.00000,0.00000
157.64000,1.02194,1.00000,0.00000,0.00000,0.00000
157.78000,1.02194,1.00000,0.00000,0.00000,0.00000
157.92000,1.02194,1.00000,0.00000,0.00000,0.00000
158.06000,1.02194,1.00000,0.00000,0.00000,0.00000
158.20000,1.02194,0.99999,0.00001,0.00000,0.00001
158.34000,1.02194,0.99993,0.00005,0.00000,0.00002
158.48000,1.02194,0.99909,0.00028,0.00003,0.00060
158.62000,1.02194,0.99639,0.00028,0.00018,0.00314
158.75999,1.02194,0.99768,0.00020,0.00010,0.00202
158.89999,1.02194,0.99823,0.00010,0.00007,0.00160
159.03999,1.02194,0.99780,0.00010,0.00009,0.00201
159.17999,1.02194,0.99797,0.00006,0.00008,0.00189
159.32001,1.02193,0.99866,0.00004,0.00005,0.00126
159.46001,1.02193,0.99906,0.00002,0.00003,0.00089
159.60001,1.02193,0.99935,0.00001,0.00002,0.00062
159.74001,1.02193,0.99949,0.00000,0.00001,0.00049
159.88000,1.02193,0.99968,0.00000,0.00001,0.00031
160.02000,1.02193,0.99977,0.00000,0.00000,0.00023
160.16000,1.02193,0.99983,0.00000,0.00000,0.00017
160.30000,1.02193,0.99974,0.00000,0.00000,0.00025
160.44000,1.02194,0.99964,0.00000,0.00001,0.00036
160.58000,1.02194,0.99945,0.00000,0.00001,0.00054
160.72000,1.02194,0.99917,0.00000,0.00002,0.00081
160.86000,1.02194,0.99874,0.00000,0.00003,0.00123
161.00000,1.02194,0.99888,0.00000,0.00003,0.00109
161.14000,1.02194,0.99905,0.00000,0.00002,0.00092
161.28000,1.02194,0.99921,0.00000,0.00001,0.00077
161.42000,1.02194,0.99879,0.00000,0.00002,0.00118
161.56000,1.02194,0.99846,0.00000,0.00004,0.00151
161.70000,1.02194,0.99889,0.00000,0.00002,0.00109
161.84000,1.02194,0.99924,0.00000,0.00001,0.00075
161.98000,1.02194,0.99979,0.00000,0.00000,0.00020
162.12000,1.02194,0.99995,0.00000,0.00000,0.00005
162.25999,1.02194,0.99999,0.00000,0.00000,0.00001
162.39999,1.02194,1.00000,0.00000,0.00000,0.00000
162.53999,1.02194,1.00000,0.00000,0.00000,0.00000
162.67999,1.02194,1.00000,0.00000,0.00000,0.00000
162.82001,1.02193,1.00000,0.00000,0.00000,0.00000
162.96001,1.02193,1.00000,0.00000,0.00000,0.00000
163.10001,1.02193,0.99999,0.00000,0.00000,0.00001
163.24001,1.02193,0.99997,0.00000,0.00000,0.00003
163.38000,1.02193,0.99993,0.00000,0.00000,0.00007
163.52000,1.02193,0.99988,0.00000,0.00000,0.00012
163.66000,1.02193,0.99995,0.00000,0.00000,0.00005
163.80000,1.02193,0.99999,0.00000,0.00000,0.00001
163.94000,1.02194,1.00000,0.00000,0.00000,0.00000
164.08000,1.02194,1.00000,0.00000,0.00000,0.00000
164.22000,1.02194,1.00000,0.00000,0.00000,0.00000
164.36000,1.02194,1.00000,0.00000,0.00000,0.00000
164.50000,1.02194,1.00000,0.00000,0.00000,0.00000
164.64000,1.02194,1.00000,0.00000,0.00000,0.00000
164.78000,1.02194,1.00000,0.00000,0.00000,0.00000
164.92000,1.02194,1.00000,0.00000,0.00000,0.00000
165.06000,1.02194,1.00000,0.00000,0.00000,0.00000
165.20000,1.02194,1.00000,0.00000,0.00000,0.00000
165.34000,1.02194,1.00000,0.00000,0.00000,0.00000
165.48000,1.02194,1.00000,0.00000,0.00000,0.00000
165.62000,1.02194,1.00000,0.00000,0.00000,0.00000
165.75999,1.02194,1.00000,0.00000,0.00000,0.00000
165.89999,1.02194,1.00000,0.00000,0.00000,0.00000
166.03999,1.02194,1.00000,0.00000,0.00000,0.00000
166.17999,1.02194,1.00000,0.00000,0.00000,0.00000
166.32001,1.02193,1.00000,0.00000,0.00000,0.00000
166.46001,1.02193,1.00000,0.00000,0.00000,0.00000
166.60001,1.02193,1.00000,0.00000,0.00000,0.00000
166.74001,1.02193,1.00000,0.00000,0.00000,0.00000
166.88000,1.02193,1.00000,0.00000,0.00000,0.00000
167.02000,1.02193,1.00000,0.00000,0.00000,0.00000
167.16000,1.02193,1.00000,0.00000,0.00000,0.00000
167.30000,1.02193,1.00000,0.00000,0.00000,0.00000
167.44000,1.02194,1.00000,0.00000,0.00000,0.00000
167.58000,1.02194,1.00000,0.00000,0.00000,0.00000
167.72000,1.02194,1.00000,0.00000,0.00000,0.00000
167.86000,1.02194,1.00000,0.00000,0.00000,0.00000
168.00000,1.02194,1.00000,0.00000,0.00000,0.00000
168.14000,1.02194,1.00000,0.00000,0.00000,0.00000
168.28000,1.02194,1.00000,0.00000,0.00000,0.00000
168.42000,1.02194,1.00000,0.00000,0.00000,0.00000
168.56000,1.02194,1.00000,0.00000,0.00000,0.00000
168.70000,1.02194,1.00000,0.00000,0.00000,0.00000
168.84000,1.02194,1.00000,0.00000,0.00000,0.00000
168.98000,1.02194,1.00000,0.00000,0.00000,0.00000
169.12000,1.02194,1.00000,0.00000,0.00000,0.00000
169.25999,1.02194,1.00000,0.00000,0.00000,0.00000
169.39999,1.02194,1.00000,0.00000,0.00000,0.00000
169.53999,1.02194,0.99995,0.00002,0.00000,0.00002
169.67999,1.02194,0.99883,0.00012,0.00024,0.00081
169.82001,1.02193,0.98436,0.00087,0.00472,0.01004
169.96001,1.02193,0.99434,0.00030,0.00152,0.00384
170.10001,1.02193,0.99940,0.00009,0.00013,0.00039
170.24001,1.02193,0.99999,0.00000,0.00000,0.00001
170.38000,1.02193,1.00000,0.00000,0.00000,0.00000
170.52000,1.02193,1.00000,0.00000,0.00000,0.00000
170.66000,1.02193,1.00000,0.00000,0.00000,0.00000
170.80000,1.02193,1.00000,0.00000,0.00000,0.00000
170.94000,1.02194,1.00000,0.00000,0.00000,0.00000
171.08000,1.02194,1.00000,0.00000,0.00000,0.00000
171.22000,1.02194,0.99999,0.00001,0.00000,0.00000
171.36000,1.02194,1.00000,0.00000,0.00000,0.00000
171.50000,1.02194,1.00000,0.00000,0.00000,0.00000
171.64000,1.02194,1.00000,0.00000,0.00000,0.00000
171.78000,1.02194,1.00000,0.00000,0.00000,0.00000
171.92000,1.02194,0.99999,0.00000,0.00000,0.00000
172.06000,1.02194,0.99999,0.00000,0.00000,0.00001
172.20000,1.02194,0.99998,0.00000,0.00000,0.00002
172.34000,1.02194,0.99996,0.00000,0.00000,0.00004
172.48000,1.02194,0.99997,0.00000,0.00000,0.00003
172.62000,1.02194,0.99996,0.00000,0.00000,0.00004
172.75999,1.02194,0.99996,0.00000,0.00000,0.00004
172.89999,1.02194,0.99996,0.00000,0.00000,0.00004
173.03999,1.02194,0.99996,0.00000,0.00000,0.00004
173.17999,1.02194,0.99997,0.00000,0.00000,0.00003
173.32001,1.02193,0.99996,0.00000,0.00000,0.00004
173.46001,1.02193,0.99997,0.00000,0.00000,0.00003
173.60001,1.02193,0.99998,0.00000,0.00000,0.00002
173.74001,1.02193,0.99998,0.00000,0.00000,0.00002
173.88000,1.02193,0.99998,0.00000,0.00000,0.00002
174.02000,1.02193,0.99998,0.00000,0.00000,0.00002
174.16000,1.02193,0.99998,0.00000,0.00000,0.00002
174.30000,1.02193,0.99999,0.00000,0.00000,0.00001
174.44000,1.02194,0.99999,0.00000,0.00000,0.00001
174.58000,1.02194,0.99999,0.00000,0.00000,0.00001
174.72000,1.02194,0.99999,0.00000,0.00000,0.00001
174.86000,1.02194,0.99999,0.00000,0.00000,0.00001
175.00000,1.02194,0.99999,0.00000,0.00000,0.00001
175.14000,1.02194,0.99999,0.00000,0.00000,0.00001
175.28000,1.02194,0.99999,0.00000,0.00000,0.00001
175.42000,1.02194,0.99999,0.00000,0.00000,0.00001
