Time (seconds), Duration (seconds),pred_(unlabeled),pred_brushing_teeth,pred_hair_drying,pred_showering
0.00000,1.02194,0.33293,0.00004,0.00001,0.66703
0.14000,1.02194,0.03831,0.00019,0.00001,0.96149
0.28000,1.02194,0.00703,0.00028,0.00002,0.99267
0.42000,1.02194,0.00717,0.00041,0.00003,0.99239
0.56000,1.02194,0.00562,0.00043,0.00002,0.99393
0.70000,1.02194,0.00509,0.00047,0.00002,0.99442
0.84000,1.02194,0.00654,0.00043,0.00002,0.99301
0.98000,1.02194,0.01453,0.00059,0.00001,0.98487
1.12000,1.02194,0.01438,0.00073,0.00001,0.98489
1.26000,1.02194,0.01302,0.00102,0.00001,0.98595
1.40000,1.02194,0.01438,0.00078,0.00002,0.98482
1.54000,1.02194,0.01433,0.00101,0.00002,0.98464
1.68000,1.02194,0.01545,0.00123,0.00001,0.98331
1.82000,1.02194,0.00603,0.00134,0.00004,0.99259
1.96000,1.02194,0.00570,0.00127,0.00009,0.99294
2.10000,1.02194,0.00604,0.00110,0.00009,0.99277
2.24000,1.02194,0.00633,0.00062,0.00006,0.99299
2.38000,1.02194,0.00475,0.00053,0.00002,0.99469
2.52000,1.02194,0.00526,0.00052,0.00003,0.99420
2.66000,1.02194,0.00597,0.00060,0.00004,0.99339
2.80000,1.02194,0.00565,0.00060,0.00003,0.99372
2.94000,1.02194,0.00675,0.00049,0.00004,0.99272
3.08000,1.02194,0.00713,0.00045,0.00003,0.99238
3.22000,1.02194,0.00718,0.00072,0.00002,0.99208
3.36000,1.02194,0.00555,0.00047,0.00002,0.99396
3.50000,1.02194,0.00438,0.00047,0.00001,0.99515
3.64000,1.02194,0.00366,0.00064,0.00001,0.99569
3.78000,1.02194,0.00498,0.00052,0.00001,0.99448
3.92000,1.02194,0.00383,0.00043,0.00001,0.99573
4.06000,1.02194,0.00535,0.00155,0.00002,0.99308
4.20000,1.02194,0.00581,0.00077,0.00005,0.99337
4.34000,1.02194,0.00513,0.00054,0.00002,0.99431
4.48000,1.02194,0.00757,0.00048,0.00004,0.99190
4.62000,1.02194,0.00678,0.00054,0.00004,0.99264
4.76000,1.02194,0.00496,0.00046,0.00002,0.99457
4.90000,1.02194,0.00535,0.00043,0.00002,0.99420
5.04000,1.02194,0.00619,0.00043,0.00002,0.99336
5.18000,1.02194,0.00440,0.00061,0.00001,0.99497
5.32000,1.02194,0.00376,0.00073,0.00001,0.99550
5.46000,1.02194,0.00336,0.00046,0.00000,0.99617
5.60000,1.02194,0.00410,0.00066,0.00000,0.99524
5.74000,1.02194,0.00387,0.00056,0.00000,0.99557
5.88000,1.02194,0.00410,0.00054,0.00000,0.99536
6.02000,1.02194,0.00369,0.00116,0.00000,0.99515
6.16000,1.02194,0.00405,0.00089,0.00000,0.99506
6.30000,1.02194,0.00350,0.00066,0.00000,0.99584
6.44000,1.02194,0.00237,0.00114,0.00001,0.99649
6.58000,1.02194,0.00211,0.00121,0.00001,0.99667
6.72000,1.02194,0.00120,0.00117,0.00000,0.99763
6.86000,1.02194,0.00132,0.00106,0.00000,0.99762
7.00000,1.02194,0.00141,0.00057,0.00000,0.99802
7.14000,1.02194,0.00128,0.00058,0.00000,0.99814
7.28000,1.02194,0.00138,0.00055,0.00000,0.99807
7.42000,1.02194,0.00143,0.00053,0.00000,0.99803
7.56000,1.02194,0.00214,0.00044,0.00000,0.99742
7.70000,1.02194,0.00206,0.00037,0.00000,0.99758
7.84000,1.02194,0.00188,0.00055,0.00000,0.99757
7.98000,1.02194,0.00249,0.00044,0.00000,0.99706
8.12000,1.02194,0.00364,0.00036,0.00000,0.99599
8.26000,1.02194,0.00513,0.00035,0.00001,0.99451
8.40000,1.02194,0.00567,0.00043,0.00001,0.99390
8.54000,1.02194,0.00896,0.00042,0.00001,0.99061
8.68000,1.02194,0.00801,0.00030,0.00002,0.99167
8.82000,1.02194,0.00557,0.00021,0.00001,0.99421
8.96000,1.02194,0.00276,0.00036,0.00000,0.99688
9.10000,1.02194,0.00168,0.00047,0.00000,0.99785
9.24000,1.02194,0.00117,0.00074,0.00000,0.99809
9.38000,1.02194,0.00081,0.00067,0.00000,0.99852
9.52000,1.02194,0.00075,0.00056,0.00000,0.99869
9.66000,1.02194,0.00072,0.00052,0.00000,0.99876
9.80000,1.02194,0.00093,0.00160,0.00000,0.99746
9.94000,1.02194,0.00077,0.00057,0.00000,0.99865
10.08000,1.02194,0.00102,0.00038,0.00000,0.99860
10.22000,1.02194,0.00173,0.00046,0.00000,0.99782
10.36000,1.02194,0.00172,0.00056,0.00000,0.99773
10.50000,1.02194,0.00119,0.00050,0.00000,0.99831
10.64000,1.02194,0.00169,0.00052,0.00000,0.99779
10.78000,1.02194,0.00217,0.00042,0.00000,0.99741
10.92000,1.02194,0.00319,0.00017,0.00000,0.99664
11.06000,1.02194,0.00257,0.00010,0.00000,0.99733
11.20000,1.02194,0.00298,0.00010,0.00000,0.99692
11.34000,1.02194,0.00328,0.00005,0.00000,0.99667
11.48000,1.02194,0.00468,0.00004,0.00000,0.99528
11.62000,1.02194,0.00669,0.00005,0.00000,0.99326
11.76000,1.02194,0.00576,0.00004,0.00000,0.99419
11.90000,1.02194,0.00517,0.00016,0.00000,0.99467
12.04000,1.02194,0.00960,0.00015,0.00002,0.99024
12.18000,1.02194,0.01115,0.00027,0.00003,0.98855
12.32000,1.02194,0.01704,0.00577,0.00003,0.97716
12.46000,1.02194,0.00910,0.01873,0.00001,0.97216
12.60000,1.02194,0.00456,0.02534,0.00000,0.97009
12.74000,1.02194,0.00377,0.04600,0.00000,0.95023
12.88000,1.02194,0.00184,0.08229,0.00000,0.91587
13.02000,1.02194,0.00110,0.05287,0.00000,0.94603
13.16000,1.02194,0.00079,0.03245,0.00000,0.96676
13.30000,1.02194,0.00034,0.00368,0.00000,0.99598
13.44000,1.02194,0.00036,0.00086,0.00000,0.99877
13.58000,1.02194,0.00043,0.00048,0.00000,0.99909
13.72000,1.02194,0.00054,0.00024,0.00000,0.99922
13.86000,1.02194,0.00087,0.00005,0.00000,0.99908
14.00000,1.02194,0.00173,0.00007,0.00000,0.99820
14.14000,1.02194,0.00252,0.00004,0.00000,0.99744
14.28000,1.02194,0.00317,0.00005,0.00000,0.99678
14.42000,1.02194,0.00315,0.00006,0.00000,0.99680
14.56000,1.02194,0.00266,0.00006,0.00000,0.99728
14.70000,1.02194,0.00245,0.00011,0.00000,0.99744
14.84000,1.02194,0.00232,0.00013,0.00000,0.99754
14.98000,1.02194,0.00117,0.00011,0.00000,0.99872
15.12000,1.02194,0.00106,0.00005,0.00000,0.99889
15.26000,1.02194,0.00132,0.00011,0.00000,0.99857
15.40000,1.02194,0.00154,0.00008,0.00000,0.99837
15.54000,1.02194,0.00216,0.00011,0.00000,0.99773
15.68000,1.02194,0.00237,0.00010,0.00000,0.99752
15.82000,1.02194,0.00310,0.00014,0.00000,0.99676
15.96000,1.02194,0.00410,0.00014,0.00000,0.99576
16.10000,1.02194,0.00607,0.00113,0.00007,0.99272
16.24000,1.02194,0.00767,0.00079,0.00009,0.99145
16.38000,1.02194,0.01008,0.00089,0.00020,0.98882
16.52000,1.02194,0.01147,0.00073,0.00018,0.98762
16.66000,1.02194,0.01119,0.00070,0.00020,0.98792
16.80000,1.02194,0.00956,0.00073,0.00015,0.98956
16.94000,1.02194,0.01074,0.00082,0.00021,0.98822
17.08000,1.02194,0.00999,0.00079,0.00017,0.98904
17.22000,1.02194,0.01113,0.00069,0.00019,0.98798
17.36000,1.02194,0.01022,0.00052,0.00011,0.98915
17.50000,1.02194,0.01120,0.00025,0.00008,0.98847
17.64000,1.02194,0.01099,0.00030,0.00007,0.98864
17.78000,1.02194,0.01051,0.00029,0.00007,0.98913
17.92000,1.02194,0.01178,0.00029,0.00008,0.98784
18.06000,1.02194,0.01229,0.00027,0.00014,0.98730
18.20000,1.02194,0.02787,0.00034,0.00020,0.97159
18.34000,1.02194,0.02048,0.00020,0.00018,0.97914
18.48000,1.02194,0.02030,0.00064,0.00067,0.97839
18.62000,1.02194,0.02393,0.00060,0.00063,0.97483
18.76000,1.02194,0.02063,0.00053,0.00028,0.97856
18.90000,1.02194,0.01175,0.00040,0.00007,0.98778
19.04000,1.02194,0.01391,0.00015,0.00001,0.98592
19.18000,1.02194,0.00321,0.00027,0.00000,0.99651
19.32000,1.02194,0.00490,0.00032,0.00001,0.99477
19.46000,1.02194,0.00465,0.00024,0.00001,0.99510
19.60000,1.02194,0.00636,0.00019,0.00001,0.99344
19.74000,1.02194,0.00529,0.00027,0.00001,0.99443
19.88000,1.02194,0.00657,0.00060,0.00003,0.99280
20.02000,1.02194,0.00840,0.00096,0.00017,0.99047
20.16000,1.02194,0.01153,0.00154,0.00060,0.98632
20.30000,1.02194,0.00930,0.00139,0.00044,0.98887
20.44000,1.02194,0.00937,0.00140,0.00047,0.98875
20.58000,1.02194,0.01310,0.00135,0.00082,0.98473
20.72000,1.02194,0.02184,0.00122,0.00192,0.97502
20.86000,1.02194,0.01894,0.00114,0.00125,0.97867
21.00000,1.02194,0.01239,0.00108,0.00033,0.98619
21.14000,1.02194,0.00935,0.00096,0.00017,0.98952
21.28000,1.02194,0.00915,0.00093,0.00013,0.98978
21.42000,1.02194,0.00863,0.00105,0.00012,0.99020
21.56000,1.02194,0.00822,0.00099,0.00011,0.99068
21.70000,1.02194,0.00752,0.00083,0.00009,0.99157
21.84000,1.02194,0.00974,0.00101,0.00017,0.98908
21.98000,1.02194,0.01312,0.00095,0.00035,0.98559
22.12000,1.02194,0.01228,0.00072,0.00023,0.98677
22.26000,1.02194,0.00782,0.00081,0.00010,0.99126
22.40000,1.02194,0.00579,0.00090,0.00006,0.99325
22.54000,1.02194,0.00472,0.00069,0.00003,0.99457
22.68000,1.02194,0.00502,0.00087,0.00004,0.99408
22.82000,1.02194,0.00512,0.00081,0.00003,0.99404
22.96000,1.02194,0.00559,0.00066,0.00003,0.99371
23.10000,1.02194,0.00469,0.00083,0.00002,0.99446
23.24000,1.02194,0.00657,0.00102,0.00007,0.99235
23.38000,1.02194,0.00593,0.00093,0.00005,0.99309
23.52000,1.02194,0.00837,0.00086,0.00012,0.99065
23.66000,1.02194,0.00797,0.00085,0.00011,0.99107
23.80000,1.02194,0.00648,0.00099,0.00007,0.99245
23.94000,1.02194,0.00890,0.00124,0.00020,0.98967
24.08000,1.02194,0.00839,0.00085,0.00011,0.99066
24.22000,1.02194,0.00518,0.00114,0.00004,0.99364
24.36000,1.02194,0.00433,0.00107,0.00002,0.99457
24.50000,1.02194,0.00303,0.00122,0.00002,0.99574
24.64000,1.02194,0.00285,0.00136,0.00001,0.99577
24.78000,1.02194,0.00394,0.00100,0.00002,0.99504
24.92000,1.02194,0.00390,0.00068,0.00001,0.99540
25.06000,1.02194,0.00574,0.00059,0.00002,0.99365
25.20000,1.02194,0.00904,0.00066,0.00006,0.99023
25.34000,1.02194,0.01031,0.00019,0.00003,0.98946
25.48000,1.02194,0.00627,0.00016,0.00001,0.99356
25.62000,1.02194,0.00408,0.00015,0.00000,0.99577
25.76000,1.02194,0.00295,0.00025,0.00000,0.99680
25.90000,1.02194,0.00180,0.00042,0.00000,0.99778
26.04000,1.02194,0.00150,0.00049,0.00000,0.99801
26.18000,1.02194,0.00123,0.00044,0.00000,0.99833
26.32000,1.02194,0.00134,0.00212,0.00001,0.99654
26.46000,1.02194,0.00193,0.00174,0.00001,0.99632
26.60000,1.02194,0.00177,0.00251,0.00001,0.99571
26.74000,1.02194,0.00154,0.00232,0.00001,0.99614
26.88000,1.02194,0.00171,0.00178,0.00001,0.99650
27.02000,1.02194,0.00169,0.00136,0.00001,0.99694
27.16000,1.02194,0.00203,0.00114,0.00001,0.99682
27.30000,1.02194,0.00174,0.00100,0.00000,0.99725
27.44000,1.02194,0.00192,0.00104,0.00000,0.99704
27.58000,1.02194,0.00241,0.00052,0.00000,0.99707
27.72000,1.02194,0.00200,0.00039,0.00000,0.99760
27.86000,1.02194,0.00220,0.00017,0.00000,0.99763
28.00000,1.02194,0.00185,0.00021,0.00000,0.99794
28.14000,1.02194,0.00199,0.00006,0.00000,0.99796
28.28000,1.02194,0.00249,0.00006,0.00000,0.99745
28.42000,1.02194,0.00157,0.00002,0.00000,0.99841
28.56000,1.02194,0.00134,0.00001,0.00000,0.99865
28.70000,1.02194,0.00219,0.00004,0.00000,0.99777
28.84000,1.02194,0.00136,0.00004,0.00000,0.99860
28.98000,1.02194,0.00135,0.00001,0.00000,0.99864
29.12000,1.02194,0.00107,0.00018,0.00000,0.99875
29.26000,1.02194,0.00149,0.00026,0.00000,0.99825
29.40000,1.02194,0.00190,0.00013,0.00000,0.99797
29.54000,1.02194,0.00231,0.00016,0.00000,0.99752
29.68000,1.02194,0.00327,0.00029,0.00000,0.99644
29.82000,1.02194,0.00364,0.00021,0.00000,0.99615
29.96000,1.02194,0.00356,0.00021,0.00000,0.99623
30.10000,1.02194,0.00504,0.00040,0.00000,0.99455
30.24000,1.02194,0.00320,0.00014,0.00000,0.99666
30.38000,1.02194,0.00249,0.00007,0.00000,0.99744
30.52000,1.02194,0.00194,0.00017,0.00000,0.99789
30.66000,1.02194,0.00175,0.00035,0.00000,0.99790
30.80000,1.02194,0.00156,0.00019,0.00000,0.99825
30.94000,1.02194,0.00114,0.00006,0.00000,0.99880
31.08000,1.02194,0.00115,0.00003,0.00000,0.99881
31.22000,1.02194,0.00105,0.00013,0.00000,0.99882
31.36000,1.02194,0.00099,0.00028,0.00000,0.99873
31.50000,1.02194,0.00083,0.00018,0.00000,0.99899
31.64000,1.02194,0.00060,0.00041,0.00000,0.99900
31.78000,1.02194,0.00068,0.00001,0.00000,0.99931
31.92000,1.02194,0.00170,0.00003,0.00000,0.99827
32.06000,1.02193,0.00210,0.00004,0.00000,0.99786
32.20000,1.02194,0.00373,0.00001,0.00000,0.99626
32.34000,1.02194,0.00291,0.00000,0.00000,0.99709
32.48000,1.02194,0.16581,0.00000,0.00000,0.83419
32.62000,1.02194,0.41282,0.00000,0.00000,0.58718
32.76000,1.02194,0.24297,0.00000,0.00000,0.75703
32.90000,1.02193,0.32017,0.00000,0.00000,0.67983
33.04000,1.02194,0.55456,0.00001,0.00000,0.44543
33.18000,1.02194,0.48760,0.00000,0.00003,0.51237
33.32000,1.02194,0.17475,0.00010,0.00011,0.82504
33.46000,1.02194,0.00954,0.00004,0.00000,0.99041
33.60000,1.02194,0.00408,0.00002,0.00000,0.99590
33.74000,1.02193,0.00458,0.00004,0.00000,0.99538
33.88000,1.02194,0.00290,0.00007,0.00000,0.99702
34.02000,1.02194,0.00289,0.00005,0.00000,0.99705
34.16000,1.02194,0.00250,0.00002,0.00000,0.99748
34.30000,1.02194,0.00473,0.00015,0.00000,0.99512
34.44000,1.02194,0.00643,0.00006,0.00000,0.99350
34.58000,1.02193,0.01279,0.00009,0.00001,0.98711
34.72000,1.02193,0.01332,0.00010,0.00002,0.98657
34.86000,1.02194,0.01435,0.00006,0.00002,0.98557
35.00000,1.02194,0.01627,0.00004,0.00001,0.98367
35.14000,1.02194,0.01724,0.00033,0.00024,0.98220
35.28000,1.02194,0.02404,0.00019,0.00022,0.97555
35.42000,1.02194,0.02418,0.00029,0.00036,0.97518
35.56000,1.02193,0.02075,0.00019,0.00014,0.97892
35.70000,1.02194,0.01363,0.00056,0.00008,0.98574
35.84000,1.02194,0.01108,0.00037,0.00003,0.98852
35.98000,1.02194,0.01129,0.00064,0.00006,0.98801
36.12000,1.02194,0.00840,0.00021,0.00002,0.99138
36.26000,1.02194,0.00607,0.00018,0.00001,0.99375
36.40000,1.02193,0.00679,0.00017,0.00001,0.99304
36.54000,1.02194,0.01117,0.00040,0.00007,0.98836
36.68000,1.02194,0.00926,0.00019,0.00003,0.99052
36.82000,1.02194,0.00858,0.00020,0.00002,0.99120
36.96000,1.02194,0.00881,0.00018,0.00002,0.99099
37.10000,1.02194,0.00867,0.00051,0.00007,0.99076
37.24000,1.02193,0.00625,0.00054,0.00003,0.99318
37.38000,1.02194,0.00438,0.00074,0.00002,0.99485
37.52000,1.02194,0.00558,0.00050,0.00003,0.99389
37.66000,1.02194,0.03688,0.00082,0.00051,0.96180
37.80000,1.02194,0.78976,0.00614,0.04107,0.16303
37.94000,1.02194,0.85258,0.00251,0.11421,0.03070
38.08000,1.02193,0.81651,0.00248,0.14679,0.03422
38.22000,1.02193,0.87696,0.00099,0.09693,0.02511
38.36000,1.02194,0.93658,0.00068,0.03440,0.02835
38.50000,1.02194,0.83704,0.00354,0.06195,0.09747
38.64000,1.02194,0.32773,0.00079,0.00232,0.66916
38.78000,1.02194,0.01007,0.00043,0.00004,0.98947
38.92000,1.02194,0.00404,0.00038,0.00000,0.99558
39.06000,1.02193,0.00312,0.00053,0.00000,0.99635
39.20000,1.02194,0.00244,0.00084,0.00000,0.99671
39.34000,1.02194,0.00234,0.00159,0.00000,0.99607
39.48000,1.02194,0.00186,0.00149,0.00000,0.99664
39.62000,1.02194,0.00128,0.00145,0.00000,0.99728
39.76000,1.02194,0.00149,0.00268,0.00000,0.99583
39.90000,1.02193,0.00120,0.00188,0.00000,0.99692
40.04000,1.02194,0.00149,0.00118,0.00000,0.99732
40.18000,1.02194,0.00251,0.00237,0.00002,0.99511
40.32000,1.02194,0.00418,0.00177,0.00008,0.99397
40.46000,1.02194,0.00668,0.00127,0.00014,0.99191
40.60000,1.02194,0.01370,0.00090,0.00045,0.98495
40.74000,1.02193,0.01658,0.00070,0.00046,0.98226
40.88000,1.02194,0.01774,0.00035,0.00025,0.98167
41.02000,1.02194,0.01394,0.00025,0.00009,0.98572
41.16000,1.02194,0.01787,0.00018,0.00008,0.98187
41.30000,1.02194,0.01642,0.00016,0.00006,0.98337
41.44000,1.02194,0.01271,0.00016,0.00003,0.98710
41.58000,1.02193,0.01334,0.00012,0.00003,0.98651
41.72000,1.02193,0.01066,0.00008,0.00001,0.98924
41.86000,1.02194,0.00708,0.00019,0.00001,0.99272
42.00000,1.02194,0.00712,0.00019,0.00001,0.99267
42.14000,1.02194,0.00603,0.00015,0.00001,0.99381
42.28000,1.02194,0.00407,0.00002,0.00000,0.99591
42.42000,1.02194,0.00467,0.00001,0.00000,0.99532
42.56000,1.02193,0.00493,0.00001,0.00000,0.99506
42.70000,1.02194,0.00792,0.00003,0.00000,0.99205
42.84000,1.02194,0.01199,0.00000,0.00000,0.98800
42.98000,1.02194,0.00749,0.00000,0.00000,0.99251
43.12000,1.02194,0.00879,0.00000,0.00000,0.99120
43.26000,1.02194,0.00975,0.00004,0.00000,0.99021
43.40000,1.02193,0.01058,0.00002,0.00000,0.98940
43.54000,1.02194,0.00660,0.00003,0.00000,0.99337
43.68000,1.02194,0.00476,0.00000,0.00000,0.99523
43.82000,1.02194,0.00448,0.00001,0.00000,0.99551
43.96000,1.02194,0.00374,0.00002,0.00000,0.99624
44.10000,1.02194,0.00404,0.00001,0.00000,0.99595
44.24000,1.02193,0.00385,0.00002,0.00000,0.99613
44.38000,1.02194,0.00660,0.00005,0.00000,0.99335
44.52000,1.02194,0.01055,0.00011,0.00001,0.98933
44.66000,1.02194,0.01236,0.00040,0.00012,0.98712
44.80000,1.02194,0.01763,0.00028,0.00020,0.98190
44.94000,1.02194,0.02388,0.00023,0.00033,0.97556
45.08000,1.02193,0.02714,0.00024,0.00047,0.97215
45.22000,1.02193,0.02101,0.00022,0.00027,0.97851
45.36000,1.02194,0.02930,0.00025,0.00037,0.97007
45.50000,1.02194,0.03009,0.00018,0.00033,0.96940
45.64000,1.02194,0.02165,0.00025,0.00030,0.97780
45.78000,1.02194,0.02229,0.00022,0.00017,0.97732
45.92000,1.02194,0.01901,0.00056,0.00043,0.98000
46.06000,1.02193,0.01996,0.00025,0.00015,0.97965
46.20000,1.02194,0.01465,0.00043,0.00024,0.98468
46.34000,1.02194,0.01017,0.00037,0.00008,0.98938
46.48000,1.02194,0.00978,0.00051,0.00010,0.98961
46.62000,1.02194,0.01074,0.00041,0.00011,0.98874
46.76000,1.02194,0.00745,0.00034,0.00004,0.99217
46.90000,1.02193,0.00851,0.00044,0.00006,0.99100
47.04000,1.02194,0.00931,0.00043,0.00007,0.99019
47.18000,1.02194,0.01283,0.00036,0.00012,0.98669
47.32000,1.02194,0.01256,0.00034,0.00010,0.98700
47.46000,1.02194,0.01321,0.00019,0.00007,0.98653
47.60000,1.02194,0.02460,0.00003,0.00001,0.97536
47.74000,1.02193,0.04298,0.00002,0.00000,0.95699
47.88000,1.02194,0.04064,0.00002,0.00000,0.95933
48.02000,1.02194,0.03419,0.00002,0.00000,0.96579
48.16000,1.02194,0.02153,0.00001,0.00000,0.97846
48.30000,1.02194,0.01689,0.00000,0.00000,0.98310
48.44000,1.02194,0.02600,0.00001,0.00000,0.97399
48.58000,1.02193,0.00672,0.00002,0.00000,0.99326
48.72000,1.02193,0.00604,0.00000,0.00000,0.99396
48.86000,1.02194,0.01066,0.00002,0.00000,0.98931
49.00000,1.02194,0.01216,0.00000,0.00000,0.98784
49.14000,1.02194,0.01095,0.00003,0.00000,0.98902
49.28000,1.02194,0.01110,0.00021,0.00001,0.98869
49.42000,1.02194,0.01409,0.00005,0.00000,0.98585
49.56000,1.02193,0.01425,0.00008,0.00000,0.98567
49.70000,1.02194,0.01180,0.00003,0.00000,0.98817
49.84000,1.02194,0.00817,0.00002,0.00000,0.99182
49.98000,1.02194,0.00979,0.00001,0.00000,0.99019
50.12000,1.02194,0.01384,0.00003,0.00000,0.98613
50.26000,1.02194,0.01300,0.00008,0.00000,0.98692
50.40000,1.02193,0.01261,0.00006,0.00001,0.98732
50.54000,1.02194,0.01052,0.00005,0.00001,0.98943
50.68000,1.02194,0.01480,0.00011,0.00001,0.98507
50.82000,1.02194,0.01656,0.00009,0.00002,0.98333
50.96000,1.02194,0.01324,0.00031,0.00005,0.98639
51.10000,1.02194,0.00795,0.00018,0.00001,0.99186
51.24000,1.02193,0.00935,0.00026,0.00003,0.99035
51.38000,1.02194,0.00847,0.00027,0.00002,0.99124
51.52000,1.02194,0.00942,0.00038,0.00008,0.99012
51.66000,1.02194,0.03519,0.00110,0.00069,0.96301
51.80000,1.02194,0.05175,0.00172,0.00251,0.94402
51.94000,1.02194,0.12449,0.00553,0.04574,0.82424
52.08000,1.02193,0.10783,0.00787,0.10120,0.78310
52.22000,1.02193,0.12849,0.00786,0.08323,0.78042
52.36000,1.02194,0.09329,0.00574,0.06114,0.83983
52.50000,1.02194,0.08914,0.01099,0.10116,0.79871
52.64000,1.02194,0.02271,0.00376,0.00589,0.96764
52.78000,1.02194,0.01168,0.00182,0.00079,0.98572
52.92000,1.02194,0.00659,0.00070,0.00010,0.99261
53.06000,1.02193,0.00436,0.00111,0.00001,0.99452
53.20000,1.02194,0.00359,0.00024,0.00000,0.99616
53.34000,1.02194,0.00374,0.00029,0.00000,0.99597
53.48000,1.02194,0.00289,0.00015,0.00000,0.99696
53.62000,1.02194,0.00360,0.00008,0.00000,0.99632
53.76000,1.02194,0.00593,0.00020,0.00000,0.99386
53.90000,1.02193,0.00696,0.00009,0.00000,0.99296
54.04000,1.02194,0.00560,0.00007,0.00000,0.99433
54.18000,1.02194,0.00902,0.00040,0.00000,0.99058
54.32000,1.02194,0.00619,0.00016,0.00001,0.99365
54.46000,1.02194,0.00601,0.00022,0.00001,0.99376
54.60000,1.02194,0.00610,0.00047,0.00002,0.99341
54.74000,1.02193,0.00740,0.00038,0.00002,0.99220
54.88000,1.02194,0.00830,0.00022,0.00002,0.99146
55.02000,1.02194,0.01047,0.00021,0.00003,0.98930
55.16000,1.02194,0.00950,0.00019,0.00002,0.99029
55.30000,1.02194,0.00557,0.00023,0.00001,0.99420
55.44000,1.02194,0.00379,0.00011,0.00000,0.99609
55.58000,1.02193,0.00307,0.00011,0.00000,0.99682
55.72000,1.02193,0.00305,0.00010,0.00000,0.99684
55.86000,1.02194,0.00230,0.00021,0.00000,0.99749
56.00000,1.02194,0.00186,0.00024,0.00000,0.99790
56.14000,1.02194,0.00311,0.00021,0.00000,0.99667
56.28000,1.02194,0.00358,0.00006,0.00000,0.99636
56.42000,1.02194,0.00512,0.00010,0.00000,0.99478
56.56000,1.02193,0.00568,0.00011,0.00000,0.99421
56.70000,1.02194,0.00429,0.00009,0.00000,0.99561
56.84000,1.02194,0.00684,0.00007,0.00000,0.99309
56.98000,1.02194,0.00793,0.00005,0.00000,0.99202
57.12000,1.02194,0.00439,0.00002,0.00000,0.99559
57.26000,1.02194,0.00361,0.00011,0.00000,0.99628
57.40000,1.02193,0.00225,0.00007,0.00000,0.99767
57.54000,1.02194,0.00197,0.00016,0.00000,0.99788
57.68000,1.02194,0.00161,0.00024,0.00000,0.99815
57.82000,1.02194,0.00197,0.00101,0.00000,0.99701
57.96000,1.02194,0.00182,0.00084,0.00000,0.99734
58.10000,1.02194,0.00577,0.00105,0.00001,0.99318
58.24000,1.02193,0.00559,0.00044,0.00001,0.99397
58.38000,1.02194,0.00887,0.00061,0.00004,0.99049
58.52000,1.02194,0.01166,0.00039,0.00006,0.98789
58.66000,1.02194,0.01468,0.00029,0.00011,0.98492
58.80000,1.02194,0.01702,0.00039,0.00019,0.98240
58.94000,1.02194,0.01619,0.00034,0.00014,0.98333
59.08000,1.02193,0.01535,0.00022,0.00009,0.98434
59.22000,1.02193,0.01515,0.00020,0.00009,0.98456
59.36000,1.02194,0.01428,0.00024,0.00010,0.98538
59.50000,1.02194,0.01666,0.00002,0.00001,0.98331
59.64000,1.02194,0.01597,0.00006,0.00000,0.98396
59.78000,1.02194,0.00718,0.00002,0.00000,0.99280
59.92000,1.02194,0.00453,0.00004,0.00000,0.99543
60.06000,1.02193,0.00439,0.00003,0.00000,0.99558
60.20000,1.02194,0.00350,0.00003,0.00000,0.99648
60.34000,1.02194,0.00263,0.00001,0.00000,0.99736
60.48000,1.02194,0.00183,0.00014,0.00000,0.99803
60.62000,1.02194,0.00163,0.00001,0.00000,0.99836
60.76000,1.02194,0.00247,0.00001,0.00000,0.99752
60.90000,1.02193,0.00281,0.00002,0.00000,0.99717
61.04000,1.02194,0.00224,0.00007,0.00000,0.99769
61.18000,1.02194,0.00362,0.00003,0.00000,0.99635
61.32000,1.02194,0.00217,0.00010,0.00000,0.99773
61.46000,1.02194,0.00245,0.00003,0.00000,0.99752
61.60000,1.02194,0.00186,0.00007,0.00000,0.99807
61.74000,1.02193,0.00174,0.00006,0.00000,0.99820
61.88000,1.02194,0.00183,0.00002,0.00000,0.99815
62.02000,1.02194,0.00156,0.00002,0.00000,0.99842
62.16000,1.02194,0.00198,0.00009,0.00000,0.99793
62.30000,1.02194,0.00212,0.00008,0.00000,0.99779
62.44000,1.02194,0.00197,0.00002,0.00000,0.99801
62.58000,1.02193,0.00203,0.00002,0.00000,0.99794
62.72000,1.02193,0.00166,0.00001,0.00000,0.99833
62.86000,1.02194,0.00151,0.00008,0.00000,0.99840
63.00000,1.02193,0.00099,0.00004,0.00000,0.99897
63.14000,1.02193,0.00127,0.00004,0.00000,0.99869
63.28000,1.02194,0.00145,0.00003,0.00000,0.99852
63.42000,1.02194,0.00205,0.00002,0.00000,0.99793
63.56000,1.02194,0.00158,0.00003,0.00000,0.99839
63.70000,1.02194,0.00285,0.00011,0.00000,0.99704
63.84000,1.02194,0.00327,0.00003,0.00000,0.99670
63.98000,1.02194,0.00521,0.00001,0.00000,0.99477
64.12000,1.02193,0.00434,0.00005,0.00000,0.99561
64.26000,1.02193,0.00380,0.00006,0.00000,0.99614
64.40000,1.02193,0.00420,0.00013,0.00000,0.99567
64.54000,1.02193,0.00324,0.00013,0.00000,0.99662
64.68000,1.02193,0.00218,0.00007,0.00000,0.99775
64.82000,1.02193,0.00177,0.00005,0.00000,0.99817
64.96000,1.02194,0.00159,0.00010,0.00000,0.99831
65.10000,1.02194,0.00149,0.00008,0.00000,0.99843
65.24000,1.02194,0.00103,0.00007,0.00000,0.99890
65.38000,1.02194,0.00209,0.00027,0.00000,0.99764
65.52000,1.02194,0.00177,0.00008,0.00000,0.99815
65.66000,1.02193,0.00288,0.00010,0.00000,0.99702
65.80000,1.02193,0.00344,0.00034,0.00000,0.99623
65.94000,1.02193,0.00302,0.00028,0.00000,0.99669
66.08000,1.02193,0.00247,0.00017,0.00000,0.99735
66.22000,1.02193,0.00329,0.00030,0.00000,0.99641
66.36000,1.02193,0.00519,0.00040,0.00001,0.99440
66.50000,1.02193,0.00538,0.00024,0.00001,0.99436
66.64000,1.02193,0.00435,0.00022,0.00001,0.99542
66.78000,1.02194,0.00569,0.00006,0.00000,0.99424
66.92000,1.02194,0.01024,0.00012,0.00000,0.98964
67.06000,1.02194,0.00886,0.00013,0.00000,0.99101
67.20000,1.02194,0.00911,0.00008,0.00000,0.99080
67.34000,1.02194,0.00665,0.00003,0.00000,0.99332
67.48000,1.02193,0.00639,0.00003,0.00000,0.99357
67.62000,1.02193,0.00457,0.00008,0.00000,0.99536
67.76000,1.02193,0.01358,0.00175,0.00000,0.98468
67.90000,1.02193,0.00344,0.00020,0.00000,0.99636
68.04000,1.02193,0.00375,0.00007,0.00000,0.99618
68.18000,1.02193,0.00479,0.00014,0.00000,0.99507
68.32000,1.02193,0.00542,0.00056,0.00000,0.99402
68.46000,1.02194,0.00594,0.00045,0.00000,0.99361
68.60000,1.02194,0.00499,0.00020,0.00000,0.99481
68.74000,1.02194,0.00213,0.00007,0.00000,0.99780
68.88000,1.02194,0.00317,0.00023,0.00000,0.99659
69.02000,1.02194,0.00153,0.00012,0.00000,0.99835
69.16000,1.02193,0.00104,0.00005,0.00000,0.99891
69.30000,1.02193,0.00155,0.00004,0.00000,0.99841
69.44000,1.02193,0.00182,0.00027,0.00000,0.99791
69.58000,1.02193,0.00166,0.00003,0.00000,0.99831
69.72000,1.02193,0.00156,0.00004,0.00000,0.99840
69.86000,1.02193,0.00215,0.00010,0.00000,0.99774
70.00000,1.02193,0.00221,0.00017,0.00000,0.99762
70.14000,1.02193,0.00217,0.00029,0.00000,0.99754
70.28000,1.02194,0.00276,0.00077,0.00000,0.99647
70.42000,1.02194,0.00153,0.00029,0.00000,0.99819
70.56000,1.02194,0.00134,0.00039,0.00000,0.99827
70.70000,1.02194,0.00214,0.00098,0.00000,0.99688
70.84000,1.02194,0.00198,0.00073,0.00000,0.99729
70.98000,1.02193,0.00230,0.00047,0.00000,0.99723
71.12000,1.02193,0.00439,0.00052,0.00001,0.99508
71.26000,1.02193,0.00617,0.00036,0.00001,0.99346
71.40000,1.02193,0.00598,0.00030,0.00001,0.99371
71.54000,1.02193,0.00615,0.00027,0.00001,0.99357
71.68000,1.02193,0.00741,0.00024,0.00002,0.99234
71.82000,1.02193,0.00591,0.00026,0.00001,0.99382
71.96000,1.02194,0.00504,0.00024,0.00001,0.99471
72.10000,1.02194,0.00471,0.00031,0.00001,0.99497
72.24000,1.02194,0.00643,0.00025,0.00002,0.99330
72.38000,1.02194,0.00836,0.00024,0.00003,0.99137
72.52000,1.02194,0.00747,0.00041,0.00001,0.99211
72.66000,1.02193,0.00374,0.00020,0.00000,0.99605
72.80000,1.02193,0.00469,0.00002,0.00000,0.99529
72.94000,1.02193,0.00612,0.00003,0.00000,0.99385
73.08000,1.02193,0.00505,0.00003,0.00000,0.99492
73.22000,1.02193,0.00391,0.00001,0.00000,0.99608
73.36000,1.02193,0.00586,0.00013,0.00000,0.99402
73.50000,1.02193,0.00361,0.00001,0.00000,0.99638
73.64000,1.02193,0.00337,0.00002,0.00000,0.99661
73.78000,1.02194,0.00393,0.00020,0.00000,0.99587
73.92000,1.02194,0.00269,0.00010,0.00000,0.99721
74.06000,1.02194,0.00325,0.00007,0.00000,0.99668
74.20000,1.02194,0.00387,0.00021,0.00000,0.99592
74.34000,1.02194,0.00537,0.00037,0.00001,0.99426
74.48000,1.02193,0.00671,0.00043,0.00002,0.99284
74.62000,1.02193,0.00731,0.00040,0.00002,0.99227
74.76000,1.02193,0.00817,0.00063,0.00007,0.99114
74.90000,1.02193,0.00784,0.00050,0.00005,0.99162
75.04000,1.02193,0.00657,0.00049,0.00004,0.99290
75.18000,1.02193,0.01020,0.00044,0.00007,0.98929
75.32000,1.02193,0.00816,0.00033,0.00002,0.99149
75.46000,1.02194,0.00658,0.00004,0.00000,0.99337
75.60000,1.02194,0.00368,0.00001,0.00000,0.99631
75.74000,1.02194,0.00198,0.00001,0.00000,0.99801
75.88000,1.02194,0.00208,0.00004,0.00000,0.99788
76.02000,1.02194,0.00118,0.00001,0.00000,0.99881
76.16000,1.02193,0.00108,0.00000,0.00000,0.99891
76.30000,1.02193,0.00152,0.00005,0.00000,0.99843
76.44000,1.02193,0.00145,0.00005,0.00000,0.99850
76.58000,1.02193,0.00126,0.00003,0.00000,0.99870
76.72000,1.02193,0.00245,0.00002,0.00000,0.99753
76.86000,1.02193,0.00419,0.00011,0.00000,0.99571
77.00000,1.02193,0.00610,0.00010,0.00000,0.99380
77.14000,1.02193,0.00588,0.00013,0.00000,0.99399
77.28000,1.02194,0.00786,0.00016,0.00002,0.99196
77.42000,1.02194,0.01007,0.00037,0.00006,0.98950
77.56000,1.02194,0.01378,0.00032,0.00009,0.98580
77.70000,1.02194,0.01154,0.00017,0.00003,0.98826
77.84000,1.02194,0.00760,0.00004,0.00000,0.99236
77.98000,1.02193,0.00646,0.00002,0.00000,0.99352
78.12000,1.02193,0.00507,0.00003,0.00000,0.99490
78.26000,1.02193,0.00355,0.00004,0.00000,0.99641
78.40000,1.02193,0.00284,0.00002,0.00000,0.99714
78.54000,1.02193,0.00434,0.00003,0.00000,0.99562
78.68000,1.02193,0.00530,0.00016,0.00000,0.99454
78.82000,1.02193,0.00568,0.00008,0.00000,0.99424
78.96000,1.02194,0.00517,0.00005,0.00000,0.99478
79.10000,1.02194,0.00754,0.00006,0.00000,0.99240
79.24000,1.02194,0.00477,0.00006,0.00000,0.99517
79.38000,1.02194,0.00388,0.00003,0.00000,0.99609
79.52000,1.02194,0.00282,0.00001,0.00000,0.99717
79.66000,1.02193,0.00528,0.00000,0.00000,0.99472
79.80000,1.02193,0.00328,0.00000,0.00000,0.99672
79.94000,1.02193,0.00189,0.00000,0.00000,0.99810
80.08000,1.02193,0.00184,0.00001,0.00000,0.99815
80.22000,1.02193,0.00133,0.00001,0.00000,0.99866
80.36000,1.02193,0.00112,0.00000,0.00000,0.99888
80.50000,1.02193,0.00185,0.00001,0.00000,0.99814
80.64000,1.02193,0.00136,0.00006,0.00000,0.99857
80.78000,1.02194,0.00172,0.00001,0.00000,0.99827
80.92000,1.02194,0.00228,0.00000,0.00000,0.99772
81.06000,1.02194,0.00378,0.00000,0.00000,0.99622
81.20000,1.02194,0.00582,0.00000,0.00000,0.99417
81.34000,1.02194,0.00709,0.00001,0.00000,0.99290
81.48000,1.02193,0.00783,0.00002,0.00000,0.99215
81.62000,1.02193,0.00943,0.00001,0.00000,0.99056
81.76000,1.02193,0.00579,0.00002,0.00000,0.99419
81.90000,1.02193,0.00451,0.00005,0.00000,0.99544
82.04000,1.02193,0.00577,0.00001,0.00000,0.99422
82.18000,1.02193,0.00465,0.00002,0.00000,0.99534
82.32000,1.02193,0.00455,0.00001,0.00000,0.99544
82.46000,1.02194,0.00264,0.00000,0.00000,0.99736
82.60000,1.02194,0.00250,0.00000,0.00000,0.99749
82.74000,1.02194,0.00228,0.00000,0.00000,0.99772
82.88000,1.02194,0.00296,0.00001,0.00000,0.99703
83.02000,1.02194,0.00175,0.00002,0.00000,0.99823
83.16000,1.02193,0.00252,0.00004,0.00000,0.99744
83.30000,1.02193,0.00257,0.00006,0.00000,0.99737
83.44000,1.02193,0.00284,0.00006,0.00000,0.99711
83.58000,1.02193,0.00185,0.00010,0.00000,0.99805
83.72000,1.02193,0.00109,0.00029,0.00000,0.99862
83.86000,1.02193,0.00072,0.00095,0.00000,0.99833
84.00000,1.02193,0.00094,0.00089,0.00000,0.99817
84.14000,1.02193,0.00068,0.00073,0.00000,0.99860
84.28000,1.02194,0.00064,0.00065,0.00000,0.99871
84.42000,1.02194,0.00092,0.00061,0.00000,0.99847
84.56000,1.02194,0.00142,0.00005,0.00000,0.99853
84.70000,1.02194,0.00300,0.00012,0.00000,0.99689
84.84000,1.02194,0.00227,0.00002,0.00000,0.99771
84.98000,1.02193,0.00207,0.00002,0.00000,0.99791
85.12000,1.02193,0.00276,0.00003,0.00000,0.99721
85.26000,1.02193,0.00439,0.00005,0.00000,0.99556
85.40000,1.02193,0.00415,0.00003,0.00000,0.99583
85.54000,1.02193,0.00584,0.00006,0.00000,0.99410
85.68000,1.02193,0.00560,0.00003,0.00000,0.99437
85.82000,1.02193,0.00825,0.00010,0.00000,0.99164
85.96000,1.02194,0.01039,0.00018,0.00001,0.98941
86.10000,1.02194,0.01117,0.00032,0.00005,0.98846
86.24000,1.02194,0.02078,0.00030,0.00020,0.97872
86.38000,1.02194,0.01877,0.00019,0.00010,0.98094
86.52000,1.02194,0.01737,0.00019,0.00007,0.98236
86.66000,1.02193,0.01464,0.00016,0.00004,0.98517
86.80000,1.02193,0.00960,0.00012,0.00001,0.99027
86.94000,1.02193,0.02915,0.00026,0.00000,0.97059
87.08000,1.02193,0.06762,0.00109,0.00000,0.93129
87.22000,1.02193,0.04024,0.00012,0.00000,0.95964
87.36000,1.02193,0.05005,0.00030,0.00000,0.94965
87.50000,1.02193,0.07716,0.00057,0.00000,0.92227
87.64000,1.02193,0.04446,0.00019,0.00000,0.95535
87.78000,1.02194,0.09111,0.00052,0.00000,0.90837
87.92000,1.02194,0.01249,0.00007,0.00000,0.98744
88.06000,1.02194,0.01591,0.00020,0.00000,0.98389
88.20000,1.02194,0.00826,0.00013,0.00000,0.99161
88.34000,1.02194,0.00724,0.00005,0.00000,0.99271
88.48000,1.02193,0.00845,0.00057,0.00002,0.99095
88.62000,1.02193,0.00602,0.00020,0.00001,0.99377
88.76000,1.02193,0.00537,0.00012,0.00000,0.99451
88.90000,1.02193,0.00693,0.00009,0.00000,0.99298
89.04000,1.02193,0.00541,0.00023,0.00000,0.99435
89.18000,1.02193,0.00958,0.00009,0.00001,0.99032
89.32000,1.02193,0.00801,0.00009,0.00000,0.99190
89.46000,1.02194,0.00796,0.00013,0.00000,0.99191
89.60000,1.02194,0.00674,0.00033,0.00002,0.99291
89.74000,1.02194,0.00908,0.00032,0.00004,0.99056
89.88000,1.02194,0.00915,0.00044,0.00006,0.99035
90.02000,1.02194,0.00847,0.00035,0.00004,0.99114
90.16000,1.02193,0.00486,0.00008,0.00001,0.99506
90.30000,1.02193,0.00693,0.00009,0.00001,0.99297
90.44000,1.02193,0.00750,0.00009,0.00000,0.99240
90.58000,1.02193,0.00659,0.00015,0.00000,0.99326
90.72000,1.02193,0.00527,0.00020,0.00000,0.99452
90.86000,1.02193,0.00463,0.00012,0.00000,0.99524
91.00000,1.02193,0.00592,0.00035,0.00000,0.99373
91.14000,1.02193,0.00643,0.00051,0.00000,0.99305
91.28000,1.02194,0.00896,0.00071,0.00000,0.99032
91.42000,1.02194,0.00745,0.00017,0.00001,0.99236
91.56000,1.02194,0.00972,0.00019,0.00002,0.99007
91.70000,1.02194,0.00742,0.00013,0.00000,0.99244
91.84000,1.02194,0.00800,0.00015,0.00001,0.99184
91.98000,1.02193,0.00643,0.00008,0.00000,0.99349
92.12000,1.02193,0.00364,0.00018,0.00000,0.99617
92.26000,1.02193,0.00210,0.00008,0.00000,0.99782
92.40000,1.02193,0.00248,0.00018,0.00000,0.99734
92.54000,1.02193,0.00164,0.00020,0.00000,0.99816
92.68000,1.02193,0.00197,0.00018,0.00000,0.99785
92.82000,1.02193,0.00107,0.00003,0.00000,0.99890
92.96000,1.02194,0.00131,0.00005,0.00000,0.99864
93.10000,1.02194,0.00175,0.00005,0.00000,0.99820
93.24000,1.02194,0.00343,0.00035,0.00000,0.99622
93.38000,1.02194,0.00271,0.00012,0.00000,0.99717
93.52000,1.02194,0.00455,0.00019,0.00000,0.99525
93.66000,1.02193,0.00777,0.00033,0.00002,0.99189
93.80000,1.02193,0.01211,0.00086,0.00002,0.98701
93.94000,1.02193,0.01261,0.00090,0.00001,0.98648
94.08000,1.02193,0.01262,0.00174,0.00001,0.98562
94.22000,1.02193,0.01148,0.00073,0.00001,0.98778
94.36000,1.02193,0.01071,0.00066,0.00000,0.98863
94.50000,1.02193,0.01110,0.00065,0.00000,0.98825
94.64000,1.02193,0.00907,0.00171,0.00001,0.98920
94.78000,1.02194,0.00645,0.00056,0.00002,0.99297
94.92000,1.02194,0.00740,0.00021,0.00001,0.99238
95.06000,1.02194,0.00551,0.00007,0.00000,0.99441
95.20000,1.02194,0.00486,0.00004,0.00000,0.99510
95.34000,1.02194,0.00523,0.00005,0.00000,0.99473
95.48000,1.02193,0.00256,0.00004,0.00000,0.99740
95.62000,1.02193,0.00183,0.00001,0.00000,0.99816
95.76000,1.02193,0.00352,0.00003,0.00000,0.99645
95.90000,1.02193,0.00322,0.00005,0.00000,0.99673
96.04000,1.02193,0.00173,0.00004,0.00000,0.99823
96.18000,1.02193,0.00127,0.00003,0.00000,0.99870
96.32000,1.02193,0.00166,0.00003,0.00000,0.99831
96.46000,1.02194,0.00425,0.00005,0.00000,0.99569
96.60000,1.02194,0.00331,0.00036,0.00000,0.99633
96.74000,1.02194,0.00600,0.00013,0.00000,0.99387
96.88000,1.02194,0.01652,0.00009,0.00000,0.98339
97.02000,1.02194,0.01046,0.00002,0.00000,0.98952
97.16000,1.02193,0.00631,0.00002,0.00000,0.99367
97.30000,1.02193,0.00485,0.00001,0.00000,0.99514
97.44000,1.02193,0.00454,0.00002,0.00000,0.99544
97.58000,1.02193,0.00377,0.00001,0.00000,0.99621
97.72000,1.02193,0.00291,0.00020,0.00000,0.99689
97.86000,1.02193,0.00146,0.00007,0.00000,0.99846
98.00000,1.02193,0.00191,0.00023,0.00000,0.99786
98.14000,1.02193,0.00291,0.00004,0.00000,0.99705
98.28000,1.02194,0.00336,0.00002,0.00000,0.99662
98.42000,1.02194,0.00185,0.00004,0.00000,0.99811
98.56000,1.02194,0.00190,0.00006,0.00000,0.99805
98.70000,1.02194,0.00306,0.00013,0.00000,0.99682
98.84000,1.02194,0.00406,0.00006,0.00000,0.99588
98.98000,1.02193,0.00467,0.00005,0.00000,0.99528
99.12000,1.02193,0.00642,0.00033,0.00001,0.99324
99.26000,1.02193,0.00892,0.00037,0.00009,0.99062
99.40000,1.02193,0.01598,0.00021,0.00015,0.98366
99.54000,1.02193,0.03134,0.00039,0.00069,0.96758
99.68000,1.02193,0.02367,0.00015,0.00023,0.97594
99.82000,1.02193,0.01720,0.00006,0.00003,0.98271
99.96000,1.02194,0.01301,0.00005,0.00001,0.98693
100.10000,1.02194,0.01408,0.00032,0.00004,0.98556
100.24000,1.02194,0.01077,0.00010,0.00001,0.98912
100.38000,1.02194,0.00687,0.00009,0.00000,0.99304
100.52000,1.02194,0.00255,0.00004,0.00000,0.99741
100.66000,1.02193,0.00238,0.00035,0.00000,0.99726
100.80000,1.02193,0.00393,0.00123,0.00001,0.99483
100.94000,1.02193,0.00259,0.00054,0.00001,0.99687
101.08000,1.02193,0.00172,0.00052,0.00000,0.99776
101.22000,1.02193,0.00162,0.00065,0.00000,0.99773
101.36000,1.02193,0.00195,0.00070,0.00000,0.99735
101.50000,1.02193,0.00240,0.00044,0.00000,0.99716
101.64000,1.02193,0.00215,0.00037,0.00000,0.99748
101.78000,1.02194,0.00136,0.00037,0.00000,0.99827
101.92000,1.02194,0.00162,0.00019,0.00000,0.99819
102.06000,1.02194,0.00138,0.00017,0.00000,0.99845
102.20000,1.02194,0.00251,0.00016,0.00000,0.99733
102.34000,1.02194,0.00192,0.00013,0.00000,0.99795
102.48000,1.02193,0.00247,0.00022,0.00000,0.99731
102.62000,1.02193,0.00291,0.00027,0.00000,0.99682
102.76000,1.02193,0.00347,0.00020,0.00000,0.99632
102.90000,1.02193,0.00356,0.00066,0.00001,0.99577
103.04000,1.02193,0.00326,0.00039,0.00000,0.99634
103.18000,1.02193,0.00305,0.00086,0.00000,0.99609
103.32000,1.02193,0.00212,0.00053,0.00000,0.99735
103.46000,1.02194,0.00224,0.00110,0.00000,0.99667
103.60000,1.02194,0.00179,0.00136,0.00000,0.99685
103.74000,1.02194,0.00207,0.00112,0.00000,0.99681
103.88000,1.02194,0.00185,0.00083,0.00000,0.99732
104.02000,1.02194,0.00191,0.00102,0.00000,0.99706
104.16000,1.02193,0.00203,0.00091,0.00000,0.99705
104.30000,1.02193,0.00369,0.00169,0.00000,0.99462
104.44000,1.02193,0.00318,0.00050,0.00000,0.99632
104.58000,1.02193,0.00294,0.00031,0.00000,0.99675
104.72000,1.02193,0.00259,0.00075,0.00000,0.99667
104.86000,1.02193,0.00226,0.00078,0.00000,0.99696
105.00000,1.02193,0.00196,0.00022,0.00000,0.99781
105.14000,1.02193,0.00179,0.00035,0.00000,0.99786
105.28000,1.02194,0.00198,0.00054,0.00000,0.99749
105.42000,1.02194,0.00193,0.00031,0.00000,0.99775
105.56000,1.02194,0.00318,0.00041,0.00000,0.99641
105.70000,1.02194,0.00310,0.00035,0.00000,0.99655
105.84000,1.02194,0.00368,0.00032,0.00000,0.99599
105.98000,1.02193,0.00538,0.00053,0.00003,0.99407
106.12000,1.02193,0.00500,0.00055,0.00002,0.99443
106.26000,1.02193,0.00525,0.00078,0.00003,0.99395
106.40000,1.02193,0.00390,0.00058,0.00001,0.99550
106.54000,1.02193,0.00406,0.00065,0.00001,0.99528
106.68000,1.02193,0.00689,0.00071,0.00005,0.99236
106.82000,1.02193,0.00487,0.00065,0.00002,0.99446
106.96000,1.02194,0.00476,0.00069,0.00002,0.99452
107.10000,1.02194,0.00725,0.00055,0.00005,0.99216
107.24000,1.02194,0.00961,0.00046,0.00007,0.98987
107.38000,1.02194,0.01040,0.00036,0.00006,0.98918
107.52000,1.02194,0.00944,0.00032,0.00004,0.99020
107.66000,1.02193,0.00708,0.00028,0.00002,0.99262
107.80000,1.02193,0.00975,0.00019,0.00002,0.99004
107.94000,1.02193,0.00822,0.00014,0.00001,0.99163
108.08000,1.02193,0.00585,0.00019,0.00001,0.99395
108.22000,1.02193,0.00447,0.00025,0.00000,0.99527
108.36000,1.02193,0.00322,0.00035,0.00000,0.99643
108.50000,1.02193,0.00246,0.00041,0.00000,0.99713
108.64000,1.02193,0.00203,0.00039,0.00000,0.99758
108.78000,1.02194,0.00185,0.00053,0.00000,0.99761
108.92000,1.02194,0.00167,0.00063,0.00000,0.99770
109.06000,1.02194,0.00154,0.00060,0.00000,0.99786
109.20000,1.02194,0.00219,0.00038,0.00000,0.99742
109.34000,1.02194,0.00238,0.00022,0.00000,0.99740
109.48000,1.02193,0.00250,0.00016,0.00000,0.99734
109.62000,1.02193,0.00235,0.00014,0.00000,0.99751
109.76000,1.02193,0.00532,0.00017,0.00000,0.99451
109.90000,1.02193,0.00292,0.00001,0.00000,0.99707
110.04000,1.02193,0.00719,0.00002,0.00000,0.99279
110.18000,1.02193,0.00660,0.00002,0.00000,0.99339
110.32000,1.02193,0.00633,0.00000,0.00000,0.99367
110.46000,1.02194,0.00354,0.00000,0.00000,0.99645
110.60000,1.02194,0.00909,0.00001,0.00000,0.99089
110.74000,1.02194,0.01067,0.00003,0.00000,0.98930
110.88000,1.02194,0.00965,0.00009,0.00000,0.99027
111.02000,1.02194,0.00848,0.00016,0.00000,0.99135
111.16000,1.02193,0.01106,0.00007,0.00000,0.98887
111.30000,1.02193,0.00622,0.00009,0.00000,0.99369
111.44000,1.02193,0.00942,0.00007,0.00000,0.99051
111.58000,1.02193,0.00576,0.00018,0.00000,0.99406
111.72000,1.02193,0.00152,0.00006,0.00000,0.99843
111.86000,1.02193,0.00328,0.00009,0.00000,0.99664
112.00000,1.02193,0.00456,0.00007,0.00000,0.99537
112.14000,1.02193,0.00507,0.00026,0.00000,0.99467
112.28000,1.02194,0.00356,0.00010,0.00000,0.99633
112.42000,1.02194,0.00408,0.00029,0.00000,0.99563
112.56000,1.02194,0.00599,0.00015,0.00000,0.99387
112.70000,1.02194,0.00934,0.00026,0.00000,0.99040
112.84000,1.02194,0.00313,0.00002,0.00000,0.99684
112.98000,1.02193,0.00262,0.00016,0.00000,0.99722
113.12000,1.02193,0.00271,0.00027,0.00000,0.99703
113.26000,1.02193,0.00268,0.00041,0.00000,0.99691
113.40000,1.02193,0.00394,0.00040,0.00000,0.99566
113.54000,1.02193,0.00194,0.00018,0.00000,0.99788
113.68000,1.02193,0.00144,0.00016,0.00000,0.99839
113.82000,1.02193,0.00140,0.00045,0.00000,0.99815
113.96000,1.02194,0.00123,0.00028,0.00000,0.99849
114.10000,1.02194,0.00184,0.00025,0.00000,0.99791
114.24000,1.02194,0.00280,0.00027,0.00000,0.99692
114.38000,1.02194,0.00381,0.00027,0.00001,0.99592
114.52000,1.02194,0.00677,0.00034,0.00001,0.99288
114.66000,1.02193,0.00974,0.00023,0.00003,0.99000
114.80000,1.02193,0.01108,0.00034,0.00005,0.98854
114.94000,1.02193,0.00912,0.00039,0.00004,0.99046
115.08000,1.02193,0.00711,0.00035,0.00002,0.99252
115.22000,1.02193,0.00623,0.00033,0.00001,0.99343
115.36000,1.02193,0.00508,0.00034,0.00001,0.99457
115.50000,1.02193,0.00301,0.00034,0.00000,0.99664
115.64000,1.02193,0.00353,0.00038,0.00001,0.99609
115.78000,1.02194,0.00423,0.00031,0.00001,0.99545
115.92000,1.02194,0.00437,0.00024,0.00001,0.99538
116.06000,1.02194,0.00267,0.00034,0.00000,0.99699
116.20000,1.02194,0.00174,0.00042,0.00000,0.99783
116.34000,1.02194,0.00167,0.00021,0.00000,0.99812
116.48000,1.02193,0.00176,0.00009,0.00000,0.99815
116.62000,1.02193,0.00103,0.00017,0.00000,0.99880
116.76000,1.02193,0.00123,0.00017,0.00000,0.99860
116.90000,1.02193,0.00160,0.00018,0.00000,0.99822
117.04000,1.02193,0.00215,0.00001,0.00000,0.99784
117.18000,1.02193,0.00277,0.00013,0.00000,0.99709
117.32000,1.02193,0.00168,0.00005,0.00000,0.99827
117.46000,1.02194,0.00289,0.00006,0.00000,0.99706
117.60000,1.02194,0.00270,0.00004,0.00000,0.99726
117.74000,1.02194,0.00246,0.00013,0.00000,0.99742
117.88000,1.02194,0.00366,0.00005,0.00000,0.99628
118.02000,1.02194,0.00436,0.00025,0.00001,0.99538
118.16000,1.02193,0.00747,0.00022,0.00002,0.99229
118.30000,1.02193,0.00495,0.00031,0.00000,0.99473
118.44000,1.02193,0.00287,0.00041,0.00000,0.99672
118.58000,1.02193,0.00320,0.00068,0.00000,0.99612
118.72000,1.02193,0.00241,0.00060,0.00000,0.99699
118.86000,1.02193,0.00127,0.00120,0.00000,0.99753
119.00000,1.02193,0.00091,0.00082,0.00000,0.99827
119.14000,1.02193,0.00099,0.00106,0.00000,0.99795
119.28000,1.02194,0.00102,0.00059,0.00000,0.99839
119.42000,1.02194,0.00090,0.00068,0.00000,0.99842
119.56000,1.02194,0.00085,0.00022,0.00000,0.99894
119.70000,1.02194,0.00088,0.00026,0.00000,0.99886
119.84000,1.02194,0.00090,0.00021,0.00000,0.99889
119.98000,1.02193,0.00132,0.00072,0.00000,0.99796
120.12000,1.02193,0.00135,0.00067,0.00000,0.99797
120.26000,1.02193,0.00191,0.00037,0.00000,0.99772
120.40000,1.02193,0.00266,0.00077,0.00001,0.99656
120.54000,1.02193,0.00269,0.00070,0.00001,0.99660
120.68000,1.02193,0.00313,0.00069,0.00001,0.99616
120.82000,1.02193,0.00541,0.00052,0.00004,0.99403
120.96000,1.02194,0.00396,0.00037,0.00001,0.99567
121.10000,1.02194,0.00343,0.00020,0.00000,0.99636
121.24000,1.02194,0.00275,0.00019,0.00000,0.99706
121.38000,1.02194,0.00293,0.00034,0.00000,0.99673
121.52000,1.02194,0.00351,0.00038,0.00001,0.99611
121.66000,1.02193,0.00315,0.00027,0.00000,0.99658
121.80000,1.02193,0.00340,0.00113,0.00001,0.99546
121.94000,1.02193,0.00357,0.00064,0.00001,0.99578
122.08000,1.02193,0.00474,0.00056,0.00000,0.99470
122.22000,1.02193,0.00486,0.00061,0.00001,0.99452
122.36000,1.02193,0.00404,0.00051,0.00000,0.99545
122.50000,1.02193,0.00342,0.00087,0.00000,0.99571
122.64000,1.02193,0.00279,0.00078,0.00000,0.99643
122.78000,1.02194,0.00305,0.00045,0.00000,0.99650
122.92000,1.02194,0.00455,0.00126,0.00001,0.99419
123.06000,1.02194,0.00331,0.00089,0.00001,0.99579
123.20000,1.02194,0.00350,0.00022,0.00001,0.99627
123.34000,1.02194,0.00459,0.00021,0.00001,0.99518
123.48000,1.02193,0.00498,0.00034,0.00002,0.99466
123.62000,1.02193,0.00518,0.00027,0.00002,0.99452
123.76000,1.02193,0.00491,0.00022,0.00002,0.99486
123.90000,1.02193,0.00455,0.00027,0.00002,0.99515
124.04000,1.02193,0.00561,0.00046,0.00004,0.99389
124.18000,1.02193,0.00427,0.00070,0.00004,0.99500
124.32000,1.02193,0.00491,0.00071,0.00004,0.99434
124.46000,1.02194,0.00423,0.00066,0.00002,0.99509
124.60000,1.02194,0.00330,0.00066,0.00002,0.99602
124.74000,1.02194,0.00360,0.00061,0.00002,0.99578
124.88000,1.02194,0.00358,0.00046,0.00001,0.99594
125.02000,1.02194,0.00243,0.00054,0.00001,0.99702
125.16000,1.02193,0.00278,0.00061,0.00001,0.99661
125.30000,1.02193,0.00475,0.00058,0.00003,0.99464
125.44000,1.02193,0.00655,0.00032,0.00002,0.99312
125.58000,1.02193,0.00333,0.00035,0.00000,0.99632
125.72000,1.02193,0.00301,0.00051,0.00001,0.99646
125.86000,1.02193,0.00407,0.00051,0.00001,0.99541
126.00000,1.02193,0.00323,0.00064,0.00001,0.99613
126.14000,1.02193,0.00219,0.00011,0.00000,0.99770
126.28000,1.02194,0.00209,0.00011,0.00000,0.99780
126.42000,1.02194,0.00342,0.00056,0.00000,0.99602
126.56000,1.02194,0.00305,0.00012,0.00000,0.99682
126.70000,1.02194,0.00276,0.00005,0.00000,0.99719
126.84000,1.02194,0.00479,0.00004,0.00000,0.99516
126.98000,1.02193,0.00628,0.00008,0.00000,0.99363
127.12000,1.02193,0.00487,0.00011,0.00000,0.99502
127.26000,1.02193,0.00453,0.00008,0.00000,0.99539
127.40000,1.02193,0.00721,0.00023,0.00000,0.99255
127.54000,1.02193,0.00725,0.00046,0.00000,0.99229
127.68000,1.02193,0.00502,0.00078,0.00000,0.99420
127.82000,1.02193,0.00244,0.00035,0.00000,0.99722
127.96000,1.02193,0.00215,0.00052,0.00000,0.99734
128.10001,1.02193,0.00304,0.00058,0.00000,0.99638
128.24001,1.02193,0.00148,0.00041,0.00000,0.99811
128.38000,1.02193,0.00184,0.00077,0.00000,0.99739
128.52000,1.02193,0.00129,0.00021,0.00000,0.99850
128.66000,1.02193,0.00122,0.00017,0.00000,0.99861
128.80000,1.02193,0.00141,0.00020,0.00000,0.99840
128.94000,1.02194,0.00173,0.00030,0.00000,0.99797
129.08000,1.02194,0.00145,0.00018,0.00000,0.99837
129.22000,1.02194,0.00136,0.00035,0.00000,0.99829
129.36000,1.02194,0.00161,0.00048,0.00000,0.99791
129.50000,1.02194,0.00194,0.00052,0.00000,0.99754
129.64000,1.02194,0.00230,0.00013,0.00000,0.99756
129.78000,1.02194,0.00248,0.00010,0.00000,0.99742
129.92000,1.02194,0.00264,0.00020,0.00000,0.99715
130.06000,1.02194,0.00319,0.00028,0.00000,0.99653
130.20000,1.02194,0.00337,0.00013,0.00000,0.99650
130.34000,1.02194,0.00327,0.00010,0.00000,0.99663
130.48000,1.02194,0.00345,0.00016,0.00000,0.99639
130.62000,1.02194,0.00344,0.00044,0.00001,0.99611
130.75999,1.02194,0.00380,0.00048,0.00002,0.99570
130.89999,1.02194,0.00490,0.00039,0.00002,0.99468
131.03999,1.02194,0.00501,0.00045,0.00002,0.99451
131.17999,1.02194,0.00502,0.00041,0.00002,0.99455
131.32001,1.02193,0.00309,0.00044,0.00001,0.99647
131.46001,1.02193,0.00224,0.00044,0.00001,0.99732
131.60001,1.02193,0.00202,0.00056,0.00000,0.99742
131.74001,1.02193,0.00167,0.00046,0.00000,0.99787
131.88000,1.02193,0.00234,0.00068,0.00000,0.99697
132.02000,1.02193,0.00273,0.00056,0.00000,0.99671
132.16000,1.02193,0.00250,0.00066,0.00000,0.99684
132.30000,1.02193,0.00592,0.00048,0.00000,0.99359
132.44000,1.02194,0.01001,0.00064,0.00000,0.98934
132.58000,1.02194,0.01010,0.00021,0.00000,0.98969
132.72000,1.02194,0.01376,0.00016,0.00000,0.98608
132.86000,1.02194,0.01624,0.00009,0.00000,0.98368
133.00000,1.02194,0.01389,0.00011,0.00000,0.98600
133.14000,1.02194,0.01084,0.00002,0.00000,0.98914
133.28000,1.02194,0.01056,0.00001,0.00000,0.98942
133.42000,1.02194,0.00773,0.00001,0.00000,0.99226
133.56000,1.02194,0.00759,0.00003,0.00000,0.99238
133.70000,1.02194,0.00587,0.00005,0.00000,0.99408
133.84000,1.02194,0.00279,0.00004,0.00000,0.99717
133.98000,1.02194,0.00250,0.00002,0.00000,0.99748
134.12000,1.02194,0.00289,0.00054,0.00000,0.99657
134.25999,1.02194,0.00140,0.00007,0.00000,0.99853
134.39999,1.02194,0.00125,0.00010,0.00000,0.99865
134.53999,1.02194,0.00116,0.00014,0.00000,0.99870
134.67999,1.02194,0.00161,0.00003,0.00000,0.99837
134.82001,1.02193,0.00619,0.00008,0.00000,0.99373
134.96001,1.02193,0.01990,0.00069,0.00000,0.97940
135.10001,1.02193,0.01527,0.00040,0.00000,0.98434
135.24001,1.02193,0.01326,0.00039,0.00000,0.98635
135.38000,1.02193,0.01328,0.00015,0.00000,0.98658
135.52000,1.02193,0.02261,0.00044,0.00000,0.97695
135.66000,1.02193,0.01373,0.00058,0.00000,0.98569
135.80000,1.02193,0.00314,0.00004,0.00000,0.99683
135.94000,1.02194,0.00168,0.00004,0.00000,0.99828
136.08000,1.02194,0.00172,0.00007,0.00000,0.99821
136.22000,1.02194,0.00188,0.00012,0.00000,0.99800
136.36000,1.02194,0.00138,0.00026,0.00000,0.99836
136.50000,1.02194,0.00131,0.00025,0.00000,0.99844
136.64000,1.02194,0.00101,0.00030,0.00000,0.99869
136.78000,1.02194,0.00130,0.00045,0.00000,0.99825
136.92000,1.02194,0.00212,0.00026,0.00000,0.99762
137.06000,1.02194,0.00428,0.00085,0.00000,0.99487
137.20000,1.02194,0.00306,0.00061,0.00000,0.99633
137.34000,1.02194,0.00290,0.00056,0.00000,0.99654
137.48000,1.02194,0.00273,0.00039,0.00000,0.99689
137.62000,1.02194,0.00243,0.00049,0.00000,0.99708
137.75999,1.02194,0.00261,0.00065,0.00000,0.99674
137.89999,1.02194,0.00176,0.00027,0.00000,0.99797
138.03999,1.02194,0.00126,0.00034,0.00000,0.99840
138.17999,1.02194,0.00096,0.00071,0.00000,0.99833
138.32001,1.02193,0.00092,0.00026,0.00000,0.99882
138.46001,1.02193,0.00114,0.00010,0.00000,0.99876
138.60001,1.02193,0.00193,0.00008,0.00000,0.99799
138.74001,1.02193,0.00259,0.00012,0.00000,0.99728
138.88000,1.02193,0.00292,0.00043,0.00000,0.99666
139.02000,1.02193,0.00351,0.00046,0.00000,0.99602
139.16000,1.02193,0.00500,0.00040,0.00000,0.99460
139.30000,1.02193,0.00368,0.00096,0.00000,0.99535
139.44000,1.02194,0.00178,0.00126,0.00000,0.99696
139.58000,1.02194,0.00124,0.00190,0.00000,0.99686
139.72000,1.02194,0.00105,0.00581,0.00000,0.99314
139.86000,1.02194,0.00112,0.00502,0.00000,0.99386
140.00000,1.02194,0.00356,0.00244,0.00000,0.99400
140.14000,1.02194,0.00562,0.00570,0.00000,0.98868
140.28000,1.02194,0.00615,0.00333,0.00000,0.99052
140.42000,1.02194,0.02028,0.00988,0.00000,0.96984
140.56000,1.02194,0.02850,0.01901,0.00001,0.95248
140.70000,1.02194,0.01702,0.00392,0.00002,0.97904
140.84000,1.02194,0.01407,0.01003,0.00004,0.97585
140.98000,1.02194,0.00363,0.00600,0.00000,0.99037
141.12000,1.02194,0.00373,0.00570,0.00000,0.99057
141.25999,1.02194,0.00364,0.00385,0.00000,0.99251
141.39999,1.02194,0.00325,0.00108,0.00000,0.99567
141.53999,1.02194,0.00303,0.00123,0.00000,0.99574
141.67999,1.02194,0.00758,0.00042,0.00000,0.99199
141.82001,1.02193,0.08196,0.00544,0.00002,0.91258
141.96001,1.02193,0.13018,0.01549,0.00009,0.85425
142.10001,1.02193,0.12050,0.01017,0.00004,0.86928
142.24001,1.02193,0.11161,0.03992,0.00002,0.84845
142.38000,1.02193,0.02726,0.01706,0.00001,0.95567
142.52000,1.02193,0.02401,0.02830,0.00002,0.94767
142.66000,1.02193,0.00313,0.02594,0.00000,0.97093
142.80000,1.02193,0.00084,0.00172,0.00000,0.99744
142.94000,1.02194,0.00094,0.00072,0.00000,0.99834
143.08000,1.02194,0.00122,0.00115,0.00000,0.99762
143.22000,1.02194,0.00183,0.00084,0.00000,0.99733
143.36000,1.02194,0.00227,0.00034,0.00000,0.99739
143.50000,1.02194,0.00238,0.00033,0.00000,0.99729
143.64000,1.02194,0.00247,0.00049,0.00000,0.99704
143.78000,1.02194,0.00146,0.00068,0.00000,0.99786
143.92000,1.02194,0.00147,0.00049,0.00000,0.99804
144.06000,1.02194,0.00200,0.00120,0.00000,0.99680
144.20000,1.02194,0.00119,0.00090,0.00000,0.99790
144.34000,1.02194,0.00178,0.00145,0.00000,0.99677
144.48000,1.02194,0.00151,0.00152,0.00000,0.99697
144.62000,1.02194,0.00210,0.00329,0.00000,0.99460
144.75999,1.02194,0.00305,0.00398,0.00000,0.99297
144.89999,1.02194,0.00430,0.00498,0.00000,0.99072
145.03999,1.02194,0.01025,0.01158,0.00000,0.97818
145.17999,1.02194,0.00442,0.00452,0.00000,0.99106
145.32001,1.02193,0.00416,0.00148,0.00000,0.99435
145.46001,1.02193,0.00696,0.00179,0.00000,0.99126
145.60001,1.02193,0.00283,0.00030,0.00000,0.99687
145.74001,1.02193,0.00228,0.00032,0.00000,0.99740
145.88000,1.02193,0.00139,0.00049,0.00000,0.99812
146.02000,1.02193,0.00103,0.00014,0.00000,0.99883
146.16000,1.02193,0.00161,0.00013,0.00000,0.99826
146.30000,1.02193,0.00155,0.00045,0.00000,0.99800
146.44000,1.02194,0.00153,0.00055,0.00000,0.99792
146.58000,1.02194,0.00118,0.00059,0.00000,0.99823
146.72000,1.02194,0.00118,0.00083,0.00000,0.99799
146.86000,1.02194,0.00163,0.00111,0.00000,0.99725
147.00000,1.02194,0.00194,0.00143,0.00000,0.99663
147.14000,1.02194,0.00659,0.00269,0.00000,0.99072
147.28000,1.02194,0.00690,0.00386,0.00000,0.98924
147.42000,1.02194,0.01028,0.00340,0.00000,0.98632
147.56000,1.02194,0.01085,0.00309,0.00000,0.98606
147.70000,1.02194,0.01063,0.00271,0.00000,0.98666
147.84000,1.02194,0.01146,0.00320,0.00000,0.98534
