Time (seconds), Duration (seconds),pred_(unlabeled),pred_brushing_teeth,pred_hair_drying,pred_showering
0.00000,1.02194,0.99995,0.00000,0.00000,0.00005
0.14000,1.02194,0.99987,0.00000,0.00000,0.00013
0.28000,1.02194,0.99972,0.00000,0.00000,0.00028
0.42000,1.02194,0.99979,0.00000,0.00000,0.00020
0.56000,1.02194,0.99976,0.00000,0.00000,0.00024
0.70000,1.02194,0.99983,0.00000,0.00000,0.00016
0.84000,1.02194,0.99986,0.00000,0.00000,0.00014
0.98000,1.02194,0.99988,0.00000,0.00000,0.00012
1.12000,1.02194,0.99990,0.00000,0.00000,0.00010
1.26000,1.02194,0.99992,0.00000,0.00000,0.00008
1.40000,1.02194,0.99990,0.00000,0.00000,0.00010
1.54000,1.02194,0.99988,0.00000,0.00000,0.00012
1.68000,1.02194,0.99984,0.00000,0.00000,0.00016
1.82000,1.02194,0.99981,0.00000,0.00000,0.00019
1.96000,1.02194,0.99984,0.00000,0.00000,0.00016
2.10000,1.02194,0.99985,0.00000,0.00000,0.00015
2.24000,1.02194,0.99984,0.00000,0.00000,0.00015
2.38000,1.02194,0.99985,0.00000,0.00000,0.00015
2.52000,1.02194,0.99987,0.00000,0.00000,0.00013
2.66000,1.02194,0.99992,0.00000,0.00000,0.00008
2.80000,1.02194,0.99993,0.00000,0.00000,0.00007
2.94000,1.02194,0.99993,0.00000,0.00000,0.00007
3.08000,1.02194,0.99993,0.00000,0.00000,0.00007
3.22000,1.02194,0.99983,0.00000,0.00000,0.00017
3.36000,1.02194,0.99979,0.00000,0.00000,0.00021
3.50000,1.02194,0.99982,0.00000,0.00000,0.00018
3.64000,1.02194,0.99968,0.00000,0.00000,0.00032
3.78000,1.02194,0.99958,0.00000,0.00001,0.00041
3.92000,1.02194,0.99890,0.00000,0.00003,0.00107
4.06000,1.02194,0.99799,0.00000,0.00008,0.00193
4.20000,1.02194,0.99886,0.00000,0.00004,0.00110
4.34000,1.02194,0.99810,0.00000,0.00010,0.00180
4.48000,1.02194,0.99799,0.00000,0.00011,0.00190
4.62000,1.02194,0.99812,0.00000,0.00010,0.00178
4.76000,1.02194,0.99822,0.00000,0.00008,0.00170
4.90000,1.02194,0.99909,0.00000,0.00002,0.00089
5.04000,1.02194,0.99958,0.00000,0.00001,0.00041
5.18000,1.02194,0.99974,0.00000,0.00000,0.00026
5.32000,1.02194,0.99982,0.00000,0.00000,0.00017
5.46000,1.02194,0.99984,0.00000,0.00000,0.00016
5.60000,1.02194,0.99987,0.00000,0.00000,0.00013
5.74000,1.02194,0.99988,0.00000,0.00000,0.00012
5.88000,1.02194,0.99990,0.00000,0.00000,0.00010
6.02000,1.02194,0.99991,0.00000,0.00000,0.00009
6.16000,1.02194,0.99989,0.00000,0.00000,0.00011
6.30000,1.02194,0.99974,0.00000,0.00000,0.00026
6.44000,1.02194,0.99936,0.00000,0.00001,0.00063
6.58000,1.02194,0.99641,0.00000,0.00005,0.00354
6.72000,1.02194,0.98729,0.00000,0.00046,0.01225
6.86000,1.02194,0.95124,0.00000,0.00841,0.04035
7.00000,1.02194,0.86156,0.00003,0.08507,0.05334
7.14000,1.02194,0.44560,0.00052,0.49702,0.05685
7.28000,1.02194,0.26765,0.00118,0.71499,0.01617
7.42000,1.02194,0.06721,0.00098,0.92821,0.00359
7.56000,1.02194,0.01600,0.00099,0.98265,0.00035
7.70000,1.02194,0.01085,0.00086,0.98816,0.00013
7.84000,1.02194,0.01085,0.00087,0.98816,0.00012
7.98000,1.02194,0.01066,0.00083,0.98839,0.00012
8.12000,1.02194,0.01067,0.00079,0.98840,0.00014
8.26000,1.02194,0.01108,0.00077,0.98799,0.00016
8.40000,1.02194,0.01185,0.00074,0.98720,0.00021
8.54000,1.02194,0.01177,0.00070,0.98729,0.00024
8.68000,1.02194,0.01105,0.00067,0.98805,0.00023
8.82000,1.02194,0.01095,0.00071,0.98810,0.00024
8.96000,1.02194,0.01149,0.00066,0.98757,0.00027
9.10000,1.02194,0.01161,0.00069,0.98741,0.00029
9.24000,1.02194,0.01129,0.00068,0.98775,0.00028
9.38000,1.02194,0.01133,0.00069,0.98770,0.00028
9.52000,1.02194,0.01145,0.00069,0.98759,0.00028
9.66000,1.02194,0.01174,0.00067,0.98728,0.00030
9.80000,1.02194,0.01130,0.00067,0.98773,0.00029
9.94000,1.02194,0.01202,0.00067,0.98700,0.00031
10.08000,1.02194,0.01166,0.00066,0.98737,0.00030
10.22000,1.02194,0.01220,0.00066,0.98680,0.00034
10.36000,1.02194,0.01191,0.00066,0.98711,0.00032
10.50000,1.02194,0.01148,0.00066,0.98755,0.00030
10.64000,1.02194,0.01219,0.00065,0.98685,0.00031
10.78000,1.02194,0.01212,0.00067,0.98690,0.00031
10.92000,1.02194,0.01208,0.00066,0.98697,0.00029
11.06000,1.02194,0.01189,0.00070,0.98713,0.00028
11.20000,1.02194,0.01141,0.00070,0.98764,0.00025
11.34000,1.02194,0.01122,0.00069,0.98785,0.00025
11.48000,1.02194,0.01101,0.00070,0.98805,0.00025
11.62000,1.02194,0.01069,0.00070,0.98839,0.00022
11.76000,1.02194,0.01041,0.00073,0.98865,0.00021
11.90000,1.02194,0.01038,0.00071,0.98869,0.00022
12.04000,1.02194,0.01018,0.00072,0.98889,0.00021
12.18000,1.02194,0.01059,0.00072,0.98847,0.00022
12.32000,1.02194,0.01035,0.00075,0.98869,0.00022
12.46000,1.02194,0.01174,0.00074,0.98724,0.00029
12.60000,1.02194,0.01126,0.00071,0.98775,0.00028
12.74000,1.02194,0.01211,0.00070,0.98688,0.00031
12.88000,1.02194,0.01196,0.00069,0.98702,0.00033
13.02000,1.02194,0.01246,0.00070,0.98650,0.00035
13.16000,1.02194,0.01288,0.00069,0.98605,0.00038
13.30000,1.02194,0.01282,0.00069,0.98612,0.00038
13.44000,1.02194,0.01216,0.00070,0.98679,0.00035
13.58000,1.02194,0.01206,0.00070,0.98691,0.00033
13.72000,1.02194,0.01206,0.00069,0.98692,0.00033
13.86000,1.02194,0.01160,0.00067,0.98743,0.00030
14.00000,1.02194,0.01191,0.00066,0.98713,0.00030
14.14000,1.02194,0.01166,0.00068,0.98737,0.00029
14.28000,1.02194,0.01196,0.00066,0.98708,0.00029
14.42000,1.02194,0.01176,0.00063,0.98731,0.00030
14.56000,1.02194,0.01148,0.00065,0.98760,0.00027
14.70000,1.02194,0.01124,0.00068,0.98781,0.00026
14.84000,1.02194,0.01092,0.00067,0.98815,0.00025
14.98000,1.02194,0.01110,0.00068,0.98797,0.00025
15.12000,1.02194,0.01114,0.00070,0.98790,0.00025
15.26000,1.02194,0.01077,0.00066,0.98834,0.00023
15.40000,1.02194,0.01081,0.00069,0.98828,0.00023
15.54000,1.02194,0.01111,0.00067,0.98797,0.00024
15.68000,1.02194,0.01090,0.00067,0.98819,0.00024
15.82000,1.02194,0.01093,0.00066,0.98818,0.00024
15.96000,1.02194,0.01086,0.00069,0.98821,0.00024
16.10000,1.02194,0.01104,0.00069,0.98801,0.00025
16.24000,1.02194,0.01087,0.00070,0.98818,0.00024
16.38000,1.02194,0.01119,0.00069,0.98787,0.00025
16.52000,1.02194,0.01163,0.00069,0.98739,0.00028
16.66000,1.02194,0.01128,0.00070,0.98775,0.00027
16.80000,1.02194,0.01126,0.00070,0.98777,0.00027
16.94000,1.02194,0.01123,0.00071,0.98779,0.00027
17.08000,1.02194,0.01107,0.00069,0.98796,0.00027
17.22000,1.02194,0.01131,0.00070,0.98770,0.00029
17.36000,1.02194,0.01128,0.00070,0.98773,0.00029
17.50000,1.02194,0.01189,0.00071,0.98708,0.00032
17.64000,1.02194,0.01186,0.00069,0.98712,0.00033
17.78000,1.02194,0.01209,0.00068,0.98690,0.00033
17.92000,1.02194,0.01222,0.00067,0.98677,0.00034
18.06000,1.02194,0.01221,0.00068,0.98679,0.00033
18.20000,1.02194,0.01249,0.00066,0.98650,0.00034
18.34000,1.02194,0.01259,0.00066,0.98642,0.00034
18.48000,1.02194,0.01236,0.00067,0.98664,0.00033
18.62000,1.02194,0.01218,0.00068,0.98681,0.00032
18.76000,1.02194,0.01210,0.00068,0.98689,0.00033
18.90000,1.02194,0.01276,0.00066,0.98623,0.00036
19.04000,1.02194,0.01225,0.00067,0.98674,0.00034
19.18000,1.02194,0.01243,0.00067,0.98656,0.00034
19.32000,1.02194,0.01235,0.00067,0.98663,0.00035
19.46000,1.02194,0.01259,0.00067,0.98639,0.00035
19.60000,1.02194,0.01251,0.00067,0.98648,0.00034
19.74000,1.02194,0.01269,0.00067,0.98629,0.00035
19.88000,1.02194,0.01239,0.00068,0.98659,0.00034
20.02000,1.02194,0.01262,0.00069,0.98633,0.00035
20.16000,1.02194,0.01246,0.00067,0.98652,0.00035
20.30000,1.02194,0.01343,0.00067,0.98552,0.00038
20.44000,1.02194,0.01322,0.00065,0.98574,0.00039
20.58000,1.02194,0.01336,0.00066,0.98559,0.00039
20.72000,1.02194,0.01403,0.00067,0.98490,0.00040
20.86000,1.02194,0.01493,0.00063,0.98400,0.00043
21.00000,1.02194,0.01451,0.00063,0.98442,0.00044
21.14000,1.02194,0.01511,0.00063,0.98380,0.00047
21.28000,1.02194,0.01581,0.00063,0.98308,0.00047
21.42000,1.02194,0.01549,0.00062,0.98340,0.00050
21.56000,1.02194,0.01521,0.00061,0.98368,0.00050
21.70000,1.02194,0.01443,0.00062,0.98448,0.00047
21.84000,1.02194,0.01391,0.00065,0.98501,0.00043
21.98000,1.02194,0.01348,0.00066,0.98546,0.00041
22.12000,1.02194,0.01318,0.00065,0.98577,0.00039
22.26000,1.02194,0.01215,0.00066,0.98684,0.00034
22.40000,1.02194,0.01207,0.00068,0.98692,0.00033
22.54000,1.02194,0.01217,0.00069,0.98681,0.00033
22.68000,1.02194,0.01182,0.00069,0.98718,0.00031
22.82000,1.02194,0.01152,0.00070,0.98749,0.00030
22.96000,1.02194,0.01146,0.00071,0.98754,0.00029
23.10000,1.02194,0.01129,0.00071,0.98772,0.00028
23.24000,1.02194,0.01140,0.00071,0.98762,0.00027
23.38000,1.02194,0.01151,0.00071,0.98752,0.00027
23.52000,1.02194,0.01121,0.00071,0.98783,0.00025
23.66000,1.02194,0.01151,0.00071,0.98753,0.00025
23.80000,1.02194,0.01132,0.00071,0.98772,0.00025
23.94000,1.02194,0.01157,0.00071,0.98747,0.00024
24.08000,1.02194,0.01129,0.00071,0.98776,0.00024
24.22000,1.02194,0.01133,0.00071,0.98773,0.00023
24.36000,1.02194,0.01173,0.00072,0.98732,0.00024
24.50000,1.02194,0.01136,0.00071,0.98771,0.00022
24.64000,1.02194,0.01121,0.00073,0.98784,0.00022
24.78000,1.02194,0.01096,0.00073,0.98811,0.00020
24.92000,1.02194,0.01129,0.00073,0.98778,0.00020
25.06000,1.02194,0.01134,0.00076,0.98770,0.00020
25.20000,1.02194,0.01094,0.00073,0.98815,0.00018
25.34000,1.02194,0.01072,0.00073,0.98836,0.00019
25.48000,1.02194,0.01091,0.00071,0.98821,0.00018
25.62000,1.02194,0.01099,0.00074,0.98809,0.00019
25.76000,1.02194,0.01066,0.00074,0.98842,0.00018
25.90000,1.02194,0.01056,0.00073,0.98854,0.00018
26.04000,1.02194,0.01043,0.00074,0.98866,0.00017
26.18000,1.02194,0.01052,0.00076,0.98856,0.00017
26.32000,1.02194,0.01064,0.00076,0.98843,0.00017
26.46000,1.02194,0.01051,0.00074,0.98858,0.00017
26.60000,1.02194,0.01107,0.00073,0.98801,0.00019
26.74000,1.02194,0.01075,0.00074,0.98834,0.00018
26.88000,1.02194,0.01085,0.00074,0.98822,0.00019
27.02000,1.02194,0.01107,0.00072,0.98801,0.00020
27.16000,1.02194,0.01065,0.00071,0.98844,0.00019
27.30000,1.02194,0.01042,0.00072,0.98867,0.00019
27.44000,1.02194,0.01044,0.00073,0.98864,0.00019
27.58000,1.02194,0.01069,0.00072,0.98839,0.00020
27.72000,1.02194,0.01058,0.00071,0.98853,0.00018
27.86000,1.02194,0.01075,0.00069,0.98837,0.00019
28.00000,1.02194,0.01075,0.00071,0.98835,0.00018
28.14000,1.02194,0.01069,0.00073,0.98840,0.00018
28.28000,1.02194,0.01072,0.00073,0.98837,0.00018
28.42000,1.02194,0.01055,0.00073,0.98855,0.00017
28.56000,1.02194,0.01171,0.00075,0.98732,0.00022
28.70000,1.02194,0.01087,0.00073,0.98820,0.00020
28.84000,1.02194,0.01093,0.00072,0.98816,0.00019
28.98000,1.02194,0.01069,0.00073,0.98839,0.00018
29.12000,1.02194,0.01059,0.00074,0.98849,0.00018
29.26000,1.02194,0.01057,0.00075,0.98850,0.00018
29.40000,1.02194,0.01040,0.00076,0.98867,0.00017
29.54000,1.02194,0.01039,0.00078,0.98866,0.00016
29.68000,1.02194,0.01059,0.00077,0.98846,0.00017
29.82000,1.02194,0.01099,0.00076,0.98805,0.00019
29.96000,1.02194,0.01085,0.00074,0.98822,0.00019
30.10000,1.02194,0.01082,0.00073,0.98827,0.00019
30.24000,1.02194,0.01082,0.00072,0.98826,0.00019
30.38000,1.02194,0.01094,0.00074,0.98812,0.00021
30.52000,1.02194,0.01088,0.00072,0.98819,0.00021
30.66000,1.02194,0.01066,0.00071,0.98843,0.00020
30.80000,1.02194,0.01010,0.00073,0.98899,0.00018
30.94000,1.02194,0.01053,0.00073,0.98855,0.00020
31.08000,1.02194,0.01039,0.00074,0.98867,0.00020
31.22000,1.02194,0.01031,0.00072,0.98878,0.00019
31.36000,1.02194,0.01032,0.00074,0.98875,0.00019
31.50000,1.02194,0.01028,0.00075,0.98879,0.00019
31.64000,1.02194,0.01061,0.00074,0.98846,0.00019
31.78000,1.02194,0.01018,0.00074,0.98889,0.00018
31.92000,1.02194,0.01038,0.00075,0.98870,0.00017
32.06000,1.02193,0.01041,0.00078,0.98863,0.00018
32.20000,1.02194,0.01062,0.00075,0.98844,0.00019
32.34000,1.02194,0.01081,0.00076,0.98823,0.00020
32.48000,1.02194,0.01063,0.00073,0.98844,0.00019
32.62000,1.02194,0.01104,0.00073,0.98803,0.00020
32.76000,1.02194,0.01113,0.00071,0.98795,0.00021
32.90000,1.02193,0.01096,0.00070,0.98814,0.00019
33.04000,1.02194,0.01077,0.00075,0.98830,0.00019
33.18000,1.02194,0.01082,0.00073,0.98827,0.00018
33.32000,1.02194,0.01057,0.00075,0.98849,0.00018
33.46000,1.02194,0.01054,0.00073,0.98855,0.00018
33.60000,1.02194,0.01045,0.00077,0.98860,0.00018
33.74000,1.02193,0.01058,0.00076,0.98847,0.00019
33.88000,1.02194,0.01060,0.00077,0.98845,0.00018
34.02000,1.02194,0.01074,0.00075,0.98832,0.00019
34.16000,1.02194,0.01046,0.00076,0.98860,0.00018
34.30000,1.02194,0.01100,0.00076,0.98805,0.00019
34.44000,1.02194,0.01075,0.00074,0.98831,0.00019
34.58000,1.02193,0.01053,0.00073,0.98856,0.00018
34.72000,1.02193,0.01063,0.00073,0.98845,0.00019
34.86000,1.02194,0.01094,0.00074,0.98812,0.00020
35.00000,1.02194,0.01121,0.00074,0.98784,0.00021
35.14000,1.02194,0.01079,0.00071,0.98831,0.00020
35.28000,1.02194,0.01099,0.00072,0.98809,0.00020
35.42000,1.02194,0.01082,0.00072,0.98826,0.00020
35.56000,1.02193,0.01089,0.00072,0.98819,0.00019
35.70000,1.02194,0.01079,0.00071,0.98832,0.00019
35.84000,1.02194,0.01036,0.00074,0.98873,0.00017
35.98000,1.02194,0.01039,0.00075,0.98869,0.00017
36.12000,1.02194,0.01079,0.00076,0.98827,0.00018
36.26000,1.02194,0.01029,0.00078,0.98877,0.00016
36.40000,1.02193,0.01110,0.00077,0.98795,0.00018
36.54000,1.02194,0.01076,0.00077,0.98829,0.00018
36.68000,1.02194,0.01083,0.00075,0.98824,0.00018
36.82000,1.02194,0.01081,0.00076,0.98824,0.00019
36.96000,1.02194,0.01093,0.00075,0.98813,0.00019
37.10000,1.02194,0.01104,0.00075,0.98801,0.00020
37.24000,1.02193,0.01092,0.00073,0.98817,0.00019
37.38000,1.02194,0.01103,0.00076,0.98802,0.00019
37.52000,1.02194,0.01073,0.00073,0.98835,0.00019
37.66000,1.02194,0.01074,0.00073,0.98834,0.00019
37.80000,1.02194,0.01083,0.00072,0.98827,0.00019
37.94000,1.02194,0.01046,0.00073,0.98862,0.00018
38.08000,1.02193,0.01118,0.00074,0.98787,0.00021
38.22000,1.02193,0.01073,0.00073,0.98834,0.00020
38.36000,1.02194,0.01069,0.00073,0.98838,0.00019
38.50000,1.02194,0.01044,0.00074,0.98863,0.00019
38.64000,1.02194,0.01071,0.00074,0.98835,0.00020
38.78000,1.02194,0.01075,0.00073,0.98831,0.00021
38.92000,1.02194,0.01041,0.00074,0.98866,0.00019
39.06000,1.02193,0.01046,0.00073,0.98861,0.00019
39.20000,1.02194,0.01063,0.00073,0.98845,0.00020
39.34000,1.02194,0.01054,0.00072,0.98855,0.00020
39.48000,1.02194,0.01042,0.00073,0.98866,0.00019
39.62000,1.02194,0.01061,0.00072,0.98849,0.00018
39.76000,1.02194,0.01077,0.00071,0.98832,0.00020
39.90000,1.02193,0.01053,0.00070,0.98859,0.00018
40.04000,1.02194,0.01138,0.00072,0.98769,0.00021
40.18000,1.02194,0.01062,0.00073,0.98847,0.00018
40.32000,1.02194,0.01060,0.00071,0.98850,0.00018
40.46000,1.02194,0.01057,0.00072,0.98852,0.00019
40.60000,1.02194,0.01072,0.00072,0.98837,0.00019
40.74000,1.02193,0.01095,0.00074,0.98811,0.00020
40.88000,1.02194,0.01117,0.00070,0.98792,0.00021
41.02000,1.02194,0.01104,0.00072,0.98804,0.00021
41.16000,1.02194,0.01078,0.00070,0.98832,0.00019
41.30000,1.02194,0.01093,0.00071,0.98816,0.00020
41.44000,1.02194,0.01120,0.00070,0.98789,0.00020
41.58000,1.02193,0.01149,0.00071,0.98757,0.00022
41.72000,1.02193,0.01094,0.00071,0.98816,0.00019
41.86000,1.02194,0.01110,0.00073,0.98798,0.00020
42.00000,1.02194,0.01078,0.00075,0.98828,0.00019
42.14000,1.02194,0.01072,0.00073,0.98837,0.00018
42.28000,1.02194,0.01065,0.00072,0.98845,0.00018
42.42000,1.02194,0.01067,0.00075,0.98841,0.00018
42.56000,1.02193,0.01105,0.00074,0.98801,0.00019
42.70000,1.02194,0.01107,0.00074,0.98798,0.00020
42.84000,1.02194,0.01102,0.00073,0.98805,0.00020
42.98000,1.02194,0.01065,0.00073,0.98843,0.00019
43.12000,1.02194,0.01086,0.00072,0.98823,0.00018
43.26000,1.02194,0.01127,0.00074,0.98779,0.00020
43.40000,1.02193,0.01106,0.00075,0.98801,0.00019
43.54000,1.02194,0.01105,0.00074,0.98803,0.00019
43.68000,1.02194,0.01115,0.00074,0.98793,0.00018
43.82000,1.02194,0.01099,0.00075,0.98808,0.00018
43.96000,1.02194,0.01102,0.00073,0.98807,0.00018
44.10000,1.02194,0.01091,0.00072,0.98818,0.00019
44.24000,1.02193,0.01144,0.00071,0.98765,0.00020
44.38000,1.02194,0.01074,0.00069,0.98837,0.00020
44.52000,1.02194,0.01102,0.00070,0.98808,0.00020
44.66000,1.02194,0.01106,0.00071,0.98803,0.00021
44.80000,1.02194,0.01121,0.00070,0.98789,0.00020
44.94000,1.02194,0.01059,0.00074,0.98849,0.00018
45.08000,1.02193,0.01047,0.00073,0.98863,0.00017
45.22000,1.02193,0.01037,0.00075,0.98871,0.00017
45.36000,1.02194,0.01038,0.00075,0.98872,0.00016
45.50000,1.02194,0.01038,0.00078,0.98867,0.00016
45.64000,1.02194,0.01048,0.00077,0.98859,0.00016
45.78000,1.02194,0.01100,0.00077,0.98804,0.00019
45.92000,1.02194,0.01095,0.00075,0.98813,0.00018
46.06000,1.02193,0.01083,0.00073,0.98824,0.00019
46.20000,1.02194,0.01091,0.00074,0.98816,0.00019
46.34000,1.02194,0.01131,0.00072,0.98776,0.00021
46.48000,1.02194,0.01141,0.00071,0.98767,0.00022
46.62000,1.02194,0.01108,0.00073,0.98800,0.00020
46.76000,1.02194,0.01059,0.00072,0.98850,0.00019
46.90000,1.02193,0.01079,0.00072,0.98830,0.00018
47.04000,1.02194,0.01086,0.00075,0.98819,0.00019
47.18000,1.02194,0.01044,0.00076,0.98861,0.00018
47.32000,1.02194,0.01053,0.00076,0.98854,0.00017
47.46000,1.02194,0.01049,0.00076,0.98857,0.00017
47.60000,1.02194,0.01044,0.00074,0.98864,0.00017
47.74000,1.02193,0.01042,0.00075,0.98865,0.00018
47.88000,1.02194,0.01068,0.00075,0.98839,0.00018
48.02000,1.02194,0.01052,0.00073,0.98858,0.00018
48.16000,1.02194,0.01034,0.00073,0.98876,0.00018
48.30000,1.02194,0.01054,0.00073,0.98855,0.00018
48.44000,1.02194,0.01037,0.00074,0.98871,0.00018
48.58000,1.02193,0.01057,0.00073,0.98851,0.00018
48.72000,1.02193,0.01055,0.00073,0.98854,0.00019
48.86000,1.02194,0.01020,0.00075,0.98888,0.00017
49.00000,1.02194,0.01030,0.00074,0.98879,0.00017
49.14000,1.02194,0.01051,0.00073,0.98859,0.00017
49.28000,1.02194,0.01040,0.00074,0.98868,0.00017
49.42000,1.02194,0.01055,0.00074,0.98853,0.00017
49.56000,1.02193,0.01046,0.00076,0.98861,0.00017
49.70000,1.02194,0.01059,0.00074,0.98850,0.00018
49.84000,1.02194,0.01065,0.00073,0.98843,0.00018
49.98000,1.02194,0.01068,0.00074,0.98839,0.00018
50.12000,1.02194,0.01027,0.00076,0.98881,0.00017
50.26000,1.02194,0.01069,0.00075,0.98839,0.00018
50.40000,1.02193,0.01034,0.00074,0.98875,0.00017
50.54000,1.02194,0.01049,0.00075,0.98860,0.00017
50.68000,1.02194,0.01033,0.00076,0.98875,0.00016
50.82000,1.02194,0.01034,0.00077,0.98873,0.00016
50.96000,1.02194,0.01060,0.00077,0.98845,0.00017
51.10000,1.02194,0.01025,0.00077,0.98882,0.00016
51.24000,1.02193,0.01009,0.00078,0.98898,0.00015
51.38000,1.02194,0.01026,0.00079,0.98880,0.00016
51.52000,1.02194,0.01029,0.00077,0.98879,0.00016
51.66000,1.02194,0.01060,0.00076,0.98846,0.00017
51.80000,1.02194,0.01045,0.00075,0.98863,0.00017
51.94000,1.02194,0.01033,0.00074,0.98875,0.00017
52.08000,1.02193,0.01074,0.00072,0.98836,0.00018
52.22000,1.02193,0.01052,0.00074,0.98857,0.00018
52.36000,1.02194,0.01092,0.00073,0.98817,0.00018
52.50000,1.02194,0.01132,0.00074,0.98775,0.00020
52.64000,1.02194,0.01097,0.00072,0.98814,0.00017
52.78000,1.02194,0.01081,0.00072,0.98829,0.00018
52.92000,1.02194,0.01085,0.00074,0.98825,0.00017
53.06000,1.02193,0.01168,0.00074,0.98738,0.00020
53.20000,1.02194,0.01156,0.00074,0.98750,0.00020
53.34000,1.02194,0.01132,0.00073,0.98776,0.00019
53.48000,1.02194,0.01088,0.00073,0.98821,0.00018
53.62000,1.02194,0.01056,0.00073,0.98854,0.00017
53.76000,1.02194,0.01113,0.00072,0.98797,0.00018
53.90000,1.02193,0.01111,0.00073,0.98798,0.00019
54.04000,1.02194,0.01113,0.00075,0.98795,0.00018
54.18000,1.02194,0.01146,0.00075,0.98759,0.00020
54.32000,1.02194,0.01153,0.00075,0.98753,0.00019
54.46000,1.02194,0.01104,0.00073,0.98804,0.00018
54.60000,1.02194,0.01126,0.00074,0.98781,0.00019
54.74000,1.02193,0.01069,0.00075,0.98838,0.00018
54.88000,1.02194,0.01082,0.00074,0.98826,0.00018
55.02000,1.02194,0.01106,0.00076,0.98799,0.00019
55.16000,1.02194,0.01072,0.00076,0.98834,0.00018
55.30000,1.02194,0.01068,0.00075,0.98839,0.00018
55.44000,1.02194,0.01049,0.00074,0.98858,0.00018
55.58000,1.02193,0.01072,0.00075,0.98834,0.00019
55.72000,1.02193,0.01080,0.00074,0.98827,0.00019
55.86000,1.02194,0.01077,0.00073,0.98830,0.00019
56.00000,1.02194,0.01101,0.00073,0.98807,0.00019
56.14000,1.02194,0.01067,0.00073,0.98841,0.00019
56.28000,1.02194,0.01078,0.00074,0.98831,0.00018
56.42000,1.02194,0.01101,0.00074,0.98807,0.00018
56.56000,1.02193,0.01047,0.00073,0.98864,0.00016
56.70000,1.02194,0.01078,0.00075,0.98830,0.00018
56.84000,1.02194,0.01036,0.00073,0.98874,0.00017
56.98000,1.02194,0.01051,0.00074,0.98858,0.00017
57.12000,1.02194,0.01130,0.00074,0.98775,0.00020
57.26000,1.02194,0.01067,0.00073,0.98841,0.00019
57.40000,1.02193,0.01055,0.00073,0.98853,0.00019
57.54000,1.02194,0.01058,0.00073,0.98849,0.00020
57.68000,1.02194,0.01091,0.00074,0.98815,0.00021
57.82000,1.02194,0.01062,0.00073,0.98845,0.00020
57.96000,1.02194,0.01072,0.00074,0.98833,0.00020
58.10000,1.02194,0.01068,0.00075,0.98837,0.00020
58.24000,1.02193,0.01069,0.00075,0.98838,0.00019
58.38000,1.02194,0.01069,0.00073,0.98839,0.00018
58.52000,1.02194,0.01070,0.00075,0.98837,0.00018
58.66000,1.02194,0.01062,0.00075,0.98846,0.00017
58.80000,1.02194,0.01059,0.00075,0.98849,0.00018
58.94000,1.02194,0.01040,0.00075,0.98869,0.00016
59.08000,1.02193,0.01075,0.00078,0.98828,0.00018
59.22000,1.02193,0.01029,0.00077,0.98878,0.00016
59.36000,1.02194,0.01095,0.00078,0.98809,0.00018
59.50000,1.02194,0.01029,0.00075,0.98880,0.00016
59.64000,1.02194,0.01039,0.00076,0.98868,0.00017
59.78000,1.02194,0.01067,0.00077,0.98838,0.00017
59.92000,1.02194,0.01080,0.00075,0.98827,0.00018
60.06000,1.02193,0.01098,0.00074,0.98809,0.00020
60.20000,1.02194,0.01075,0.00074,0.98833,0.00018
60.34000,1.02194,0.01067,0.00075,0.98840,0.00018
60.48000,1.02194,0.01061,0.00077,0.98844,0.00018
60.62000,1.02194,0.01073,0.00076,0.98833,0.00018
60.76000,1.02194,0.01098,0.00076,0.98806,0.00020
60.90000,1.02193,0.01032,0.00074,0.98875,0.00018
61.04000,1.02194,0.01081,0.00075,0.98824,0.00020
61.18000,1.02194,0.01046,0.00072,0.98863,0.00019
61.32000,1.02194,0.01031,0.00072,0.98878,0.00018
61.46000,1.02194,0.01044,0.00073,0.98864,0.00019
61.60000,1.02194,0.01050,0.00072,0.98859,0.00019
61.74000,1.02193,0.01066,0.00074,0.98841,0.00019
61.88000,1.02194,0.01074,0.00071,0.98836,0.00020
62.02000,1.02194,0.01063,0.00073,0.98845,0.00019
62.16000,1.02194,0.01059,0.00071,0.98851,0.00019
62.30000,1.02194,0.01105,0.00074,0.98800,0.00021
62.44000,1.02194,0.01038,0.00072,0.98872,0.00018
62.58000,1.02193,0.01035,0.00074,0.98871,0.00019
62.72000,1.02193,0.01019,0.00076,0.98889,0.00017
62.86000,1.02194,0.01027,0.00077,0.98879,0.00017
63.00000,1.02193,0.01040,0.00077,0.98865,0.00017
63.14000,1.02193,0.01062,0.00075,0.98845,0.00018
63.28000,1.02194,0.01046,0.00074,0.98862,0.00017
63.42000,1.02194,0.01040,0.00075,0.98868,0.00017
63.56000,1.02194,0.01075,0.00074,0.98833,0.00018
63.70000,1.02194,0.01064,0.00074,0.98844,0.00018
63.84000,1.02194,0.01033,0.00074,0.98876,0.00017
63.98000,1.02194,0.01041,0.00074,0.98868,0.00017
64.12000,1.02193,0.01037,0.00075,0.98872,0.00017
64.26000,1.02193,0.01041,0.00074,0.98868,0.00017
64.40000,1.02193,0.01011,0.00073,0.98900,0.00016
64.54000,1.02193,0.01027,0.00074,0.98883,0.00016
64.68000,1.02193,0.01049,0.00076,0.98858,0.00016
64.82000,1.02193,0.01103,0.00078,0.98801,0.00019
64.96000,1.02194,0.01093,0.00075,0.98814,0.00019
65.10000,1.02194,0.01045,0.00072,0.98864,0.00018
65.24000,1.02194,0.01038,0.00074,0.98871,0.00018
65.38000,1.02194,0.01032,0.00074,0.98877,0.00018
65.52000,1.02194,0.01056,0.00076,0.98848,0.00019
65.66000,1.02193,0.01046,0.00076,0.98859,0.00019
65.80000,1.02193,0.01027,0.00076,0.98878,0.00018
65.94000,1.02193,0.01031,0.00075,0.98875,0.00018
66.08000,1.02193,0.01023,0.00075,0.98883,0.00018
66.22000,1.02193,0.01049,0.00073,0.98859,0.00019
66.36000,1.02193,0.01067,0.00075,0.98838,0.00019
66.50000,1.02193,0.01066,0.00073,0.98842,0.00019
66.64000,1.02193,0.01066,0.00074,0.98842,0.00018
66.78000,1.02194,0.01093,0.00074,0.98814,0.00019
66.92000,1.02194,0.01075,0.00076,0.98831,0.00018
67.06000,1.02194,0.01061,0.00074,0.98847,0.00018
67.20000,1.02194,0.01071,0.00074,0.98837,0.00018
67.34000,1.02194,0.01070,0.00074,0.98837,0.00019
67.48000,1.02193,0.01053,0.00074,0.98854,0.00019
67.62000,1.02193,0.01085,0.00075,0.98820,0.00020
67.76000,1.02193,0.01055,0.00074,0.98851,0.00019
67.90000,1.02193,0.01065,0.00074,0.98842,0.00019
68.04000,1.02193,0.01056,0.00073,0.98852,0.00019
68.18000,1.02193,0.01036,0.00076,0.98870,0.00019
68.32000,1.02193,0.01056,0.00075,0.98851,0.00018
68.46000,1.02194,0.01074,0.00075,0.98831,0.00020
68.60000,1.02194,0.01054,0.00073,0.98855,0.00019
68.74000,1.02194,0.01019,0.00074,0.98889,0.00018
68.88000,1.02194,0.01045,0.00074,0.98863,0.00018
69.02000,1.02194,0.01028,0.00074,0.98880,0.00018
69.16000,1.02193,0.01054,0.00073,0.98854,0.00019
69.30000,1.02193,0.01031,0.00074,0.98876,0.00018
69.44000,1.02193,0.01024,0.00074,0.98884,0.00018
69.58000,1.02193,0.01050,0.00075,0.98856,0.00019
69.72000,1.02193,0.01056,0.00077,0.98848,0.00019
69.86000,1.02193,0.01067,0.00074,0.98838,0.00020
70.00000,1.02193,0.01081,0.00074,0.98824,0.00021
70.14000,1.02193,0.01051,0.00073,0.98856,0.00020
70.28000,1.02194,0.01064,0.00073,0.98843,0.00020
70.42000,1.02194,0.01049,0.00074,0.98857,0.00020
70.56000,1.02194,0.01041,0.00073,0.98867,0.00020
70.70000,1.02194,0.01042,0.00076,0.98864,0.00019
70.84000,1.02194,0.01045,0.00074,0.98862,0.00019
70.98000,1.02193,0.01041,0.00074,0.98867,0.00018
71.12000,1.02193,0.01065,0.00073,0.98843,0.00019
71.26000,1.02193,0.01074,0.00073,0.98834,0.00019
71.40000,1.02193,0.01107,0.00073,0.98799,0.00020
71.54000,1.02193,0.01162,0.00071,0.98747,0.00021
71.68000,1.02193,0.01102,0.00073,0.98805,0.00020
71.82000,1.02193,0.01080,0.00071,0.98831,0.00017
71.96000,1.02194,0.01113,0.00071,0.98800,0.00015
72.10000,1.02194,0.01060,0.00072,0.98855,0.00014
72.24000,1.02194,0.01050,0.00073,0.98864,0.00013
72.38000,1.02194,0.01048,0.00074,0.98865,0.00013
72.52000,1.02194,0.01065,0.00074,0.98848,0.00013
72.66000,1.02193,0.01091,0.00075,0.98819,0.00015
72.80000,1.02193,0.01033,0.00073,0.98877,0.00017
72.94000,1.02193,0.01058,0.00073,0.98851,0.00018
73.08000,1.02193,0.01075,0.00072,0.98835,0.00018
73.22000,1.02193,0.01102,0.00073,0.98806,0.00019
73.36000,1.02193,0.01104,0.00071,0.98805,0.00019
73.50000,1.02193,0.01105,0.00071,0.98805,0.00019
73.64000,1.02193,0.01073,0.00073,0.98837,0.00017
73.78000,1.02194,0.01153,0.00074,0.98754,0.00019
73.92000,1.02194,0.01100,0.00073,0.98808,0.00018
74.06000,1.02194,0.01145,0.00074,0.98762,0.00019
74.20000,1.02194,0.01120,0.00075,0.98786,0.00019
74.34000,1.02194,0.01143,0.00075,0.98763,0.00019
74.48000,1.02193,0.01125,0.00074,0.98782,0.00019
74.62000,1.02193,0.01124,0.00075,0.98781,0.00020
74.76000,1.02193,0.01082,0.00073,0.98827,0.00018
74.90000,1.02193,0.01117,0.00076,0.98788,0.00019
75.04000,1.02193,0.01067,0.00075,0.98840,0.00018
75.18000,1.02193,0.01064,0.00073,0.98844,0.00018
75.32000,1.02193,0.01070,0.00075,0.98836,0.00019
75.46000,1.02194,0.01077,0.00073,0.98831,0.00019
75.60000,1.02194,0.01068,0.00074,0.98839,0.00019
75.74000,1.02194,0.01120,0.00073,0.98788,0.00020
75.88000,1.02194,0.01097,0.00072,0.98811,0.00020
76.02000,1.02194,0.01086,0.00072,0.98822,0.00020
76.16000,1.02193,0.01134,0.00072,0.98773,0.00021
76.30000,1.02193,0.01139,0.00075,0.98765,0.00021
76.44000,1.02193,0.01127,0.00073,0.98779,0.00021
76.58000,1.02193,0.01103,0.00073,0.98804,0.00020
76.72000,1.02193,0.01088,0.00074,0.98818,0.00020
76.86000,1.02193,0.01099,0.00074,0.98807,0.00019
77.00000,1.02193,0.01110,0.00077,0.98793,0.00021
77.14000,1.02193,0.01123,0.00074,0.98782,0.00021
77.28000,1.02194,0.01058,0.00075,0.98847,0.00019
77.42000,1.02194,0.01060,0.00075,0.98846,0.00019
77.56000,1.02194,0.01065,0.00075,0.98840,0.00020
77.70000,1.02194,0.01096,0.00076,0.98807,0.00021
77.84000,1.02194,0.01055,0.00073,0.98851,0.00020
77.98000,1.02193,0.01065,0.00075,0.98840,0.00020
78.12000,1.02193,0.01064,0.00074,0.98842,0.00020
78.26000,1.02193,0.01043,0.00072,0.98865,0.00020
78.40000,1.02193,0.01034,0.00074,0.98873,0.00019
78.54000,1.02193,0.01068,0.00073,0.98838,0.00020
78.68000,1.02193,0.01054,0.00074,0.98854,0.00019
78.82000,1.02193,0.01059,0.00073,0.98849,0.00019
78.96000,1.02194,0.01067,0.00072,0.98842,0.00019
79.10000,1.02194,0.01074,0.00074,0.98833,0.00019
79.24000,1.02194,0.01126,0.00074,0.98778,0.00021
79.38000,1.02194,0.01086,0.00073,0.98822,0.00019
79.52000,1.02194,0.01165,0.00075,0.98738,0.00022
79.66000,1.02193,0.01124,0.00074,0.98780,0.00021
79.80000,1.02193,0.01100,0.00074,0.98806,0.00020
79.94000,1.02193,0.01057,0.00074,0.98851,0.00018
80.08000,1.02193,0.01081,0.00072,0.98828,0.00019
80.22000,1.02193,0.01093,0.00074,0.98814,0.00020
80.36000,1.02193,0.01095,0.00073,0.98812,0.00020
80.50000,1.02193,0.01111,0.00073,0.98794,0.00021
80.64000,1.02193,0.01099,0.00072,0.98807,0.00021
80.78000,1.02194,0.01132,0.00073,0.98773,0.00023
80.92000,1.02194,0.01073,0.00073,0.98835,0.00020
81.06000,1.02194,0.01077,0.00074,0.98829,0.00020
81.20000,1.02194,0.01074,0.00073,0.98834,0.00019
81.34000,1.02194,0.01117,0.00074,0.98788,0.00021
81.48000,1.02193,0.01088,0.00072,0.98820,0.00019
81.62000,1.02193,0.01073,0.00073,0.98836,0.00018
81.76000,1.02193,0.01148,0.00073,0.98759,0.00021
81.90000,1.02193,0.01101,0.00071,0.98808,0.00019
82.04000,1.02193,0.01097,0.00071,0.98813,0.00019
82.18000,1.02193,0.01110,0.00072,0.98799,0.00019
82.32000,1.02193,0.01081,0.00071,0.98829,0.00018
82.46000,1.02194,0.01105,0.00072,0.98804,0.00019
82.60000,1.02194,0.01070,0.00073,0.98838,0.00018
82.74000,1.02194,0.01086,0.00075,0.98820,0.00019
82.88000,1.02194,0.01037,0.00075,0.98870,0.00018
83.02000,1.02194,0.01069,0.00076,0.98836,0.00019
83.16000,1.02193,0.01059,0.00076,0.98846,0.00019
83.30000,1.02193,0.01123,0.00073,0.98781,0.00022
83.44000,1.02193,0.01112,0.00073,0.98792,0.00023
83.58000,1.02193,0.01101,0.00073,0.98804,0.00022
83.72000,1.02193,0.01083,0.00073,0.98823,0.00022
83.86000,1.02193,0.01064,0.00073,0.98842,0.00020
84.00000,1.02193,0.01097,0.00074,0.98808,0.00021
84.14000,1.02193,0.01079,0.00076,0.98825,0.00020
84.28000,1.02194,0.01070,0.00074,0.98837,0.00019
84.42000,1.02194,0.01055,0.00074,0.98852,0.00019
84.56000,1.02194,0.01085,0.00074,0.98822,0.00020
84.70000,1.02194,0.01083,0.00073,0.98824,0.00020
84.84000,1.02194,0.01090,0.00071,0.98818,0.00020
84.98000,1.02193,0.01055,0.00071,0.98855,0.00019
85.12000,1.02193,0.01065,0.00072,0.98844,0.00019
85.26000,1.02193,0.01074,0.00071,0.98836,0.00018
85.40000,1.02193,0.01058,0.00072,0.98851,0.00019
85.54000,1.02193,0.01057,0.00070,0.98854,0.00018
85.68000,1.02193,0.01034,0.00073,0.98875,0.00017
85.82000,1.02193,0.01066,0.00073,0.98843,0.00018
85.96000,1.02194,0.01081,0.00074,0.98825,0.00020
86.10000,1.02194,0.01099,0.00071,0.98810,0.00020
86.24000,1.02194,0.01075,0.00073,0.98834,0.00019
86.38000,1.02194,0.01067,0.00074,0.98840,0.00019
86.52000,1.02194,0.01106,0.00075,0.98799,0.00020
86.66000,1.02193,0.01066,0.00074,0.98841,0.00019
86.80000,1.02193,0.01050,0.00075,0.98857,0.00018
86.94000,1.02193,0.01060,0.00075,0.98846,0.00018
87.08000,1.02193,0.01087,0.00077,0.98817,0.00019
87.22000,1.02193,0.01060,0.00074,0.98847,0.00019
87.36000,1.02193,0.01057,0.00073,0.98851,0.00019
87.50000,1.02193,0.01101,0.00073,0.98805,0.00021
87.64000,1.02193,0.01097,0.00072,0.98811,0.00020
87.78000,1.02194,0.01095,0.00070,0.98814,0.00021
87.92000,1.02194,0.01103,0.00070,0.98806,0.00021
88.06000,1.02194,0.01076,0.00069,0.98835,0.00020
88.20000,1.02194,0.01046,0.00070,0.98865,0.00019
88.34000,1.02194,0.01072,0.00071,0.98839,0.00019
88.48000,1.02193,0.01104,0.00072,0.98804,0.00020
88.62000,1.02193,0.01044,0.00073,0.98865,0.00018
88.76000,1.02193,0.01052,0.00074,0.98856,0.00018
88.90000,1.02193,0.01052,0.00075,0.98855,0.00019
89.04000,1.02193,0.01044,0.00073,0.98865,0.00018
89.18000,1.02193,0.01017,0.00073,0.98892,0.00017
89.32000,1.02193,0.01017,0.00073,0.98893,0.00017
89.46000,1.02194,0.01040,0.00073,0.98869,0.00018
89.60000,1.02194,0.01050,0.00073,0.98858,0.00018
89.74000,1.02194,0.01039,0.00071,0.98873,0.00017
89.88000,1.02194,0.01091,0.00073,0.98817,0.00019
90.02000,1.02194,0.01094,0.00074,0.98813,0.00019
90.16000,1.02193,0.01053,0.00071,0.98857,0.00018
90.30000,1.02193,0.01063,0.00072,0.98847,0.00018
90.44000,1.02193,0.01088,0.00073,0.98818,0.00021
90.58000,1.02193,0.01090,0.00074,0.98815,0.00021
90.72000,1.02193,0.01035,0.00074,0.98873,0.00018
90.86000,1.02193,0.01043,0.00077,0.98862,0.00018
91.00000,1.02193,0.01048,0.00077,0.98858,0.00018
91.14000,1.02193,0.01057,0.00075,0.98850,0.00018
91.28000,1.02194,0.01037,0.00076,0.98870,0.00017
91.42000,1.02194,0.01075,0.00075,0.98831,0.00019
91.56000,1.02194,0.01057,0.00073,0.98852,0.00018
91.70000,1.02194,0.01111,0.00074,0.98794,0.00021
91.84000,1.02194,0.01065,0.00071,0.98845,0.00018
91.98000,1.02193,0.01079,0.00073,0.98829,0.00019
92.12000,1.02193,0.01068,0.00071,0.98842,0.00019
92.26000,1.02193,0.01076,0.00072,0.98832,0.00019
92.40000,1.02193,0.01079,0.00072,0.98830,0.00019
92.54000,1.02193,0.01076,0.00072,0.98832,0.00020
92.68000,1.02193,0.01049,0.00071,0.98860,0.00019
92.82000,1.02193,0.01062,0.00072,0.98846,0.00020
92.96000,1.02194,0.01051,0.00073,0.98858,0.00019
93.10000,1.02194,0.01088,0.00073,0.98819,0.00020
93.24000,1.02194,0.01059,0.00072,0.98850,0.00019
93.38000,1.02194,0.01062,0.00073,0.98847,0.00018
93.52000,1.02194,0.01071,0.00074,0.98836,0.00019
93.66000,1.02193,0.01055,0.00074,0.98852,0.00019
93.80000,1.02193,0.01096,0.00073,0.98811,0.00020
93.94000,1.02193,0.01090,0.00071,0.98818,0.00021
94.08000,1.02193,0.01091,0.00072,0.98816,0.00021
94.22000,1.02193,0.01135,0.00072,0.98770,0.00023
94.36000,1.02193,0.01114,0.00071,0.98794,0.00021
94.50000,1.02193,0.01091,0.00072,0.98816,0.00020
94.64000,1.02193,0.01094,0.00071,0.98814,0.00020
94.78000,1.02194,0.01106,0.00072,0.98802,0.00020
94.92000,1.02194,0.01113,0.00069,0.98798,0.00020
95.06000,1.02194,0.01101,0.00071,0.98808,0.00020
95.20000,1.02194,0.01117,0.00070,0.98791,0.00021
95.34000,1.02194,0.01080,0.00071,0.98830,0.00019
95.48000,1.02193,0.01063,0.00071,0.98848,0.00019
95.62000,1.02193,0.01070,0.00076,0.98836,0.00019
95.76000,1.02193,0.01043,0.00072,0.98867,0.00018
95.90000,1.02193,0.01089,0.00074,0.98817,0.00020
96.04000,1.02193,0.01061,0.00073,0.98846,0.00019
96.18000,1.02193,0.01084,0.00075,0.98821,0.00020
96.32000,1.02193,0.01085,0.00075,0.98819,0.00020
96.46000,1.02194,0.01113,0.00073,0.98792,0.00021
96.60000,1.02194,0.01083,0.00072,0.98825,0.00020
96.74000,1.02194,0.01081,0.00074,0.98826,0.00019
96.88000,1.02194,0.01103,0.00074,0.98805,0.00019
97.02000,1.02194,0.01092,0.00075,0.98815,0.00018
97.16000,1.02193,0.01103,0.00076,0.98802,0.00019
97.30000,1.02193,0.01122,0.00077,0.98782,0.00019
97.44000,1.02193,0.01049,0.00076,0.98857,0.00018
97.58000,1.02193,0.01057,0.00074,0.98852,0.00018
97.72000,1.02193,0.01033,0.00075,0.98875,0.00017
97.86000,1.02193,0.01059,0.00074,0.98847,0.00019
98.00000,1.02193,0.01032,0.00075,0.98875,0.00018
98.14000,1.02193,0.01009,0.00074,0.98899,0.00017
98.28000,1.02194,0.01003,0.00077,0.98903,0.00017
98.42000,1.02194,0.01043,0.00075,0.98864,0.00019
98.56000,1.02194,0.01082,0.00072,0.98825,0.00021
98.70000,1.02194,0.01000,0.00071,0.98912,0.00018
98.84000,1.02194,0.00983,0.00072,0.98929,0.00015
98.98000,1.02193,0.00976,0.00076,0.98935,0.00014
99.12000,1.02193,0.00954,0.00081,0.98954,0.00011
99.26000,1.02193,0.00976,0.00085,0.98931,0.00008
99.40000,1.02193,0.01109,0.00095,0.98791,0.00005
99.54000,1.02193,0.01225,0.00103,0.98669,0.00003
99.68000,1.02193,0.01461,0.00113,0.98424,0.00003
99.82000,1.02193,0.01717,0.00118,0.98164,0.00002
99.96000,1.02194,0.02288,0.00134,0.97577,0.00001
100.10000,1.02194,0.03067,0.00156,0.96776,0.00001
100.24000,1.02194,0.04089,0.00154,0.95756,0.00000
100.38000,1.02194,0.05518,0.00158,0.94325,0.00000
100.52000,1.02194,0.07076,0.00152,0.92771,0.00000
100.66000,1.02193,0.08924,0.00171,0.90905,0.00000
100.80000,1.02193,0.12911,0.00176,0.86913,0.00000
100.94000,1.02193,0.14372,0.00176,0.85453,0.00000
101.08000,1.02193,0.17317,0.00190,0.82492,0.00000
101.22000,1.02193,0.15213,0.00181,0.84606,0.00000
101.36000,1.02193,0.14626,0.00201,0.85173,0.00000
101.50000,1.02193,0.14418,0.00204,0.85378,0.00000
101.64000,1.02193,0.14098,0.00223,0.85680,0.00000
101.78000,1.02194,0.13190,0.00223,0.86587,0.00000
101.92000,1.02194,0.12697,0.00210,0.87092,0.00000
102.06000,1.02194,0.11541,0.00215,0.88243,0.00000
102.20000,1.02194,0.13822,0.00229,0.85948,0.00000
102.34000,1.02194,0.12759,0.00237,0.87004,0.00000
102.48000,1.02193,0.12777,0.00209,0.87014,0.00000
102.62000,1.02193,0.12070,0.00230,0.87700,0.00000
102.76000,1.02193,0.11583,0.00220,0.88197,0.00000
102.90000,1.02193,0.11245,0.00223,0.88532,0.00000
103.04000,1.02193,0.11284,0.00226,0.88490,0.00000
103.18000,1.02193,0.10844,0.00228,0.88928,0.00000
103.32000,1.02193,0.10008,0.00208,0.89784,0.00000
103.46000,1.02194,0.10405,0.00215,0.89380,0.00000
103.60000,1.02194,0.10900,0.00216,0.88885,0.00000
103.74000,1.02194,0.10208,0.00211,0.89581,0.00000
103.88000,1.02194,0.10815,0.00229,0.88955,0.00000
104.02000,1.02194,0.10130,0.00213,0.89658,0.00000
104.16000,1.02193,0.10075,0.00225,0.89699,0.00000
104.30000,1.02193,0.10832,0.00224,0.88943,0.00000
104.44000,1.02193,0.10416,0.00193,0.89391,0.00000
104.58000,1.02193,0.09634,0.00196,0.90170,0.00000
104.72000,1.02193,0.07435,0.00173,0.92392,0.00000
104.86000,1.02193,0.06957,0.00169,0.92874,0.00000
105.00000,1.02193,0.04645,0.00146,0.95208,0.00000
105.14000,1.02193,0.03592,0.00134,0.96273,0.00001
105.28000,1.02194,0.02422,0.00128,0.97449,0.00002
105.42000,1.02194,0.01812,0.00114,0.98072,0.00002
105.56000,1.02194,0.01600,0.00116,0.98281,0.00003
105.70000,1.02194,0.01299,0.00102,0.98595,0.00004
105.84000,1.02194,0.01145,0.00098,0.98750,0.00006
105.98000,1.02193,0.01100,0.00091,0.98801,0.00008
106.12000,1.02193,0.01047,0.00088,0.98855,0.00010
106.26000,1.02193,0.01151,0.00080,0.98755,0.00014
106.40000,1.02193,0.02096,0.00072,0.97794,0.00038
106.54000,1.02193,0.03525,0.00058,0.96310,0.00107
106.68000,1.02193,0.06278,0.00043,0.93359,0.00320
106.82000,1.02193,0.10328,0.00036,0.88733,0.00903
106.96000,1.02194,0.17541,0.00027,0.80015,0.02417
107.10000,1.02194,0.27151,0.00018,0.66650,0.06180
107.24000,1.02194,0.34116,0.00012,0.53608,0.12265
107.38000,1.02194,0.37824,0.00010,0.48035,0.14131
107.52000,1.02194,0.69220,0.00002,0.19104,0.11674
107.66000,1.02193,0.88871,0.00000,0.04831,0.06298
107.80000,1.02193,0.96901,0.00000,0.00721,0.02378
107.94000,1.02193,0.98779,0.00000,0.00152,0.01069
108.08000,1.02193,0.99604,0.00000,0.00021,0.00375
