Time (seconds), Duration (seconds),pred_(unlabeled),pred_brushing_teeth,pred_hair_drying,pred_showering
0.00000,0.62194,0.99999,0.00000,0.00001,0.00000
0.33000,0.62194,0.93373,0.00000,0.00036,0.06591
0.66000,0.62194,0.96558,0.00000,0.00222,0.03220
0.99000,0.62194,0.98766,0.00000,0.00259,0.00974
1.32000,0.62194,0.97205,0.00000,0.00357,0.02438
1.65000,0.62194,0.98909,0.00000,0.00129,0.00962
1.98000,0.62194,0.99664,0.00000,0.00124,0.00212
2.31000,0.62194,0.99758,0.00000,0.00095,0.00147
2.64000,0.62194,0.99032,0.00000,0.00147,0.00820
2.97000,0.62194,0.99563,0.00000,0.00132,0.00305
3.30000,0.62194,0.99918,0.00000,0.00037,0.00045
3.63000,0.62194,0.99839,0.00000,0.00044,0.00117
3.96000,0.62194,0.98852,0.00000,0.00059,0.01088
4.29000,0.62194,0.99609,0.00000,0.00076,0.00316
4.62000,0.62194,0.98115,0.00000,0.00184,0.01701
4.95000,0.62194,0.99538,0.00000,0.00130,0.00332
5.28000,0.62194,0.99810,0.00000,0.00036,0.00154
5.61000,0.62194,0.99813,0.00000,0.00034,0.00153
5.94000,0.62194,0.98487,0.00000,0.00063,0.01449
6.27000,0.62194,0.95920,0.00001,0.00047,0.04033
6.60000,0.62194,0.99135,0.00000,0.00030,0.00835
6.93000,0.62194,0.99216,0.00000,0.00059,0.00725
7.26000,0.62194,0.99689,0.00000,0.00042,0.00268
7.59000,0.62194,0.99813,0.00000,0.00030,0.00158
7.92000,0.62194,0.99569,0.00000,0.00059,0.00372
8.25000,0.62194,0.99937,0.00000,0.00038,0.00025
8.58000,0.62194,0.99988,0.00000,0.00006,0.00006
8.91000,0.62194,0.99935,0.00000,0.00032,0.00033
9.24000,0.62194,0.99804,0.00000,0.00089,0.00107
9.57000,0.62194,0.98595,0.00000,0.00048,0.01357
9.90000,0.62194,0.96936,0.00001,0.00109,0.02954
10.23000,0.62194,0.98824,0.00000,0.00085,0.01091
10.56000,0.62194,0.99586,0.00000,0.00056,0.00358
10.89000,0.62194,0.99630,0.00000,0.00060,0.00310
11.22000,0.62194,0.99079,0.00000,0.00043,0.00877
11.55000,0.62194,0.99813,0.00000,0.00036,0.00150
11.88000,0.62194,0.99422,0.00001,0.00054,0.00524
12.21000,0.62194,0.99939,0.00000,0.00013,0.00048
12.54000,0.62194,0.99394,0.00000,0.00054,0.00552
12.87000,0.62194,0.99215,0.00000,0.00045,0.00740
13.20000,0.62194,0.99532,0.00000,0.00061,0.00407
13.53000,0.62194,0.98608,0.00000,0.00215,0.01177
13.86000,0.62194,0.98527,0.00000,0.00123,0.01350
14.19000,0.62194,0.97877,0.00000,0.00108,0.02015
14.52000,0.62194,0.99694,0.00000,0.00046,0.00260
14.85000,0.62194,0.98102,0.00000,0.00120,0.01778
15.18000,0.62194,0.99244,0.00000,0.00135,0.00621
15.51000,0.62194,0.95429,0.00000,0.00192,0.04378
15.84000,0.62194,0.99918,0.00000,0.00022,0.00060
16.17000,0.62194,0.99955,0.00000,0.00010,0.00036
16.50000,0.62194,0.99961,0.00000,0.00027,0.00012
16.83000,0.62194,0.98666,0.00000,0.00072,0.01262
17.16000,0.62194,0.92071,0.00001,0.00096,0.07832
17.49000,0.62194,0.97056,0.00001,0.00217,0.02726
17.82000,0.62194,0.97490,0.00000,0.00181,0.02328
18.15000,0.62194,0.98466,0.00000,0.00039,0.01495
18.48000,0.62194,0.96296,0.00001,0.00187,0.03516
18.81000,0.62194,0.97643,0.00000,0.00105,0.02252
19.14000,0.62194,0.99942,0.00000,0.00024,0.00034
19.47000,0.62194,0.99877,0.00000,0.00014,0.00109
19.80000,0.62194,0.99777,0.00000,0.00018,0.00206
20.13000,0.62194,0.99809,0.00000,0.00046,0.00146
20.46000,0.62194,0.99839,0.00000,0.00039,0.00122
20.79000,0.62194,0.99711,0.00000,0.00072,0.00217
21.12000,0.62194,0.97355,0.00000,0.00170,0.02475
21.45000,0.62194,0.99840,0.00000,0.00066,0.00094
21.78000,0.62194,0.99709,0.00000,0.00098,0.00192
22.11000,0.62194,0.98540,0.00000,0.00106,0.01353
22.44000,0.62194,0.99642,0.00000,0.00045,0.00313
22.77000,0.62194,0.99816,0.00000,0.00065,0.00119
23.10000,0.62194,0.99592,0.00000,0.00149,0.00259
23.43000,0.62194,0.99703,0.00000,0.00196,0.00101
23.76000,0.62194,0.99935,0.00000,0.00034,0.00031
24.09000,0.62194,0.99831,0.00000,0.00026,0.00142
24.42000,0.62194,0.99806,0.00000,0.00072,0.00122
24.75000,0.62194,0.99109,0.00000,0.00159,0.00731
25.08000,0.62194,0.98904,0.00000,0.00061,0.01034
25.41000,0.62194,0.98863,0.00000,0.00068,0.01069
25.74000,0.62194,0.99273,0.00000,0.00078,0.00649
26.07000,0.62194,0.99564,0.00000,0.00039,0.00397
26.40000,0.62194,0.98421,0.00000,0.00069,0.01510
26.73000,0.62194,0.99422,0.00000,0.00042,0.00536
27.06000,0.62194,0.99064,0.00000,0.00050,0.00886
27.39000,0.62194,0.98036,0.00000,0.00103,0.01861
27.72000,0.62194,0.99406,0.00000,0.00183,0.00411
28.05000,0.62194,0.99652,0.00000,0.00123,0.00224
28.38000,0.62194,0.99980,0.00000,0.00011,0.00009
28.71000,0.62194,0.99694,0.00000,0.00039,0.00267
29.04000,0.62194,0.99493,0.00000,0.00139,0.00368
29.37000,0.62194,0.99768,0.00000,0.00057,0.00175
29.70000,0.62194,0.99552,0.00000,0.00074,0.00374
30.03000,0.62194,0.99505,0.00000,0.00075,0.00420
30.36000,0.62194,0.99630,0.00000,0.00047,0.00323
30.69000,0.62194,0.99517,0.00000,0.00076,0.00406
31.02000,0.62194,0.99902,0.00000,0.00035,0.00063
31.35000,0.62194,0.99962,0.00000,0.00014,0.00024
31.68000,0.62194,0.98558,0.00000,0.00174,0.01268
32.01000,0.62194,0.99294,0.00000,0.00066,0.00640
32.34000,0.62194,0.99711,0.00000,0.00034,0.00255
32.67000,0.62194,0.99935,0.00000,0.00023,0.00041
33.00000,0.62194,0.99922,0.00000,0.00022,0.00055
33.33000,0.62194,0.99664,0.00000,0.00046,0.00290
33.66000,0.62194,0.96697,0.00001,0.00134,0.03169
33.99000,0.62194,0.98077,0.00001,0.00103,0.01819
34.32000,0.62194,0.99168,0.00000,0.00087,0.00745
34.65000,0.62194,0.99651,0.00000,0.00105,0.00244
34.98000,0.62194,0.98457,0.00000,0.00147,0.01396
35.31000,0.62194,0.99675,0.00000,0.00040,0.00285
35.64000,0.62194,0.99778,0.00000,0.00024,0.00198
35.97000,0.62194,0.99958,0.00000,0.00031,0.00011
36.30000,0.62194,0.99601,0.00000,0.00061,0.00337
36.63000,0.62194,0.99922,0.00000,0.00013,0.00065
36.96000,0.62194,0.99834,0.00000,0.00021,0.00145
37.29000,0.62194,0.99028,0.00000,0.00085,0.00887
37.62000,0.62194,0.99654,0.00000,0.00076,0.00270
37.95000,0.62194,0.99711,0.00000,0.00056,0.00233
38.28000,0.62194,0.99672,0.00000,0.00076,0.00252
38.61000,0.62194,0.99801,0.00000,0.00075,0.00124
38.94000,0.62194,0.99464,0.00000,0.00115,0.00421
39.27000,0.62194,0.99921,0.00000,0.00028,0.00050
39.60000,0.62194,0.99730,0.00000,0.00113,0.00157
39.93000,0.62194,0.99832,0.00000,0.00071,0.00097
40.26000,0.62194,0.99917,0.00000,0.00033,0.00051
40.59000,0.62194,0.99821,0.00000,0.00040,0.00139
40.92000,0.62194,0.95041,0.00000,0.00203,0.04755
41.25000,0.62194,0.99148,0.00000,0.00067,0.00785
41.58000,0.62194,0.99806,0.00000,0.00037,0.00157
41.91000,0.62194,0.99564,0.00000,0.00080,0.00356
42.24000,0.62194,0.96783,0.00000,0.00345,0.02872
42.57000,0.62194,0.99718,0.00000,0.00057,0.00225
42.90000,0.62194,0.98544,0.00000,0.00049,0.01407
43.23000,0.62194,0.98472,0.00000,0.00108,0.01420
43.56000,0.62194,0.99160,0.00000,0.00095,0.00745
43.89000,0.62194,0.99007,0.00000,0.00112,0.00881
44.22000,0.62194,0.98773,0.00000,0.00082,0.01145
44.55000,0.62194,0.99049,0.00000,0.00113,0.00838
44.88000,0.62194,0.99750,0.00000,0.00100,0.00150
45.21000,0.62194,0.99860,0.00000,0.00063,0.00078
45.54000,0.62194,0.99839,0.00000,0.00034,0.00126
45.87000,0.62194,0.99915,0.00000,0.00021,0.00063
46.20000,0.62194,0.99667,0.00000,0.00039,0.00294
46.53000,0.62194,0.99787,0.00000,0.00055,0.00157
46.86000,0.62194,0.99359,0.00000,0.00042,0.00599
47.19000,0.62194,0.98901,0.00000,0.00092,0.01006
47.52000,0.62194,0.99438,0.00000,0.00072,0.00490
47.85000,0.62194,0.99839,0.00000,0.00047,0.00114
48.18000,0.62194,0.99693,0.00000,0.00074,0.00233
48.51000,0.62194,0.98858,0.00000,0.00235,0.00906
48.84000,0.62194,0.99074,0.00000,0.00156,0.00770
49.17000,0.62194,0.98736,0.00000,0.00108,0.01156
49.50000,0.62194,0.99884,0.00000,0.00028,0.00088
49.83000,0.62194,0.99737,0.00000,0.00061,0.00202
50.16000,0.62194,0.99584,0.00000,0.00063,0.00353
50.49000,0.62194,0.99238,0.00000,0.00083,0.00679
50.82000,0.62194,0.98519,0.00000,0.00075,0.01407
51.15000,0.62194,0.96971,0.00000,0.00111,0.02918
51.48000,0.62194,0.98352,0.00001,0.00154,0.01493
51.81000,0.62194,0.99461,0.00000,0.00043,0.00496
52.14000,0.62194,0.98649,0.00000,0.00112,0.01238
52.47000,0.62194,0.99490,0.00000,0.00083,0.00427
52.80000,0.62194,0.99909,0.00000,0.00036,0.00055
53.13000,0.62194,0.99631,0.00000,0.00038,0.00332
53.46000,0.62194,0.99078,0.00000,0.00062,0.00859
53.79000,0.62194,0.99645,0.00000,0.00054,0.00301
54.12000,0.62194,0.99913,0.00000,0.00023,0.00064
54.45000,0.62194,0.99953,0.00000,0.00029,0.00018
54.78000,0.62194,0.99865,0.00000,0.00066,0.00069
55.11000,0.62194,0.99825,0.00000,0.00041,0.00135
55.44000,0.62194,0.99850,0.00000,0.00022,0.00128
55.77000,0.62194,0.99311,0.00000,0.00055,0.00634
56.10000,0.62194,0.98600,0.00000,0.00104,0.01295
56.43000,0.62194,0.99780,0.00000,0.00057,0.00164
56.76000,0.62194,0.99732,0.00000,0.00120,0.00148
57.09000,0.62194,0.99678,0.00000,0.00089,0.00234
57.42000,0.62194,0.99095,0.00000,0.00051,0.00854
57.75000,0.62194,0.99088,0.00000,0.00065,0.00848
58.08000,0.62194,0.98475,0.00000,0.00186,0.01339
58.41000,0.62194,0.98885,0.00000,0.00161,0.00953
58.74000,0.62194,0.99584,0.00000,0.00063,0.00352
59.07000,0.62194,0.98182,0.00000,0.00245,0.01573
59.40000,0.62194,0.99702,0.00000,0.00062,0.00236
59.73000,0.62194,0.99858,0.00000,0.00072,0.00070
60.06000,0.62194,0.99523,0.00000,0.00046,0.00431
60.39000,0.62194,0.96975,0.00013,0.00050,0.02962
60.72000,0.62194,0.64640,0.00007,0.00222,0.35131
61.05000,0.62194,0.64816,0.00009,0.03371,0.31803
61.38000,0.62194,0.39045,0.00005,0.00141,0.60809
61.71000,0.62194,0.97371,0.00000,0.00139,0.02490
62.04000,0.62194,0.97899,0.00000,0.00148,0.01953
62.37000,0.62194,0.99357,0.00000,0.00056,0.00586
62.70000,0.62194,0.98109,0.00000,0.00149,0.01742
63.03000,0.62194,0.99616,0.00000,0.00076,0.00307
63.36000,0.62194,0.98804,0.00000,0.00078,0.01118
63.69000,0.62194,0.98206,0.00000,0.00122,0.01671
64.02000,0.62194,0.99557,0.00000,0.00081,0.00362
64.35000,0.62194,0.99860,0.00000,0.00050,0.00090
64.68000,0.62194,0.99971,0.00000,0.00014,0.00015
65.01000,0.62193,0.99349,0.00000,0.00080,0.00571
65.34000,0.62194,0.99336,0.00000,0.00124,0.00540
65.67000,0.62194,0.99641,0.00000,0.00079,0.00279
66.00000,0.62194,0.98622,0.00000,0.00099,0.01278
66.33000,0.62193,0.99938,0.00000,0.00029,0.00033
66.66000,0.62193,0.99896,0.00000,0.00054,0.00050
66.99000,0.62194,0.99627,0.00000,0.00044,0.00329
67.32000,0.62194,0.99881,0.00000,0.00020,0.00100
67.65000,0.62193,0.98971,0.00000,0.00062,0.00967
67.98000,0.62193,0.99119,0.00000,0.00044,0.00837
68.31000,0.62194,0.99614,0.00000,0.00061,0.00325
68.64000,0.62194,0.99919,0.00000,0.00062,0.00019
68.97000,0.62193,0.99810,0.00000,0.00060,0.00130
69.30000,0.62193,0.98708,0.00000,0.00115,0.01177
69.63000,0.62194,0.99098,0.00000,0.00098,0.00805
69.96000,0.62194,0.99864,0.00000,0.00034,0.00102
70.29000,0.62193,0.99859,0.00000,0.00028,0.00113
70.62000,0.62193,0.99662,0.00000,0.00061,0.00277
70.95000,0.62194,0.98325,0.00000,0.00057,0.01618
71.28000,0.62194,0.99164,0.00000,0.00058,0.00777
71.61000,0.62194,0.99874,0.00000,0.00031,0.00095
71.94000,0.62193,0.99774,0.00000,0.00092,0.00134
72.27000,0.62194,0.98988,0.00000,0.00240,0.00771
72.60000,0.62194,0.99469,0.00000,0.00153,0.00378
72.93000,0.62194,0.99467,0.00000,0.00068,0.00465
73.26000,0.62193,0.99831,0.00000,0.00039,0.00130
73.59000,0.62194,0.99935,0.00000,0.00021,0.00044
73.92000,0.62194,0.99961,0.00000,0.00027,0.00012
74.25000,0.62194,0.99805,0.00000,0.00050,0.00145
74.58000,0.62193,0.99616,0.00000,0.00077,0.00306
74.91000,0.62193,0.98799,0.00000,0.00179,0.01021
75.24000,0.62194,0.99013,0.00000,0.00130,0.00857
75.57000,0.62194,0.99618,0.00000,0.00064,0.00318
75.90000,0.62193,0.99629,0.00000,0.00031,0.00340
76.23000,0.62193,0.98163,0.00000,0.00064,0.01773
76.56000,0.62194,0.99387,0.00000,0.00105,0.00508
76.89000,0.62194,0.98502,0.00001,0.00149,0.01349
77.22000,0.62193,0.99737,0.00000,0.00058,0.00205
77.55000,0.62193,0.99615,0.00000,0.00099,0.00286
77.88000,0.62194,0.99586,0.00000,0.00072,0.00342
78.21000,0.62194,0.99173,0.00000,0.00084,0.00743
78.54000,0.62193,0.99364,0.00000,0.00112,0.00525
78.87000,0.62193,0.98609,0.00000,0.00110,0.01281
79.20000,0.62194,0.99669,0.00000,0.00074,0.00256
79.53000,0.62194,0.99534,0.00000,0.00079,0.00387
79.86000,0.62194,0.99391,0.00000,0.00085,0.00523
80.19000,0.62193,0.99657,0.00000,0.00048,0.00295
80.52000,0.62194,0.99739,0.00000,0.00118,0.00143
80.85000,0.62194,0.99224,0.00000,0.00265,0.00511
81.18000,0.62194,0.99853,0.00000,0.00032,0.00115
81.51000,0.62193,0.99908,0.00000,0.00035,0.00057
81.84000,0.62194,0.98921,0.00000,0.00178,0.00901
82.17000,0.62194,0.97447,0.00001,0.00172,0.02380
82.50000,0.62194,0.99375,0.00000,0.00117,0.00508
82.83000,0.62193,0.99408,0.00000,0.00163,0.00429
83.16000,0.62193,0.98694,0.00000,0.00057,0.01249
83.49000,0.62194,0.97490,0.00001,0.00125,0.02384
83.82000,0.62194,0.99544,0.00000,0.00110,0.00346
84.15000,0.62193,0.99563,0.00000,0.00065,0.00373
84.48000,0.62193,0.99814,0.00000,0.00051,0.00135
84.81000,0.62194,0.99727,0.00000,0.00067,0.00206
85.14000,0.62194,0.99940,0.00000,0.00036,0.00024
85.47000,0.62193,0.99648,0.00000,0.00073,0.00279
85.80000,0.62193,0.99902,0.00000,0.00032,0.00065
86.13000,0.62194,0.99948,0.00000,0.00019,0.00033
86.46000,0.62194,0.99818,0.00000,0.00021,0.00161
86.79000,0.62193,0.99717,0.00000,0.00080,0.00203
87.12000,0.62193,0.99958,0.00000,0.00024,0.00019
87.45000,0.62194,0.99919,0.00000,0.00038,0.00043
87.78000,0.62194,0.99902,0.00000,0.00065,0.00033
88.11000,0.62194,0.99906,0.00000,0.00043,0.00051
88.44000,0.62193,0.99713,0.00000,0.00036,0.00251
88.77000,0.62194,0.99833,0.00000,0.00034,0.00134
89.10000,0.62194,0.98993,0.00000,0.00111,0.00896
89.43000,0.62194,0.98637,0.00000,0.00064,0.01299
89.76000,0.62193,0.98865,0.00000,0.00320,0.00814
90.09000,0.62194,0.99413,0.00000,0.00144,0.00444
90.42000,0.62194,0.99820,0.00000,0.00066,0.00115
90.75000,0.62194,0.99518,0.00000,0.00093,0.00389
91.08000,0.62193,0.99890,0.00000,0.00034,0.00075
91.41000,0.62193,0.99308,0.00000,0.00072,0.00620
91.74000,0.62194,0.98851,0.00000,0.00039,0.01110
92.07000,0.62194,0.99906,0.00000,0.00021,0.00073
92.40000,0.62193,0.99743,0.00000,0.00054,0.00203
92.73000,0.62193,0.99731,0.00000,0.00084,0.00185
93.06000,0.62194,0.99591,0.00000,0.00062,0.00347
93.39000,0.62194,0.99349,0.00000,0.00093,0.00558
93.72000,0.62193,0.98739,0.00000,0.00093,0.01168
94.05000,0.62193,0.99700,0.00000,0.00039,0.00261
94.38000,0.62194,0.99876,0.00000,0.00032,0.00092
94.71000,0.62194,0.98771,0.00000,0.00089,0.01140
95.04000,0.62193,0.99884,0.00000,0.00031,0.00085
95.37000,0.62193,0.99952,0.00000,0.00041,0.00008
95.70000,0.62194,0.99719,0.00000,0.00087,0.00193
96.03000,0.62194,0.99647,0.00000,0.00101,0.00252
96.36000,0.62194,0.98898,0.00000,0.00097,0.01004
96.69000,0.62193,0.96703,0.00001,0.00265,0.03031
97.02000,0.62194,0.98186,0.00000,0.00176,0.01638
97.35000,0.62194,0.99436,0.00000,0.00159,0.00405
97.68000,0.62194,0.99131,0.00000,0.00101,0.00767
98.01000,0.62193,0.99698,0.00000,0.00064,0.00237
98.34000,0.62194,0.99818,0.00000,0.00038,0.00144
98.67000,0.62194,0.99627,0.00000,0.00081,0.00292
99.00000,0.62194,0.99279,0.00000,0.00116,0.00604
99.33000,0.62193,0.98069,0.00000,0.00148,0.01782
99.66000,0.62193,0.98576,0.00000,0.00086,0.01338
99.99000,0.62194,0.99174,0.00000,0.00090,0.00736
100.32000,0.62194,0.99311,0.00000,0.00073,0.00617
100.65000,0.62193,0.99862,0.00000,0.00048,0.00091
100.98000,0.62193,0.99895,0.00000,0.00034,0.00071
101.31000,0.62194,0.99980,0.00000,0.00013,0.00007
101.64000,0.62194,0.99883,0.00000,0.00046,0.00071
101.97000,0.62193,0.99795,0.00000,0.00080,0.00125
102.30000,0.62193,0.99676,0.00000,0.00136,0.00189
102.63000,0.62194,0.99279,0.00000,0.00076,0.00645
102.96000,0.62194,0.99954,0.00000,0.00014,0.00033
103.29000,0.62193,0.99813,0.00000,0.00038,0.00150
103.62000,0.62193,0.99304,0.00000,0.00073,0.00623
103.95000,0.62194,0.99553,0.00000,0.00038,0.00409
104.28000,0.62194,0.99760,0.00000,0.00037,0.00202
104.61000,0.62194,0.98226,0.00000,0.00083,0.01692
104.94000,0.62193,0.98118,0.00000,0.00072,0.01809
105.27000,0.62194,0.91929,0.00001,0.00338,0.07732
105.60000,0.62194,0.99435,0.00000,0.00172,0.00393
105.93000,0.62194,0.99637,0.00000,0.00032,0.00332
106.26000,0.62193,0.99547,0.00000,0.00040,0.00413
106.59000,0.62194,0.99161,0.00000,0.00118,0.00720
106.92000,0.62194,0.99731,0.00000,0.00050,0.00219
107.25000,0.62194,0.99635,0.00000,0.00051,0.00313
107.58000,0.62193,0.98661,0.00001,0.00057,0.01280
107.91000,0.62193,0.99783,0.00000,0.00034,0.00183
108.24000,0.62194,0.99391,0.00000,0.00160,0.00449
108.57000,0.62194,0.99590,0.00000,0.00039,0.00371
108.90000,0.62193,0.94707,0.00000,0.00165,0.05127
109.23000,0.62193,0.94353,0.00004,0.00244,0.05400
109.56000,0.62194,0.98405,0.00001,0.00025,0.01569
109.89000,0.62194,0.99940,0.00000,0.00014,0.00046
110.22000,0.62193,0.99941,0.00000,0.00033,0.00026
110.55000,0.62193,0.99806,0.00000,0.00040,0.00154
110.88000,0.62194,0.94788,0.00001,0.00082,0.05130
111.21000,0.62194,0.60838,0.00001,0.00010,0.39151
111.54000,0.62193,0.39987,0.00444,0.00124,0.59444
111.87000,0.62193,0.12332,0.00050,0.00065,0.87553
112.20000,0.62194,0.09054,0.00176,0.00066,0.90705
112.53000,0.62194,0.11270,0.00030,0.00117,0.88583
112.86000,0.62194,0.08795,0.00045,0.00153,0.91007
113.19000,0.62193,0.21268,0.00044,0.00130,0.78558
113.52000,0.62194,0.28209,0.00067,0.00203,0.71521
113.85000,0.62194,0.11919,0.00193,0.00204,0.87684
114.18000,0.62194,0.23757,0.00239,0.00090,0.75913
114.51000,0.62193,0.52364,0.00267,0.00034,0.47334
114.84000,0.62194,0.77578,0.00082,0.00025,0.22315
115.17000,0.62194,0.57810,0.00205,0.00131,0.41854
115.50000,0.62194,0.96774,0.00000,0.00079,0.03147
115.83000,0.62193,0.99761,0.00000,0.00196,0.00043
116.16000,0.62193,0.99942,0.00000,0.00031,0.00027
116.49000,0.62194,0.99958,0.00000,0.00015,0.00026
116.82000,0.62194,0.99916,0.00000,0.00057,0.00027
117.15000,0.62193,0.99910,0.00000,0.00061,0.00029
117.48000,0.62193,0.99962,0.00000,0.00032,0.00006
117.81000,0.62194,0.99949,0.00000,0.00046,0.00005
118.14000,0.62194,0.99946,0.00000,0.00045,0.00009
118.47000,0.62193,0.99961,0.00000,0.00031,0.00007
118.80000,0.62193,0.99979,0.00000,0.00020,0.00001
119.13000,0.62194,0.99987,0.00000,0.00012,0.00001
119.46000,0.62194,0.99974,0.00000,0.00023,0.00003
119.79000,0.62193,0.99910,0.00000,0.00088,0.00003
120.12000,0.62193,0.99921,0.00000,0.00074,0.00005
120.45000,0.62194,0.99935,0.00000,0.00041,0.00024
120.78000,0.62194,0.99827,0.00000,0.00078,0.00095
121.11000,0.62194,0.99988,0.00000,0.00010,0.00003
121.44000,0.62193,0.99982,0.00000,0.00007,0.00010
121.77000,0.62194,0.99963,0.00000,0.00018,0.00019
122.10000,0.62194,0.99947,0.00000,0.00025,0.00028
122.43000,0.62194,0.99610,0.00000,0.00087,0.00302
122.76000,0.62193,0.99526,0.00000,0.00026,0.00448
123.09000,0.62194,0.98322,0.00002,0.00060,0.01615
123.42000,0.62194,0.69776,0.00005,0.00130,0.30088
123.75000,0.62194,0.89758,0.00000,0.00031,0.10211
124.08000,0.62193,0.99267,0.00000,0.00114,0.00619
124.41000,0.62193,0.99576,0.00000,0.00386,0.00038
124.74000,0.62194,0.96301,0.00000,0.02496,0.01203
125.07000,0.62194,0.99364,0.00000,0.00331,0.00304
125.40000,0.62193,0.99865,0.00000,0.00103,0.00032
125.73000,0.62193,0.99989,0.00000,0.00011,0.00000
126.06000,0.62194,0.99970,0.00000,0.00029,0.00000
126.39000,0.62194,0.99938,0.00000,0.00060,0.00002
126.72000,0.62193,0.99234,0.00000,0.00186,0.00580
127.05000,0.62193,0.99277,0.00000,0.00092,0.00630
127.38000,0.62194,0.99985,0.00000,0.00015,0.00001
127.71000,0.62194,0.99939,0.00000,0.00056,0.00005
128.03999,0.62195,0.99949,0.00000,0.00049,0.00002
128.37000,0.62195,0.99974,0.00000,0.00026,0.00000
128.70000,0.62193,0.99980,0.00000,0.00018,0.00001
129.03000,0.62193,0.99961,0.00000,0.00037,0.00001
129.36000,0.62193,0.99925,0.00000,0.00075,0.00001
129.69000,0.62193,0.99968,0.00000,0.00028,0.00004
130.02000,0.62193,0.99980,0.00000,0.00020,0.00001
130.35001,0.62193,0.99991,0.00000,0.00008,0.00001
130.67999,0.62195,0.99974,0.00000,0.00024,0.00002
131.00999,0.62195,0.99753,0.00000,0.00225,0.00022
131.34000,0.62195,0.99938,0.00000,0.00052,0.00010
131.67000,0.62193,0.99860,0.00000,0.00133,0.00008
132.00000,0.62193,0.99882,0.00000,0.00115,0.00003
132.33000,0.62193,0.99862,0.00000,0.00125,0.00013
132.66000,0.62193,0.99526,0.00000,0.00453,0.00021
132.99001,0.62193,0.99859,0.00000,0.00137,0.00004
133.32001,0.62193,0.99984,0.00000,0.00016,0.00001
133.64999,0.62195,0.99981,0.00000,0.00018,0.00001
133.98000,0.62195,0.99934,0.00000,0.00059,0.00007
134.31000,0.62193,0.99144,0.00000,0.00830,0.00026
134.64000,0.62193,0.99571,0.00000,0.00346,0.00083
134.97000,0.62193,0.99982,0.00000,0.00017,0.00001
135.30000,0.62193,0.99995,0.00000,0.00004,0.00000
135.63000,0.62193,0.99866,0.00000,0.00118,0.00016
135.96001,0.62193,0.99878,0.00000,0.00112,0.00010
136.28999,0.62195,0.99924,0.00000,0.00038,0.00038
136.62000,0.62195,0.98860,0.00000,0.00625,0.00515
136.95000,0.62193,0.99178,0.00000,0.00457,0.00364
137.28000,0.62193,0.94850,0.00001,0.00207,0.04942
137.61000,0.62193,0.77816,0.00001,0.00371,0.21811
137.94000,0.62193,0.94046,0.00001,0.00150,0.05804
138.27000,0.62193,0.98961,0.00001,0.00029,0.01009
138.60001,0.62193,0.83949,0.00002,0.00105,0.15944
138.92999,0.62195,0.97750,0.00000,0.00207,0.02043
139.25999,0.62195,0.99433,0.00000,0.00009,0.00558
139.59000,0.62195,1.00000,0.00000,0.00000,0.00000
139.92000,0.62193,0.99735,0.00000,0.00265,0.00000
140.25000,0.62193,0.73916,0.00000,0.26084,0.00000
140.58000,0.62193,0.66202,0.00000,0.33798,0.00000
140.91000,0.62193,0.99140,0.00000,0.00860,0.00000
141.24001,0.62193,0.99492,0.00000,0.00089,0.00419
141.57001,0.62193,0.99398,0.00002,0.00057,0.00542
141.89999,0.62195,0.98842,0.00001,0.00036,0.01121
142.23000,0.62195,0.99980,0.00000,0.00010,0.00010
142.56000,0.62193,0.99356,0.00000,0.00079,0.00565
142.89000,0.62193,0.97884,0.00000,0.00249,0.01867
143.22000,0.62193,0.99766,0.00000,0.00099,0.00135
143.55000,0.62193,0.99820,0.00000,0.00067,0.00113
143.88000,0.62193,0.99981,0.00000,0.00006,0.00012
144.21001,0.62193,0.99884,0.00000,0.00013,0.00103
144.53999,0.62195,0.99947,0.00000,0.00021,0.00032
144.87000,0.62195,0.99752,0.00000,0.00046,0.00202
145.20000,0.62193,0.99899,0.00000,0.00040,0.00060
145.53000,0.62193,0.99933,0.00000,0.00042,0.00024
145.86000,0.62193,0.99926,0.00000,0.00039,0.00035
146.19000,0.62193,0.99927,0.00000,0.00036,0.00037
146.52000,0.62193,0.99833,0.00000,0.00127,0.00040
146.85001,0.62193,0.99593,0.00000,0.00129,0.00277
147.17999,0.62195,0.99750,0.00000,0.00035,0.00215
147.50999,0.62195,0.99700,0.00000,0.00127,0.00173
147.84000,0.62195,0.99907,0.00000,0.00060,0.00033
148.17000,0.62193,0.99876,0.00000,0.00083,0.00042
148.50000,0.62193,0.99973,0.00000,0.00023,0.00003
148.83000,0.62193,0.99837,0.00000,0.00085,0.00079
149.16000,0.62193,0.99919,0.00000,0.00054,0.00027
149.49001,0.62193,0.99954,0.00000,0.00033,0.00014
149.82001,0.62193,0.99727,0.00000,0.00052,0.00222
150.14999,0.62195,0.99961,0.00000,0.00018,0.00021
150.48000,0.62195,0.99928,0.00000,0.00063,0.00009
150.81000,0.62193,0.99390,0.00000,0.00298,0.00312
151.14000,0.62193,0.99863,0.00000,0.00066,0.00072
151.47000,0.62193,0.99513,0.00000,0.00208,0.00278
151.80000,0.62193,0.99683,0.00000,0.00070,0.00247
152.13000,0.62193,0.99980,0.00000,0.00013,0.00007
152.46001,0.62193,0.99909,0.00000,0.00044,0.00047
152.78999,0.62195,0.99967,0.00000,0.00030,0.00003
153.12000,0.62195,0.99883,0.00000,0.00071,0.00046
153.45000,0.62193,0.99790,0.00000,0.00068,0.00142
153.78000,0.62193,0.99868,0.00000,0.00031,0.00100
154.11000,0.62193,0.99742,0.00000,0.00034,0.00224
154.44000,0.62193,0.99861,0.00000,0.00036,0.00102
154.77000,0.62193,0.99468,0.00000,0.00066,0.00466
155.10001,0.62193,0.99930,0.00000,0.00044,0.00027
155.42999,0.62195,0.99882,0.00000,0.00092,0.00025
155.75999,0.62195,0.99643,0.00000,0.00205,0.00152
156.09000,0.62195,0.99654,0.00000,0.00120,0.00226
156.42000,0.62193,0.99831,0.00000,0.00028,0.00140
156.75000,0.62193,0.99783,0.00000,0.00056,0.00161
157.08000,0.62193,0.99970,0.00000,0.00018,0.00013
157.41000,0.62193,0.99929,0.00000,0.00035,0.00037
157.74001,0.62193,0.99898,0.00000,0.00071,0.00031
158.07001,0.62193,0.99692,0.00000,0.00090,0.00218
158.39999,0.62195,0.99756,0.00000,0.00150,0.00094
158.73000,0.62195,0.99909,0.00000,0.00072,0.00019
159.06000,0.62193,0.99808,0.00000,0.00057,0.00135
159.39000,0.62193,0.99933,0.00000,0.00036,0.00030
159.72000,0.62193,0.99835,0.00000,0.00063,0.00102
160.05000,0.62193,0.99697,0.00000,0.00076,0.00226
160.38000,0.62193,0.99945,0.00000,0.00020,0.00035
160.71001,0.62193,0.99947,0.00000,0.00038,0.00015
161.03999,0.62195,0.99834,0.00000,0.00102,0.00065
161.37000,0.62195,0.99921,0.00000,0.00047,0.00032
161.70000,0.62193,0.99908,0.00000,0.00061,0.00031
162.03000,0.62193,0.99492,0.00000,0.00144,0.00363
162.36000,0.62193,0.99716,0.00000,0.00068,0.00216
162.69000,0.62193,0.99649,0.00000,0.00180,0.00171
163.02000,0.62193,0.99949,0.00000,0.00043,0.00008
163.35001,0.62193,0.99734,0.00000,0.00076,0.00191
163.67999,0.62195,0.99359,0.00000,0.00185,0.00456
164.00999,0.62195,0.99598,0.00000,0.00124,0.00278
164.34000,0.62195,0.99757,0.00000,0.00098,0.00145
164.67000,0.62193,0.99959,0.00000,0.00025,0.00016
165.00000,0.62193,0.99968,0.00000,0.00013,0.00019
165.33000,0.62193,0.99958,0.00000,0.00021,0.00022
165.66000,0.62193,0.99927,0.00000,0.00037,0.00036
165.99001,0.62193,0.99926,0.00000,0.00043,0.00031
166.32001,0.62193,0.99604,0.00000,0.00051,0.00345
166.64999,0.62195,0.99919,0.00000,0.00059,0.00022
166.98000,0.62195,0.99924,0.00000,0.00048,0.00028
167.31000,0.62193,0.97680,0.00000,0.00150,0.02170
167.64000,0.62193,0.98477,0.00000,0.00204,0.01319
167.97000,0.62193,0.99492,0.00000,0.00087,0.00420
168.30000,0.62193,0.99839,0.00000,0.00031,0.00131
168.63000,0.62193,0.99888,0.00000,0.00052,0.00060
168.96001,0.62193,0.99955,0.00000,0.00033,0.00012
169.28999,0.62195,0.99954,0.00000,0.00018,0.00028
169.62000,0.62195,0.99705,0.00000,0.00102,0.00193
169.95000,0.62193,0.99830,0.00000,0.00066,0.00104
170.28000,0.62193,0.99930,0.00000,0.00020,0.00051
170.61000,0.62193,0.99824,0.00000,0.00054,0.00123
170.94000,0.62193,0.98969,0.00000,0.00134,0.00897
171.27000,0.62193,0.97778,0.00000,0.00111,0.02110
171.60001,0.62193,0.96879,0.00000,0.00417,0.02704
171.92999,0.62195,0.99847,0.00000,0.00087,0.00066
172.25999,0.62195,0.99933,0.00000,0.00036,0.00031
172.59000,0.62195,0.99590,0.00000,0.00086,0.00324
172.92000,0.62193,0.99854,0.00000,0.00084,0.00062
173.25000,0.62193,0.99758,0.00000,0.00149,0.00093
173.58000,0.62193,0.99870,0.00000,0.00054,0.00077
173.91000,0.62193,0.99407,0.00000,0.00091,0.00502
174.24001,0.62193,0.99955,0.00000,0.00017,0.00027
174.57001,0.62193,0.99922,0.00000,0.00024,0.00054
174.89999,0.62195,0.99885,0.00000,0.00041,0.00074
175.23000,0.62195,0.99893,0.00000,0.00073,0.00034
175.56000,0.62193,0.99918,0.00000,0.00060,0.00022
175.89000,0.62193,0.99967,0.00000,0.00027,0.00007
176.22000,0.62193,0.99979,0.00000,0.00014,0.00008
176.55000,0.62193,0.99492,0.00000,0.00033,0.00475
176.88000,0.62193,0.99684,0.00000,0.00051,0.00264
177.21001,0.62193,0.99542,0.00000,0.00069,0.00389
177.53999,0.62195,0.99953,0.00000,0.00018,0.00028
177.87000,0.62195,0.99924,0.00000,0.00031,0.00045
178.20000,0.62193,0.99837,0.00000,0.00032,0.00131
178.53000,0.62193,0.99862,0.00000,0.00078,0.00060
178.86000,0.62193,0.99779,0.00000,0.00092,0.00129
179.19000,0.62193,0.99889,0.00000,0.00048,0.00063
179.52000,0.62193,0.99954,0.00000,0.00015,0.00032
179.85001,0.62193,0.99956,0.00000,0.00017,0.00026
180.17999,0.62195,0.97587,0.00000,0.00229,0.02183
180.50999,0.62195,0.99848,0.00000,0.00057,0.00094
180.84000,0.62195,0.99965,0.00000,0.00020,0.00015
181.17000,0.62193,0.99862,0.00000,0.00032,0.00107
181.50000,0.62193,0.99711,0.00000,0.00078,0.00210
181.83000,0.62193,0.99311,0.00000,0.00376,0.00312
182.16000,0.62193,0.99942,0.00000,0.00037,0.00021
182.49001,0.62193,0.99964,0.00000,0.00012,0.00025
182.82001,0.62193,0.99945,0.00000,0.00023,0.00032
183.14999,0.62195,0.99492,0.00000,0.00075,0.00432
183.48000,0.62195,0.99753,0.00000,0.00036,0.00211
183.81000,0.62193,0.99783,0.00000,0.00021,0.00196
184.14000,0.62193,0.98000,0.00000,0.00062,0.01938
184.47000,0.62193,0.99880,0.00000,0.00014,0.00107
184.80000,0.62193,0.99980,0.00000,0.00012,0.00008
185.13000,0.62193,0.99862,0.00000,0.00112,0.00026
185.46001,0.62193,0.99669,0.00000,0.00276,0.00055
185.78999,0.62195,0.99336,0.00000,0.00062,0.00602
186.12000,0.62195,0.99865,0.00000,0.00041,0.00094
186.45000,0.62193,0.99928,0.00000,0.00049,0.00023
186.78000,0.62193,0.99948,0.00000,0.00047,0.00005
187.11000,0.62193,0.99914,0.00000,0.00020,0.00066
187.44000,0.62193,0.99888,0.00000,0.00091,0.00021
187.77000,0.62193,0.99013,0.00000,0.00162,0.00825
188.10001,0.62193,0.97397,0.00001,0.00056,0.02547
188.42999,0.62195,0.99125,0.00000,0.00113,0.00761
188.75999,0.62195,0.99437,0.00000,0.00131,0.00431
189.09000,0.62195,0.99535,0.00000,0.00085,0.00380
189.42000,0.62193,0.99783,0.00000,0.00065,0.00152
189.75000,0.62193,0.99818,0.00000,0.00061,0.00121
190.08000,0.62193,0.99961,0.00000,0.00034,0.00005
190.41000,0.62193,0.99894,0.00000,0.00067,0.00039
190.74001,0.62193,0.99954,0.00000,0.00024,0.00022
191.07001,0.62193,0.98834,0.00000,0.00068,0.01098
191.39999,0.62195,0.98359,0.00000,0.00109,0.01532
191.73000,0.62195,0.95383,0.00001,0.00566,0.04050
192.06000,0.62193,0.94802,0.00001,0.00472,0.04726
192.39000,0.62193,0.98086,0.00000,0.00072,0.01842
192.72000,0.62193,0.98701,0.00000,0.00189,0.01110
193.05000,0.62193,0.98741,0.00000,0.00152,0.01107
193.38000,0.62193,0.99521,0.00000,0.00031,0.00449
193.71001,0.62193,0.96237,0.00000,0.00200,0.03563
194.03999,0.62195,0.99479,0.00000,0.00139,0.00381
194.37000,0.62195,0.99814,0.00000,0.00035,0.00151
194.70000,0.62193,0.93867,0.00002,0.00107,0.06025
195.03000,0.62193,0.71150,0.00007,0.00113,0.28730
195.36000,0.62193,0.98959,0.00000,0.00110,0.00931
195.69000,0.62193,0.99858,0.00000,0.00102,0.00040
196.02000,0.62193,0.99956,0.00000,0.00032,0.00012
196.35001,0.62193,0.98889,0.00000,0.00065,0.01045
196.67999,0.62195,0.97786,0.00000,0.00224,0.01990
197.00999,0.62195,0.99937,0.00000,0.00046,0.00017
197.34000,0.62195,0.99532,0.00000,0.00122,0.00346
197.67000,0.62193,0.99159,0.00000,0.00035,0.00805
198.00000,0.62193,0.95743,0.00001,0.00062,0.04194
198.33000,0.62193,0.99778,0.00000,0.00027,0.00195
198.66000,0.62193,0.99975,0.00000,0.00008,0.00017
198.99001,0.62193,0.99935,0.00017,0.00005,0.00044
199.32001,0.62193,0.99056,0.00007,0.00007,0.00930
199.64999,0.62195,0.96377,0.00001,0.00072,0.03551
199.98000,0.62195,0.98084,0.00000,0.00061,0.01854
200.31000,0.62193,0.98549,0.00435,0.00031,0.00985
200.64000,0.62193,0.97554,0.00014,0.00021,0.02411
200.97000,0.62193,0.85830,0.00173,0.03480,0.10518
201.30000,0.62193,0.99944,0.00006,0.00003,0.00047
201.63000,0.62193,0.99795,0.00204,0.00000,0.00000
201.96001,0.62193,0.99999,0.00000,0.00001,0.00000
202.28999,0.62195,0.99744,0.00000,0.00224,0.00032
202.62000,0.62195,0.83043,0.00000,0.10228,0.06728
202.95000,0.62193,0.89552,0.00000,0.06842,0.03605
203.28000,0.62193,0.99225,0.00000,0.00198,0.00577
203.61000,0.62193,0.99793,0.00000,0.00128,0.00080
203.94000,0.62193,0.99866,0.00000,0.00128,0.00006
204.27000,0.62193,0.99760,0.00000,0.00216,0.00024
204.60001,0.62193,0.99946,0.00000,0.00043,0.00011
204.92999,0.62195,0.99886,0.00000,0.00093,0.00020
205.25999,0.62195,0.99929,0.00000,0.00068,0.00003
205.59000,0.62195,0.99866,0.00000,0.00050,0.00084
205.92000,0.62193,0.99946,0.00000,0.00045,0.00009
206.25000,0.62193,0.99935,0.00000,0.00035,0.00030
206.58000,0.62193,0.99590,0.00000,0.00048,0.00361
206.91000,0.62193,0.98540,0.00000,0.00124,0.01335
207.24001,0.62193,0.95640,0.00002,0.00249,0.04110
207.57001,0.62193,0.96406,0.00001,0.00114,0.03478
207.89999,0.62195,0.99342,0.00000,0.00164,0.00493
208.23000,0.62195,0.99983,0.00000,0.00010,0.00008
208.56000,0.62193,0.99430,0.00000,0.00353,0.00216
208.89000,0.62193,0.99908,0.00000,0.00068,0.00024
209.22000,0.62193,0.99469,0.00000,0.00346,0.00184
209.55000,0.62193,0.99660,0.00000,0.00206,0.00134
209.88000,0.62193,0.99657,0.00000,0.00136,0.00207
210.21001,0.62193,0.99274,0.00000,0.00301,0.00425
210.53999,0.62195,0.93781,0.00001,0.00319,0.05899
210.87000,0.62195,0.99220,0.00000,0.00092,0.00688
211.20000,0.62193,0.95623,0.00006,0.01590,0.02781
211.53000,0.62193,0.98227,0.00000,0.00024,0.01749
211.86000,0.62193,0.99448,0.00000,0.00074,0.00479
212.19000,0.62193,0.99801,0.00000,0.00096,0.00102
212.52000,0.62193,0.99429,0.00000,0.00034,0.00537
212.85001,0.62193,0.90432,0.00002,0.00062,0.09505
213.17999,0.62195,0.99884,0.00000,0.00022,0.00094
213.50999,0.62195,0.99996,0.00000,0.00004,0.00001
213.84000,0.62195,0.99993,0.00000,0.00005,0.00002
214.17000,0.62193,0.99927,0.00000,0.00037,0.00036
214.50000,0.62193,0.99994,0.00000,0.00004,0.00002
214.83000,0.62193,0.99817,0.00041,0.00106,0.00036
215.16000,0.62193,0.34558,0.65390,0.00005,0.00048
215.49001,0.62193,0.02484,0.97493,0.00000,0.00022
215.82001,0.62193,0.02912,0.97070,0.00000,0.00018
216.14999,0.62195,0.02904,0.97088,0.00000,0.00008
216.48000,0.62195,0.07606,0.92239,0.00000,0.00154
216.81000,0.62193,0.20959,0.78603,0.00001,0.00438
217.14000,0.62193,0.19450,0.80435,0.00000,0.00114
217.47000,0.62193,0.07231,0.92750,0.00000,0.00019
217.80000,0.62193,0.05745,0.94242,0.00000,0.00012
218.13000,0.62193,0.15397,0.84540,0.00000,0.00063
218.46001,0.62193,0.13491,0.86465,0.00000,0.00043
218.78999,0.62195,0.20794,0.78373,0.00001,0.00832
219.12000,0.62195,0.13209,0.86603,0.00000,0.00188
219.45000,0.62193,0.22658,0.76865,0.00001,0.00476
219.78000,0.62193,0.15415,0.84516,0.00000,0.00068
220.11000,0.62193,0.13128,0.86784,0.00000,0.00088
220.44000,0.62193,0.10262,0.89665,0.00000,0.00073
220.77000,0.62193,0.08466,0.91527,0.00000,0.00007
221.10001,0.62193,0.02736,0.97263,0.00000,0.00001
221.42999,0.62195,0.07475,0.92516,0.00000,0.00009
221.75999,0.62195,0.06672,0.93286,0.00000,0.00041
222.09000,0.62195,0.05840,0.94127,0.00000,0.00033
222.42000,0.62193,0.04363,0.95615,0.00000,0.00022
222.75000,0.62193,0.01552,0.98426,0.00000,0.00022
223.08000,0.62193,0.10630,0.86611,0.00000,0.02759
223.41000,0.62193,0.04809,0.94737,0.00000,0.00454
223.74001,0.62193,0.10934,0.88859,0.00000,0.00206
224.07001,0.62193,0.20066,0.78401,0.00001,0.01533
224.39999,0.62195,0.27816,0.68173,0.00001,0.04010
224.73000,0.62195,0.16445,0.76722,0.00001,0.06832
225.06000,0.62193,0.11772,0.81091,0.00001,0.07136
225.39000,0.62193,0.18610,0.79319,0.00001,0.02070
225.72000,0.62193,0.15565,0.77312,0.00001,0.07122
226.05000,0.62193,0.06450,0.77086,0.00001,0.16464
226.38000,0.62193,0.01914,0.97731,0.00000,0.00354
226.71001,0.62193,0.01195,0.98682,0.00000,0.00123
227.03999,0.62195,0.03476,0.96232,0.00000,0.00292
227.37000,0.62195,0.03533,0.96369,0.00000,0.00098
227.70000,0.62193,0.04267,0.95585,0.00000,0.00148
228.03000,0.62193,0.02658,0.97260,0.00000,0.00082
228.36000,0.62193,0.06063,0.93828,0.00000,0.00109
228.69000,0.62193,0.03797,0.96187,0.00000,0.00017
229.02000,0.62193,0.12592,0.87339,0.00000,0.00069
229.35001,0.62193,0.22397,0.73105,0.00002,0.04497
229.67999,0.62195,0.01003,0.98978,0.00000,0.00019
230.00999,0.62195,0.00895,0.99090,0.00000,0.00015
230.34000,0.62195,0.02319,0.97657,0.00000,0.00023
230.67000,0.62193,0.01255,0.98701,0.00000,0.00044
231.00000,0.62193,0.04736,0.93663,0.00000,0.01601
231.33000,0.62193,0.01900,0.97895,0.00000,0.00205
231.66000,0.62193,0.03327,0.96566,0.00000,0.00108
231.99001,0.62193,0.11838,0.87949,0.00000,0.00213
232.32001,0.62193,0.03416,0.96354,0.00000,0.00230
232.64999,0.62195,0.08144,0.91832,0.00000,0.00024
232.98000,0.62195,0.05445,0.94528,0.00000,0.00027
233.31000,0.62193,0.12545,0.86628,0.00000,0.00826
233.64000,0.62193,0.12130,0.87701,0.00000,0.00169
233.97000,0.62193,0.16377,0.83390,0.00001,0.00232
234.30000,0.62193,0.36732,0.60637,0.00001,0.02630
234.63000,0.62193,0.11837,0.88058,0.00000,0.00105
234.96001,0.62193,0.11332,0.88567,0.00000,0.00101
235.28999,0.62195,0.10566,0.89342,0.00000,0.00092
235.62000,0.62195,0.14243,0.85743,0.00000,0.00014
235.95000,0.62193,0.05233,0.94751,0.00000,0.00016
236.28000,0.62193,0.06803,0.93170,0.00000,0.00026
236.61000,0.62193,0.04622,0.95371,0.00000,0.00006
236.94000,0.62193,0.03317,0.96673,0.00000,0.00009
237.27000,0.62193,0.00902,0.99098,0.00000,0.00000
237.60001,0.62193,0.00638,0.99362,0.00000,0.00000
237.92999,0.62195,0.00533,0.99467,0.00000,0.00000
238.25999,0.62195,0.03513,0.96485,0.00000,0.00001
238.59000,0.62195,0.14168,0.80006,0.00001,0.05825
238.92000,0.62193,0.11840,0.87992,0.00000,0.00167
239.25000,0.62193,0.22236,0.77556,0.00001,0.00208
239.58000,0.62193,0.08479,0.91288,0.00000,0.00232
239.91000,0.62193,0.12657,0.87059,0.00000,0.00284
240.24001,0.62193,0.32461,0.61049,0.00001,0.06489
240.57001,0.62193,0.37379,0.61354,0.00001,0.01266
240.89999,0.62195,0.17242,0.82509,0.00001,0.00249
241.23000,0.62195,0.06496,0.93503,0.00000,0.00001
241.56000,0.62193,0.07676,0.92323,0.00000,0.00001
241.89000,0.62193,0.07581,0.92413,0.00000,0.00005
242.22000,0.62193,0.28773,0.69020,0.00002,0.02206
242.55000,0.62193,0.22813,0.74431,0.00001,0.02755
242.88000,0.62193,0.19695,0.78801,0.00001,0.01503
243.21001,0.62193,0.18481,0.79059,0.00001,0.02458
243.53999,0.62195,0.19868,0.79063,0.00001,0.01068
243.87000,0.62195,0.18680,0.78324,0.00001,0.02995
244.20000,0.62193,0.16260,0.75835,0.00001,0.07904
244.53000,0.62193,0.25052,0.71298,0.00001,0.03650
