Time (seconds), Duration (seconds),pred_(unlabeled),pred_brushing_teeth,pred_hair_drying,pred_showering
0.00000,1.02194,0.98962,0.00000,0.00010,0.01028
0.14000,1.02194,0.96592,0.00000,0.00095,0.03313
0.28000,1.02194,0.91106,0.00000,0.00351,0.08543
0.42000,1.02194,0.90093,0.00000,0.00332,0.09574
0.56000,1.02194,0.87922,0.00000,0.00361,0.11717
0.70000,1.02194,0.82744,0.00000,0.00741,0.16515
0.84000,1.02194,0.83734,0.00000,0.00908,0.15357
0.98000,1.02194,0.80310,0.00000,0.01013,0.18677
1.12000,1.02194,0.80552,0.00000,0.01172,0.18276
1.26000,1.02194,0.83700,0.00000,0.01134,0.15166
1.40000,1.02194,0.80967,0.00000,0.01276,0.17757
1.54000,1.02194,0.83401,0.00000,0.01156,0.15443
1.68000,1.02194,0.87857,0.00000,0.01006,0.11136
1.82000,1.02194,0.85838,0.00000,0.01258,0.12904
1.96000,1.02194,0.85762,0.00000,0.01344,0.12893
2.10000,1.02194,0.86244,0.00000,0.01318,0.12438
2.24000,1.02194,0.85687,0.00000,0.01563,0.12750
2.38000,1.02194,0.86065,0.00000,0.01409,0.12526
2.52000,1.02194,0.86637,0.00000,0.01496,0.11867
2.66000,1.02194,0.86939,0.00000,0.01446,0.11615
2.80000,1.02194,0.86877,0.00000,0.01488,0.11635
2.94000,1.02194,0.84709,0.00000,0.01333,0.13958
3.08000,1.02194,0.86301,0.00000,0.01168,0.12531
3.22000,1.02194,0.85728,0.00000,0.01464,0.12808
3.36000,1.02194,0.88984,0.00000,0.00951,0.10066
3.50000,1.02194,0.87311,0.00000,0.00819,0.11870
3.64000,1.02194,0.88374,0.00000,0.00836,0.10790
3.78000,1.02194,0.88004,0.00000,0.00759,0.11238
3.92000,1.02194,0.88275,0.00000,0.00795,0.10930
4.06000,1.02194,0.88692,0.00000,0.00106,0.11203
4.20000,1.02194,0.92168,0.00000,0.00015,0.07817
4.34000,1.02194,0.95892,0.00001,0.00101,0.04007
4.48000,1.02194,0.97464,0.00003,0.00569,0.01964
4.62000,1.02194,0.94526,0.00024,0.04711,0.00738
4.76000,1.02194,0.92891,0.00043,0.06808,0.00258
4.90000,1.02194,0.63081,0.00370,0.36456,0.00093
5.04000,1.02194,0.00578,0.00028,0.99394,0.00000
5.18000,1.02194,0.00183,0.00010,0.99807,0.00000
5.32000,1.02194,0.00184,0.00011,0.99805,0.00000
5.46000,1.02194,0.00170,0.00012,0.99818,0.00000
5.60000,1.02194,0.00144,0.00012,0.99844,0.00000
5.74000,1.02194,0.00143,0.00014,0.99843,0.00000
5.88000,1.02194,0.00165,0.00013,0.99822,0.00000
6.02000,1.02194,0.00163,0.00013,0.99824,0.00000
6.16000,1.02194,0.00168,0.00012,0.99820,0.00000
6.30000,1.02194,0.00151,0.00013,0.99837,0.00000
6.44000,1.02194,0.00136,0.00015,0.99849,0.00000
6.58000,1.02194,0.00142,0.00013,0.99845,0.00000
6.72000,1.02194,0.00132,0.00016,0.99852,0.00000
6.86000,1.02194,0.00125,0.00017,0.99858,0.00000
7.00000,1.02194,0.00096,0.00019,0.99885,0.00000
7.14000,1.02194,0.00106,0.00020,0.99874,0.00000
7.28000,1.02194,0.00104,0.00021,0.99875,0.00000
7.42000,1.02194,0.00106,0.00018,0.99876,0.00000
7.56000,1.02194,0.00102,0.00019,0.99879,0.00000
7.70000,1.02194,0.00117,0.00021,0.99862,0.00000
7.84000,1.02194,0.00116,0.00019,0.99865,0.00000
7.98000,1.02194,0.00122,0.00017,0.99861,0.00000
8.12000,1.02194,0.00124,0.00017,0.99860,0.00000
8.26000,1.02194,0.00105,0.00018,0.99877,0.00000
8.40000,1.02194,0.00103,0.00022,0.99875,0.00000
8.54000,1.02194,0.00115,0.00021,0.99863,0.00000
8.68000,1.02194,0.00099,0.00022,0.99878,0.00000
8.82000,1.02194,0.00089,0.00023,0.99888,0.00000
8.96000,1.02194,0.00098,0.00025,0.99877,0.00000
9.10000,1.02194,0.00104,0.00023,0.99873,0.00000
9.24000,1.02194,0.00118,0.00019,0.99863,0.00000
9.38000,1.02194,0.00117,0.00019,0.99864,0.00000
9.52000,1.02194,0.00137,0.00016,0.99847,0.00000
9.66000,1.02194,0.00165,0.00013,0.99822,0.00000
9.80000,1.02194,0.00189,0.00011,0.99800,0.00000
9.94000,1.02194,0.00217,0.00009,0.99774,0.00000
10.08000,1.02194,0.00210,0.00008,0.99781,0.00000
10.22000,1.02194,0.00200,0.00009,0.99792,0.00000
10.36000,1.02194,0.00205,0.00009,0.99786,0.00000
10.50000,1.02194,0.00197,0.00008,0.99794,0.00000
10.64000,1.02194,0.00176,0.00010,0.99815,0.00000
10.78000,1.02194,0.00170,0.00011,0.99819,0.00000
10.92000,1.02194,0.00155,0.00013,0.99832,0.00000
11.06000,1.02194,0.00153,0.00014,0.99832,0.00000
11.20000,1.02194,0.00141,0.00013,0.99846,0.00000
11.34000,1.02194,0.00129,0.00015,0.99855,0.00000
11.48000,1.02194,0.00130,0.00017,0.99852,0.00000
11.62000,1.02194,0.00129,0.00016,0.99855,0.00000
11.76000,1.02194,0.00129,0.00015,0.99856,0.00000
11.90000,1.02194,0.00131,0.00015,0.99854,0.00000
12.04000,1.02194,0.00131,0.00016,0.99853,0.00000
12.18000,1.02194,0.00118,0.00016,0.99867,0.00000
12.32000,1.02194,0.00113,0.00018,0.99870,0.00000
12.46000,1.02194,0.00107,0.00019,0.99873,0.00000
12.60000,1.02194,0.00105,0.00027,0.99868,0.00000
12.74000,1.02194,0.00093,0.00027,0.99880,0.00000
12.88000,1.02194,0.00090,0.00030,0.99879,0.00000
13.02000,1.02194,0.00090,0.00029,0.99880,0.00000
13.16000,1.02194,0.00089,0.00029,0.99882,0.00000
13.30000,1.02194,0.00088,0.00029,0.99883,0.00000
13.44000,1.02194,0.00091,0.00029,0.99881,0.00000
13.58000,1.02194,0.00094,0.00026,0.99880,0.00000
13.72000,1.02194,0.00092,0.00025,0.99882,0.00000
13.86000,1.02194,0.00098,0.00025,0.99877,0.00000
14.00000,1.02194,0.00109,0.00024,0.99866,0.00000
14.14000,1.02194,0.00130,0.00019,0.99850,0.00000
14.28000,1.02194,0.00119,0.00016,0.99865,0.00000
14.42000,1.02194,0.00130,0.00018,0.99852,0.00000
14.56000,1.02194,0.00124,0.00018,0.99857,0.00000
14.70000,1.02194,0.00130,0.00017,0.99853,0.00000
14.84000,1.02194,0.00122,0.00015,0.99863,0.00000
14.98000,1.02194,0.00115,0.00017,0.99869,0.00000
15.12000,1.02194,0.00124,0.00019,0.99857,0.00000
15.26000,1.02194,0.00130,0.00016,0.99853,0.00000
15.40000,1.02194,0.00152,0.00018,0.99830,0.00000
15.54000,1.02194,0.00175,0.00016,0.99809,0.00000
15.68000,1.02194,0.00149,0.00016,0.99835,0.00000
15.82000,1.02194,0.00151,0.00014,0.99835,0.00000
15.96000,1.02194,0.00162,0.00016,0.99821,0.00000
16.10000,1.02194,0.00172,0.00018,0.99810,0.00000
16.24000,1.02194,0.00137,0.00014,0.99849,0.00000
16.38000,1.02194,0.00117,0.00019,0.99864,0.00000
16.52000,1.02194,0.00142,0.00017,0.99841,0.00000
16.66000,1.02194,0.00134,0.00021,0.99845,0.00000
16.80000,1.02194,0.00120,0.00017,0.99863,0.00000
16.94000,1.02194,0.00130,0.00018,0.99852,0.00000
17.08000,1.02194,0.00135,0.00017,0.99847,0.00000
17.22000,1.02194,0.00122,0.00019,0.99858,0.00000
17.36000,1.02194,0.00131,0.00016,0.99853,0.00000
17.50000,1.02194,0.00130,0.00017,0.99853,0.00000
17.64000,1.02194,0.00117,0.00017,0.99865,0.00000
17.78000,1.02194,0.00114,0.00019,0.99867,0.00000
17.92000,1.02194,0.00125,0.00019,0.99856,0.00000
18.06000,1.02194,0.00124,0.00018,0.99859,0.00000
18.20000,1.02194,0.00117,0.00017,0.99866,0.00000
18.34000,1.02194,0.00126,0.00016,0.99857,0.00000
18.48000,1.02194,0.00134,0.00016,0.99850,0.00000
18.62000,1.02194,0.00141,0.00015,0.99844,0.00000
18.76000,1.02194,0.00132,0.00016,0.99852,0.00000
18.90000,1.02194,0.00123,0.00017,0.99860,0.00000
19.04000,1.02194,0.00100,0.00019,0.99881,0.00000
19.18000,1.02194,0.00101,0.00021,0.99877,0.00000
19.32000,1.02194,0.00099,0.00021,0.99879,0.00000
19.46000,1.02194,0.00096,0.00022,0.99882,0.00000
19.60000,1.02194,0.00093,0.00021,0.99886,0.00000
19.74000,1.02194,0.00098,0.00030,0.99872,0.00000
19.88000,1.02194,0.00129,0.00023,0.99848,0.00000
20.02000,1.02194,0.00139,0.00020,0.99840,0.00000
20.16000,1.02194,0.00150,0.00016,0.99834,0.00000
20.30000,1.02194,0.00166,0.00018,0.99816,0.00000
20.44000,1.02194,0.00181,0.00016,0.99803,0.00000
20.58000,1.02194,0.00198,0.00017,0.99785,0.00000
20.72000,1.02194,0.00191,0.00011,0.99798,0.00000
20.86000,1.02194,0.00195,0.00011,0.99794,0.00000
21.00000,1.02194,0.00196,0.00010,0.99794,0.00000
21.14000,1.02194,0.00184,0.00009,0.99807,0.00000
21.28000,1.02194,0.00192,0.00011,0.99797,0.00000
21.42000,1.02194,0.00199,0.00009,0.99792,0.00000
21.56000,1.02194,0.00190,0.00008,0.99801,0.00000
21.70000,1.02194,0.00188,0.00008,0.99804,0.00000
21.84000,1.02194,0.00195,0.00009,0.99796,0.00000
21.98000,1.02194,0.00174,0.00009,0.99816,0.00000
22.12000,1.02194,0.00190,0.00009,0.99800,0.00000
22.26000,1.02194,0.00171,0.00009,0.99820,0.00000
22.40000,1.02194,0.00191,0.00010,0.99799,0.00000
22.54000,1.02194,0.00184,0.00009,0.99807,0.00000
22.68000,1.02194,0.00180,0.00009,0.99810,0.00000
22.82000,1.02194,0.00166,0.00010,0.99824,0.00000
22.96000,1.02194,0.00179,0.00010,0.99811,0.00000
23.10000,1.02194,0.00184,0.00010,0.99806,0.00000
23.24000,1.02194,0.00191,0.00009,0.99800,0.00000
23.38000,1.02194,0.00193,0.00009,0.99798,0.00000
23.52000,1.02194,0.00208,0.00010,0.99782,0.00000
23.66000,1.02194,0.00209,0.00011,0.99780,0.00000
23.80000,1.02194,0.00223,0.00009,0.99768,0.00000
23.94000,1.02194,0.00192,0.00009,0.99799,0.00000
24.08000,1.02194,0.00213,0.00009,0.99778,0.00000
24.22000,1.02194,0.00204,0.00009,0.99787,0.00000
24.36000,1.02194,0.00196,0.00008,0.99795,0.00000
24.50000,1.02194,0.00185,0.00009,0.99806,0.00000
24.64000,1.02194,0.00186,0.00009,0.99804,0.00000
24.78000,1.02194,0.00170,0.00010,0.99820,0.00000
24.92000,1.02194,0.00185,0.00010,0.99805,0.00000
25.06000,1.02194,0.00176,0.00010,0.99813,0.00000
25.20000,1.02194,0.00175,0.00011,0.99814,0.00000
25.34000,1.02194,0.00164,0.00011,0.99825,0.00000
25.48000,1.02194,0.00155,0.00011,0.99834,0.00000
25.62000,1.02194,0.00167,0.00012,0.99821,0.00000
25.76000,1.02194,0.00167,0.00011,0.99821,0.00000
25.90000,1.02194,0.00170,0.00011,0.99818,0.00000
26.04000,1.02194,0.00148,0.00011,0.99841,0.00000
26.18000,1.02194,0.00150,0.00012,0.99838,0.00000
26.32000,1.02194,0.00165,0.00011,0.99824,0.00000
26.46000,1.02194,0.00186,0.00010,0.99804,0.00000
26.60000,1.02194,0.00178,0.00010,0.99812,0.00000
26.74000,1.02194,0.00182,0.00009,0.99809,0.00000
26.88000,1.02194,0.00155,0.00010,0.99835,0.00000
27.02000,1.02194,0.00159,0.00010,0.99831,0.00000
27.16000,1.02194,0.00149,0.00012,0.99839,0.00000
27.30000,1.02194,0.00132,0.00014,0.99853,0.00000
27.44000,1.02194,0.00122,0.00014,0.99865,0.00000
27.58000,1.02194,0.00116,0.00015,0.99869,0.00000
27.72000,1.02194,0.00123,0.00015,0.99862,0.00000
27.86000,1.02194,0.00117,0.00016,0.99866,0.00000
28.00000,1.02194,0.00146,0.00018,0.99836,0.00000
28.14000,1.02194,0.00148,0.00014,0.99838,0.00000
28.28000,1.02194,0.00147,0.00014,0.99839,0.00000
28.42000,1.02194,0.00155,0.00013,0.99832,0.00000
28.56000,1.02194,0.00177,0.00012,0.99811,0.00000
28.70000,1.02194,0.00197,0.00012,0.99791,0.00000
28.84000,1.02194,0.00195,0.00010,0.99795,0.00000
28.98000,1.02194,0.00219,0.00010,0.99771,0.00000
29.12000,1.02194,0.00222,0.00008,0.99769,0.00000
29.26000,1.02194,0.00209,0.00008,0.99783,0.00000
29.40000,1.02194,0.00212,0.00008,0.99781,0.00000
29.54000,1.02194,0.00208,0.00008,0.99785,0.00000
29.68000,1.02194,0.00204,0.00008,0.99788,0.00000
29.82000,1.02194,0.00204,0.00008,0.99787,0.00000
29.96000,1.02194,0.00200,0.00009,0.99791,0.00000
30.10000,1.02194,0.00205,0.00009,0.99786,0.00000
30.24000,1.02194,0.00252,0.00009,0.99738,0.00000
30.38000,1.02194,0.00227,0.00008,0.99765,0.00000
30.52000,1.02194,0.00226,0.00008,0.99766,0.00000
30.66000,1.02194,0.00194,0.00009,0.99797,0.00000
30.80000,1.02194,0.00173,0.00010,0.99816,0.00000
30.94000,1.02194,0.00154,0.00013,0.99833,0.00000
31.08000,1.02194,0.00137,0.00014,0.99849,0.00000
31.22000,1.02194,0.00126,0.00018,0.99856,0.00000
31.36000,1.02194,0.00139,0.00019,0.99842,0.00000
31.50000,1.02194,0.00134,0.00020,0.99847,0.00000
31.64000,1.02194,0.00133,0.00018,0.99849,0.00000
31.78000,1.02194,0.00143,0.00016,0.99841,0.00000
31.92000,1.02194,0.00133,0.00015,0.99852,0.00000
32.06000,1.02193,0.00137,0.00017,0.99847,0.00000
32.20000,1.02194,0.00128,0.00017,0.99854,0.00000
32.34000,1.02194,0.00121,0.00017,0.99862,0.00000
32.48000,1.02194,0.00122,0.00018,0.99860,0.00000
32.62000,1.02194,0.00138,0.00016,0.99846,0.00000
32.76000,1.02194,0.00153,0.00015,0.99832,0.00000
32.90000,1.02193,0.00153,0.00014,0.99833,0.00000
33.04000,1.02194,0.00180,0.00015,0.99805,0.00000
33.18000,1.02194,0.00166,0.00014,0.99820,0.00000
33.32000,1.02194,0.00190,0.00013,0.99798,0.00000
33.46000,1.02194,0.00162,0.00012,0.99826,0.00000
33.60000,1.02194,0.00155,0.00012,0.99833,0.00000
33.74000,1.02193,0.00131,0.00014,0.99854,0.00000
33.88000,1.02194,0.00133,0.00016,0.99851,0.00000
34.02000,1.02194,0.00127,0.00017,0.99856,0.00000
34.16000,1.02194,0.00108,0.00017,0.99875,0.00000
34.30000,1.02194,0.00103,0.00021,0.99876,0.00000
34.44000,1.02194,0.00096,0.00021,0.99882,0.00000
34.58000,1.02193,0.00103,0.00021,0.99875,0.00000
34.72000,1.02193,0.00106,0.00020,0.99874,0.00000
34.86000,1.02194,0.00098,0.00022,0.99880,0.00000
35.00000,1.02194,0.00090,0.00024,0.99886,0.00000
35.14000,1.02194,0.00101,0.00024,0.99875,0.00000
35.28000,1.02194,0.00099,0.00026,0.99875,0.00000
35.42000,1.02194,0.00093,0.00025,0.99882,0.00000
35.56000,1.02193,0.00092,0.00027,0.99880,0.00000
35.70000,1.02194,0.00106,0.00022,0.99872,0.00000
35.84000,1.02194,0.00094,0.00023,0.99882,0.00000
35.98000,1.02194,0.00094,0.00023,0.99883,0.00000
36.12000,1.02194,0.00094,0.00023,0.99883,0.00000
36.26000,1.02194,0.00108,0.00024,0.99868,0.00000
36.40000,1.02193,0.00111,0.00020,0.99869,0.00000
36.54000,1.02194,0.00107,0.00021,0.99873,0.00000
36.68000,1.02194,0.00123,0.00021,0.99856,0.00000
36.82000,1.02194,0.00111,0.00019,0.99870,0.00000
36.96000,1.02194,0.00126,0.00018,0.99855,0.00000
37.10000,1.02194,0.00134,0.00016,0.99850,0.00000
37.24000,1.02193,0.00122,0.00015,0.99863,0.00000
37.38000,1.02194,0.00123,0.00014,0.99863,0.00000
37.52000,1.02194,0.00138,0.00015,0.99847,0.00000
37.66000,1.02194,0.00149,0.00013,0.99837,0.00000
37.80000,1.02194,0.00146,0.00012,0.99841,0.00000
37.94000,1.02194,0.00137,0.00013,0.99850,0.00000
38.08000,1.02193,0.00128,0.00016,0.99856,0.00000
38.22000,1.02193,0.00145,0.00015,0.99840,0.00000
38.36000,1.02194,0.00157,0.00012,0.99831,0.00000
38.50000,1.02194,0.00153,0.00013,0.99834,0.00000
38.64000,1.02194,0.00141,0.00013,0.99846,0.00000
38.78000,1.02194,0.00156,0.00014,0.99830,0.00000
38.92000,1.02194,0.00142,0.00014,0.99845,0.00000
39.06000,1.02193,0.00136,0.00013,0.99850,0.00000
39.20000,1.02194,0.00129,0.00014,0.99856,0.00000
39.34000,1.02194,0.00125,0.00014,0.99861,0.00000
39.48000,1.02194,0.00131,0.00014,0.99855,0.00000
39.62000,1.02194,0.00128,0.00015,0.99857,0.00000
39.76000,1.02194,0.00131,0.00015,0.99853,0.00000
39.90000,1.02193,0.00151,0.00014,0.99835,0.00000
40.04000,1.02194,0.00153,0.00012,0.99835,0.00000
40.18000,1.02194,0.00143,0.00012,0.99844,0.00000
40.32000,1.02194,0.00146,0.00014,0.99840,0.00000
40.46000,1.02194,0.00136,0.00014,0.99851,0.00000
40.60000,1.02194,0.00123,0.00015,0.99861,0.00000
40.74000,1.02193,0.00128,0.00015,0.99857,0.00000
40.88000,1.02194,0.00120,0.00018,0.99863,0.00000
41.02000,1.02194,0.00125,0.00019,0.99856,0.00000
41.16000,1.02194,0.00124,0.00019,0.99858,0.00000
41.30000,1.02194,0.00122,0.00017,0.99862,0.00000
41.44000,1.02194,0.00118,0.00017,0.99865,0.00000
41.58000,1.02193,0.00119,0.00018,0.99863,0.00000
41.72000,1.02193,0.00136,0.00018,0.99846,0.00000
41.86000,1.02194,0.00128,0.00016,0.99856,0.00000
42.00000,1.02194,0.00128,0.00017,0.99855,0.00000
42.14000,1.02194,0.00119,0.00019,0.99862,0.00000
42.28000,1.02194,0.00121,0.00020,0.99859,0.00000
42.42000,1.02194,0.00115,0.00020,0.99865,0.00000
42.56000,1.02193,0.00115,0.00023,0.99863,0.00000
42.70000,1.02194,0.00108,0.00023,0.99869,0.00000
42.84000,1.02194,0.00105,0.00023,0.99872,0.00000
42.98000,1.02194,0.00126,0.00024,0.99850,0.00000
43.12000,1.02194,0.00118,0.00024,0.99858,0.00000
43.26000,1.02194,0.00124,0.00022,0.99854,0.00000
43.40000,1.02193,0.00161,0.00027,0.99811,0.00000
43.54000,1.02194,0.00127,0.00018,0.99854,0.00000
43.68000,1.02194,0.00130,0.00019,0.99851,0.00000
43.82000,1.02194,0.00128,0.00017,0.99854,0.00000
43.96000,1.02194,0.00136,0.00016,0.99848,0.00000
44.10000,1.02194,0.00131,0.00016,0.99852,0.00000
44.24000,1.02193,0.00118,0.00017,0.99864,0.00000
44.38000,1.02194,0.00128,0.00016,0.99856,0.00000
44.52000,1.02194,0.00119,0.00017,0.99864,0.00000
44.66000,1.02194,0.00110,0.00017,0.99873,0.00000
44.80000,1.02194,0.00111,0.00019,0.99870,0.00000
44.94000,1.02194,0.00112,0.00018,0.99869,0.00000
45.08000,1.02193,0.00124,0.00020,0.99856,0.00000
45.22000,1.02193,0.00116,0.00018,0.99867,0.00000
45.36000,1.02194,0.00117,0.00018,0.99864,0.00000
45.50000,1.02194,0.00118,0.00018,0.99864,0.00000
45.64000,1.02194,0.00136,0.00017,0.99847,0.00000
45.78000,1.02194,0.00137,0.00015,0.99848,0.00000
45.92000,1.02194,0.00137,0.00015,0.99848,0.00000
46.06000,1.02193,0.00141,0.00017,0.99842,0.00000
46.20000,1.02194,0.00144,0.00014,0.99842,0.00000
46.34000,1.02194,0.00169,0.00012,0.99819,0.00000
46.48000,1.02194,0.00165,0.00011,0.99824,0.00000
46.62000,1.02194,0.00157,0.00012,0.99831,0.00000
46.76000,1.02194,0.00150,0.00014,0.99836,0.00000
46.90000,1.02193,0.00226,0.00018,0.99756,0.00000
47.04000,1.02194,0.00163,0.00011,0.99826,0.00000
47.18000,1.02194,0.00146,0.00013,0.99840,0.00000
47.32000,1.02194,0.00150,0.00013,0.99837,0.00000
47.46000,1.02194,0.00146,0.00013,0.99840,0.00000
47.60000,1.02194,0.00138,0.00013,0.99848,0.00000
47.74000,1.02193,0.00176,0.00012,0.99812,0.00000
47.88000,1.02194,0.00169,0.00011,0.99820,0.00000
48.02000,1.02194,0.00174,0.00012,0.99814,0.00000
48.16000,1.02194,0.00165,0.00011,0.99824,0.00000
48.30000,1.02194,0.00174,0.00010,0.99815,0.00000
48.44000,1.02194,0.00200,0.00011,0.99788,0.00000
48.58000,1.02193,0.00197,0.00010,0.99793,0.00000
48.72000,1.02193,0.00187,0.00010,0.99802,0.00000
48.86000,1.02194,0.00207,0.00010,0.99783,0.00000
49.00000,1.02194,0.00204,0.00010,0.99785,0.00000
49.14000,1.02194,0.00208,0.00010,0.99782,0.00000
49.28000,1.02194,0.00177,0.00011,0.99813,0.00000
49.42000,1.02194,0.00163,0.00012,0.99826,0.00000
49.56000,1.02193,0.00155,0.00013,0.99832,0.00000
49.70000,1.02194,0.00163,0.00013,0.99824,0.00000
49.84000,1.02194,0.00159,0.00015,0.99825,0.00000
49.98000,1.02194,0.00152,0.00015,0.99833,0.00000
50.12000,1.02194,0.00149,0.00015,0.99836,0.00000
50.26000,1.02194,0.00168,0.00013,0.99819,0.00000
50.40000,1.02193,0.00159,0.00013,0.99828,0.00000
50.54000,1.02194,0.00162,0.00012,0.99825,0.00000
50.68000,1.02194,0.00158,0.00012,0.99829,0.00000
50.82000,1.02194,0.00164,0.00012,0.99824,0.00000
50.96000,1.02194,0.00183,0.00012,0.99806,0.00000
51.10000,1.02194,0.00176,0.00013,0.99811,0.00000
51.24000,1.02193,0.00184,0.00010,0.99806,0.00000
51.38000,1.02194,0.00191,0.00010,0.99799,0.00000
51.52000,1.02194,0.00212,0.00010,0.99778,0.00000
51.66000,1.02194,0.00204,0.00010,0.99785,0.00000
51.80000,1.02194,0.00199,0.00009,0.99791,0.00000
51.94000,1.02194,0.00188,0.00012,0.99800,0.00000
52.08000,1.02193,0.00165,0.00011,0.99824,0.00000
52.22000,1.02193,0.00155,0.00013,0.99832,0.00000
52.36000,1.02194,0.00127,0.00016,0.99858,0.00000
52.50000,1.02194,0.00132,0.00018,0.99850,0.00000
52.64000,1.02194,0.00114,0.00020,0.99865,0.00000
52.78000,1.02194,0.00121,0.00019,0.99859,0.00000
52.92000,1.02194,0.00125,0.00019,0.99856,0.00000
53.06000,1.02193,0.00114,0.00018,0.99867,0.00000
53.20000,1.02194,0.00134,0.00017,0.99849,0.00000
53.34000,1.02194,0.00124,0.00018,0.99858,0.00000
53.48000,1.02194,0.00128,0.00016,0.99856,0.00000
53.62000,1.02194,0.00122,0.00019,0.99859,0.00000
53.76000,1.02194,0.00125,0.00021,0.99854,0.00000
53.90000,1.02193,0.00129,0.00021,0.99849,0.00000
54.04000,1.02194,0.00124,0.00024,0.99852,0.00000
54.18000,1.02194,0.00122,0.00024,0.99854,0.00000
54.32000,1.02194,0.00119,0.00025,0.99856,0.00000
54.46000,1.02194,0.00125,0.00022,0.99853,0.00000
54.60000,1.02194,0.00121,0.00021,0.99858,0.00000
54.74000,1.02193,0.00128,0.00020,0.99852,0.00000
54.88000,1.02194,0.00125,0.00019,0.99856,0.00000
55.02000,1.02194,0.00128,0.00019,0.99853,0.00000
55.16000,1.02194,0.00129,0.00017,0.99854,0.00000
55.30000,1.02194,0.00132,0.00017,0.99850,0.00000
55.44000,1.02194,0.00161,0.00016,0.99822,0.00000
55.58000,1.02193,0.00147,0.00018,0.99836,0.00000
55.72000,1.02193,0.00125,0.00018,0.99858,0.00000
55.86000,1.02194,0.00124,0.00018,0.99858,0.00000
56.00000,1.02194,0.00111,0.00021,0.99868,0.00000
56.14000,1.02194,0.00114,0.00022,0.99864,0.00000
56.28000,1.02194,0.00120,0.00020,0.99859,0.00000
56.42000,1.02194,0.00138,0.00020,0.99842,0.00000
56.56000,1.02193,0.00133,0.00016,0.99851,0.00000
56.70000,1.02194,0.00130,0.00016,0.99855,0.00000
56.84000,1.02194,0.00137,0.00016,0.99846,0.00000
56.98000,1.02194,0.00160,0.00014,0.99827,0.00000
57.12000,1.02194,0.00126,0.00014,0.99860,0.00000
57.26000,1.02194,0.00125,0.00016,0.99858,0.00000
57.40000,1.02193,0.00124,0.00017,0.99859,0.00000
57.54000,1.02194,0.00135,0.00017,0.99848,0.00000
57.68000,1.02194,0.00134,0.00015,0.99851,0.00000
57.82000,1.02194,0.00129,0.00015,0.99855,0.00000
57.96000,1.02194,0.00131,0.00016,0.99852,0.00000
58.10000,1.02194,0.00151,0.00014,0.99835,0.00000
58.24000,1.02193,0.00150,0.00013,0.99837,0.00000
58.38000,1.02194,0.00158,0.00012,0.99829,0.00000
58.52000,1.02194,0.00157,0.00013,0.99830,0.00000
58.66000,1.02194,0.00174,0.00012,0.99814,0.00000
58.80000,1.02194,0.00181,0.00012,0.99807,0.00000
58.94000,1.02194,0.00169,0.00011,0.99820,0.00000
59.08000,1.02193,0.00196,0.00013,0.99791,0.00000
59.22000,1.02193,0.00178,0.00011,0.99810,0.00000
59.36000,1.02194,0.00163,0.00011,0.99825,0.00000
59.50000,1.02194,0.00163,0.00012,0.99825,0.00000
59.64000,1.02194,0.00160,0.00013,0.99828,0.00000
59.78000,1.02194,0.00152,0.00013,0.99835,0.00000
59.92000,1.02194,0.00153,0.00013,0.99834,0.00000
60.06000,1.02193,0.00138,0.00015,0.99848,0.00000
60.20000,1.02194,0.00125,0.00015,0.99859,0.00000
60.34000,1.02194,0.00129,0.00016,0.99855,0.00000
60.48000,1.02194,0.00126,0.00016,0.99857,0.00000
60.62000,1.02194,0.00130,0.00017,0.99853,0.00000
60.76000,1.02194,0.00125,0.00018,0.99857,0.00000
60.90000,1.02193,0.00151,0.00019,0.99830,0.00000
61.04000,1.02194,0.00141,0.00019,0.99840,0.00000
61.18000,1.02194,0.00142,0.00015,0.99843,0.00000
61.32000,1.02194,0.00148,0.00017,0.99834,0.00000
61.46000,1.02194,0.00200,0.00016,0.99784,0.00000
61.60000,1.02194,0.00163,0.00011,0.99826,0.00000
61.74000,1.02193,0.00170,0.00010,0.99820,0.00000
61.88000,1.02194,0.00168,0.00012,0.99819,0.00000
62.02000,1.02194,0.00178,0.00010,0.99811,0.00000
62.16000,1.02194,0.00170,0.00011,0.99818,0.00000
62.30000,1.02194,0.00167,0.00013,0.99820,0.00000
62.44000,1.02194,0.00164,0.00013,0.99823,0.00000
62.58000,1.02193,0.00174,0.00012,0.99814,0.00000
62.72000,1.02193,0.00155,0.00015,0.99830,0.00000
62.86000,1.02194,0.00177,0.00014,0.99809,0.00000
63.00000,1.02193,0.00182,0.00015,0.99803,0.00000
63.14000,1.02193,0.00172,0.00014,0.99814,0.00000
63.28000,1.02194,0.00163,0.00013,0.99824,0.00000
63.42000,1.02194,0.00144,0.00015,0.99842,0.00000
63.56000,1.02194,0.00153,0.00015,0.99832,0.00000
63.70000,1.02194,0.00147,0.00014,0.99839,0.00000
63.84000,1.02194,0.00146,0.00015,0.99839,0.00000
63.98000,1.02194,0.00122,0.00017,0.99861,0.00000
64.12000,1.02193,0.00129,0.00018,0.99852,0.00000
64.26000,1.02193,0.00132,0.00019,0.99849,0.00000
64.40000,1.02193,0.00133,0.00017,0.99850,0.00000
64.54000,1.02193,0.00133,0.00017,0.99849,0.00000
64.68000,1.02193,0.00111,0.00020,0.99870,0.00000
64.82000,1.02193,0.00122,0.00020,0.99859,0.00000
64.96000,1.02194,0.00124,0.00018,0.99858,0.00000
65.10000,1.02194,0.00128,0.00019,0.99853,0.00000
65.24000,1.02194,0.00108,0.00020,0.99872,0.00000
65.38000,1.02194,0.00109,0.00021,0.99870,0.00000
65.52000,1.02194,0.00113,0.00021,0.99866,0.00000
65.66000,1.02193,0.00112,0.00021,0.99867,0.00000
65.80000,1.02193,0.00108,0.00023,0.99869,0.00000
65.94000,1.02193,0.00129,0.00021,0.99849,0.00000
66.08000,1.02193,0.00134,0.00020,0.99846,0.00000
66.22000,1.02193,0.00127,0.00022,0.99851,0.00000
66.36000,1.02193,0.00136,0.00019,0.99845,0.00000
66.50000,1.02193,0.00139,0.00020,0.99842,0.00000
66.64000,1.02193,0.00174,0.00015,0.99810,0.00000
66.78000,1.02194,0.00190,0.00014,0.99796,0.00000
66.92000,1.02194,0.00181,0.00012,0.99808,0.00000
67.06000,1.02194,0.00183,0.00013,0.99804,0.00000
67.20000,1.02194,0.00207,0.00010,0.99783,0.00000
67.34000,1.02194,0.00231,0.00008,0.99760,0.00000
67.48000,1.02193,0.00239,0.00007,0.99754,0.00000
67.62000,1.02193,0.00243,0.00007,0.99750,0.00000
67.76000,1.02193,0.00245,0.00008,0.99746,0.00000
67.90000,1.02193,0.00287,0.00007,0.99706,0.00000
68.04000,1.02193,0.00266,0.00007,0.99727,0.00000
68.18000,1.02193,0.00292,0.00007,0.99701,0.00000
68.32000,1.02193,0.00262,0.00007,0.99731,0.00000
68.46000,1.02194,0.00255,0.00007,0.99738,0.00000
68.60000,1.02194,0.00266,0.00007,0.99727,0.00000
68.74000,1.02194,0.00261,0.00007,0.99732,0.00000
68.88000,1.02194,0.00257,0.00007,0.99736,0.00000
69.02000,1.02194,0.00227,0.00008,0.99765,0.00000
69.16000,1.02193,0.00228,0.00007,0.99765,0.00000
69.30000,1.02193,0.00207,0.00009,0.99784,0.00000
69.44000,1.02193,0.00218,0.00009,0.99773,0.00000
69.58000,1.02193,0.00188,0.00009,0.99803,0.00000
69.72000,1.02193,0.00215,0.00010,0.99775,0.00000
69.86000,1.02193,0.00205,0.00010,0.99785,0.00000
70.00000,1.02193,0.00200,0.00009,0.99791,0.00000
70.14000,1.02193,0.00215,0.00010,0.99775,0.00000
70.28000,1.02194,0.00227,0.00010,0.99764,0.00000
70.42000,1.02194,0.00224,0.00010,0.99765,0.00000
70.56000,1.02194,0.00226,0.00008,0.99765,0.00000
70.70000,1.02194,0.00217,0.00009,0.99773,0.00000
70.84000,1.02194,0.00210,0.00009,0.99782,0.00000
70.98000,1.02193,0.00223,0.00009,0.99769,0.00000
71.12000,1.02193,0.00222,0.00008,0.99771,0.00000
71.26000,1.02193,0.00212,0.00008,0.99780,0.00000
71.40000,1.02193,0.00202,0.00008,0.99790,0.00000
71.54000,1.02193,0.00200,0.00010,0.99791,0.00000
71.68000,1.02193,0.00178,0.00009,0.99812,0.00000
71.82000,1.02193,0.00198,0.00010,0.99792,0.00000
71.96000,1.02194,0.00196,0.00011,0.99793,0.00000
72.10000,1.02194,0.00202,0.00011,0.99788,0.00000
72.24000,1.02194,0.00216,0.00009,0.99774,0.00000
72.38000,1.02194,0.00202,0.00012,0.99786,0.00000
72.52000,1.02194,0.00186,0.00012,0.99802,0.00000
72.66000,1.02193,0.00197,0.00014,0.99788,0.00000
72.80000,1.02193,0.00190,0.00013,0.99796,0.00000
72.94000,1.02193,0.00195,0.00014,0.99791,0.00000
73.08000,1.02193,0.00198,0.00014,0.99788,0.00000
73.22000,1.02193,0.00273,0.00018,0.99709,0.00000
73.36000,1.02193,0.00214,0.00010,0.99776,0.00000
73.50000,1.02193,0.00254,0.00009,0.99737,0.00000
73.64000,1.02193,0.00253,0.00010,0.99738,0.00000
73.78000,1.02194,0.00230,0.00009,0.99761,0.00000
73.92000,1.02194,0.00241,0.00010,0.99749,0.00000
74.06000,1.02194,0.00217,0.00009,0.99774,0.00000
74.20000,1.02194,0.00203,0.00010,0.99787,0.00000
74.34000,1.02194,0.00230,0.00011,0.99759,0.00000
74.48000,1.02193,0.00196,0.00010,0.99794,0.00000
74.62000,1.02193,0.00181,0.00010,0.99809,0.00000
74.76000,1.02193,0.00187,0.00011,0.99801,0.00000
74.90000,1.02193,0.00173,0.00012,0.99815,0.00000
75.04000,1.02193,0.00162,0.00013,0.99825,0.00000
75.18000,1.02193,0.00163,0.00012,0.99825,0.00000
75.32000,1.02193,0.00163,0.00015,0.99822,0.00000
75.46000,1.02194,0.00163,0.00012,0.99825,0.00000
75.60000,1.02194,0.00160,0.00013,0.99827,0.00000
75.74000,1.02194,0.00156,0.00013,0.99831,0.00000
75.88000,1.02194,0.00166,0.00013,0.99820,0.00000
76.02000,1.02194,0.00166,0.00013,0.99821,0.00000
76.16000,1.02193,0.00149,0.00014,0.99837,0.00000
76.30000,1.02193,0.00133,0.00014,0.99853,0.00000
76.44000,1.02193,0.00143,0.00014,0.99843,0.00000
76.58000,1.02193,0.00148,0.00014,0.99838,0.00000
76.72000,1.02193,0.00138,0.00014,0.99848,0.00000
76.86000,1.02193,0.00134,0.00014,0.99852,0.00000
77.00000,1.02193,0.00140,0.00016,0.99844,0.00000
77.14000,1.02193,0.00130,0.00015,0.99854,0.00000
77.28000,1.02194,0.00137,0.00015,0.99848,0.00000
77.42000,1.02194,0.00134,0.00016,0.99850,0.00000
77.56000,1.02194,0.00131,0.00016,0.99852,0.00000
77.70000,1.02194,0.00154,0.00014,0.99832,0.00000
77.84000,1.02194,0.00138,0.00015,0.99847,0.00000
77.98000,1.02193,0.00151,0.00013,0.99836,0.00000
78.12000,1.02193,0.00163,0.00013,0.99824,0.00000
78.26000,1.02193,0.00167,0.00012,0.99821,0.00000
78.40000,1.02193,0.00164,0.00013,0.99823,0.00000
78.54000,1.02193,0.00171,0.00011,0.99818,0.00000
78.68000,1.02193,0.00173,0.00013,0.99814,0.00000
78.82000,1.02193,0.00173,0.00010,0.99817,0.00000
78.96000,1.02194,0.00169,0.00012,0.99819,0.00000
79.10000,1.02194,0.00172,0.00012,0.99816,0.00000
79.24000,1.02194,0.00152,0.00013,0.99836,0.00000
79.38000,1.02194,0.00149,0.00012,0.99839,0.00000
79.52000,1.02194,0.00147,0.00014,0.99839,0.00000
79.66000,1.02193,0.00148,0.00015,0.99837,0.00000
79.80000,1.02193,0.00154,0.00013,0.99832,0.00000
79.94000,1.02193,0.00155,0.00013,0.99832,0.00000
80.08000,1.02193,0.00162,0.00012,0.99826,0.00000
80.22000,1.02193,0.00166,0.00012,0.99821,0.00000
80.36000,1.02193,0.00175,0.00010,0.99815,0.00000
80.50000,1.02193,0.00172,0.00009,0.99818,0.00000
80.64000,1.02193,0.00182,0.00010,0.99808,0.00000
80.78000,1.02194,0.00162,0.00010,0.99828,0.00000
80.92000,1.02194,0.00175,0.00010,0.99815,0.00000
81.06000,1.02194,0.00177,0.00010,0.99813,0.00000
81.20000,1.02194,0.00179,0.00009,0.99811,0.00000
81.34000,1.02194,0.00176,0.00009,0.99815,0.00000
81.48000,1.02193,0.00191,0.00009,0.99799,0.00000
81.62000,1.02193,0.00192,0.00009,0.99799,0.00000
81.76000,1.02193,0.00201,0.00009,0.99790,0.00000
81.90000,1.02193,0.00218,0.00009,0.99773,0.00000
82.04000,1.02193,0.00187,0.00009,0.99804,0.00000
82.18000,1.02193,0.00187,0.00010,0.99804,0.00000
82.32000,1.02193,0.00170,0.00010,0.99820,0.00000
82.46000,1.02194,0.00189,0.00011,0.99800,0.00000
82.60000,1.02194,0.00188,0.00010,0.99801,0.00000
82.74000,1.02194,0.00162,0.00012,0.99826,0.00000
82.88000,1.02194,0.00165,0.00011,0.99823,0.00000
83.02000,1.02194,0.00161,0.00011,0.99828,0.00000
83.16000,1.02193,0.00159,0.00010,0.99831,0.00000
83.30000,1.02193,0.00158,0.00011,0.99831,0.00000
83.44000,1.02193,0.00138,0.00013,0.99849,0.00000
83.58000,1.02193,0.00165,0.00012,0.99823,0.00000
83.72000,1.02193,0.00155,0.00012,0.99834,0.00000
83.86000,1.02193,0.00152,0.00012,0.99836,0.00000
84.00000,1.02193,0.00145,0.00013,0.99842,0.00000
84.14000,1.02193,0.00141,0.00014,0.99845,0.00000
84.28000,1.02194,0.00137,0.00014,0.99849,0.00000
84.42000,1.02194,0.00137,0.00016,0.99847,0.00000
84.56000,1.02194,0.00125,0.00017,0.99859,0.00000
84.70000,1.02194,0.00117,0.00019,0.99864,0.00000
84.84000,1.02194,0.00134,0.00018,0.99848,0.00000
84.98000,1.02193,0.00127,0.00017,0.99856,0.00000
85.12000,1.02193,0.00134,0.00015,0.99851,0.00000
85.26000,1.02193,0.00166,0.00014,0.99820,0.00000
85.40000,1.02193,0.00149,0.00011,0.99840,0.00000
85.54000,1.02193,0.00152,0.00012,0.99836,0.00000
85.68000,1.02193,0.00168,0.00012,0.99820,0.00000
85.82000,1.02193,0.00159,0.00011,0.99829,0.00000
85.96000,1.02194,0.00157,0.00011,0.99832,0.00000
86.10000,1.02194,0.00164,0.00011,0.99824,0.00000
86.24000,1.02194,0.00143,0.00011,0.99846,0.00000
86.38000,1.02194,0.00135,0.00013,0.99852,0.00000
86.52000,1.02194,0.00134,0.00015,0.99851,0.00000
86.66000,1.02193,0.00116,0.00016,0.99868,0.00000
86.80000,1.02193,0.00111,0.00019,0.99870,0.00000
86.94000,1.02193,0.00112,0.00021,0.99868,0.00000
87.08000,1.02193,0.00104,0.00022,0.99873,0.00000
87.22000,1.02193,0.00115,0.00022,0.99863,0.00000
87.36000,1.02193,0.00126,0.00020,0.99854,0.00000
87.50000,1.02193,0.00104,0.00021,0.99874,0.00000
87.64000,1.02193,0.00119,0.00018,0.99863,0.00000
87.78000,1.02194,0.00145,0.00020,0.99836,0.00000
87.92000,1.02194,0.00134,0.00016,0.99850,0.00000
88.06000,1.02194,0.00141,0.00017,0.99841,0.00000
88.20000,1.02194,0.00112,0.00018,0.99871,0.00000
88.34000,1.02194,0.00135,0.00021,0.99844,0.00000
88.48000,1.02193,0.00131,0.00016,0.99852,0.00000
88.62000,1.02193,0.00145,0.00016,0.99839,0.00000
88.76000,1.02193,0.00145,0.00015,0.99840,0.00000
88.90000,1.02193,0.00146,0.00015,0.99840,0.00000
89.04000,1.02193,0.00175,0.00013,0.99812,0.00000
89.18000,1.02193,0.00180,0.00014,0.99806,0.00000
89.32000,1.02193,0.00198,0.00012,0.99790,0.00000
89.46000,1.02194,0.00181,0.00012,0.99807,0.00000
89.60000,1.02194,0.00178,0.00011,0.99811,0.00000
89.74000,1.02194,0.00175,0.00011,0.99813,0.00000
89.88000,1.02194,0.00196,0.00011,0.99793,0.00000
90.02000,1.02194,0.00210,0.00011,0.99780,0.00000
90.16000,1.02193,0.00199,0.00009,0.99792,0.00000
90.30000,1.02193,0.00200,0.00011,0.99789,0.00000
90.44000,1.02193,0.00212,0.00010,0.99779,0.00000
90.58000,1.02193,0.00218,0.00009,0.99773,0.00000
90.72000,1.02193,0.00195,0.00011,0.99794,0.00000
90.86000,1.02193,0.00221,0.00010,0.99769,0.00000
91.00000,1.02193,0.00203,0.00011,0.99786,0.00000
91.14000,1.02193,0.00188,0.00011,0.99801,0.00000
91.28000,1.02194,0.00191,0.00011,0.99798,0.00000
91.42000,1.02194,0.00164,0.00011,0.99825,0.00000
91.56000,1.02194,0.00171,0.00015,0.99815,0.00000
91.70000,1.02194,0.00156,0.00013,0.99832,0.00000
91.84000,1.02194,0.00155,0.00012,0.99833,0.00000
91.98000,1.02193,0.00150,0.00013,0.99837,0.00000
92.12000,1.02193,0.00150,0.00012,0.99838,0.00000
92.26000,1.02193,0.00152,0.00012,0.99836,0.00000
92.40000,1.02193,0.00159,0.00013,0.99827,0.00000
92.54000,1.02193,0.00192,0.00013,0.99795,0.00000
92.68000,1.02193,0.00176,0.00012,0.99812,0.00000
92.82000,1.02193,0.00176,0.00012,0.99813,0.00000
92.96000,1.02194,0.00182,0.00012,0.99805,0.00000
93.10000,1.02194,0.00198,0.00013,0.99789,0.00000
93.24000,1.02194,0.00196,0.00012,0.99791,0.00000
93.38000,1.02194,0.00222,0.00011,0.99767,0.00000
93.52000,1.02194,0.00217,0.00013,0.99770,0.00000
93.66000,1.02193,0.00198,0.00011,0.99790,0.00000
93.80000,1.02193,0.00168,0.00014,0.99818,0.00000
93.94000,1.02193,0.00191,0.00015,0.99794,0.00000
94.08000,1.02193,0.00152,0.00013,0.99835,0.00000
94.22000,1.02193,0.00135,0.00014,0.99850,0.00000
94.36000,1.02193,0.00129,0.00018,0.99853,0.00000
94.50000,1.02193,0.00115,0.00017,0.99868,0.00000
94.64000,1.02193,0.00109,0.00019,0.99871,0.00000
94.78000,1.02194,0.00103,0.00020,0.99877,0.00000
94.92000,1.02194,0.00118,0.00023,0.99859,0.00000
95.06000,1.02194,0.00103,0.00021,0.99875,0.00000
95.20000,1.02194,0.00107,0.00021,0.99872,0.00000
95.34000,1.02194,0.00103,0.00023,0.99874,0.00000
95.48000,1.02193,0.00109,0.00026,0.99866,0.00000
95.62000,1.02193,0.00105,0.00028,0.99867,0.00000
95.76000,1.02193,0.00118,0.00024,0.99858,0.00000
95.90000,1.02193,0.00106,0.00023,0.99870,0.00000
96.04000,1.02193,0.00104,0.00022,0.99873,0.00000
96.18000,1.02193,0.00120,0.00023,0.99857,0.00000
96.32000,1.02193,0.00112,0.00021,0.99867,0.00000
96.46000,1.02194,0.00156,0.00023,0.99820,0.00000
96.60000,1.02194,0.00119,0.00019,0.99862,0.00000
96.74000,1.02194,0.00110,0.00019,0.99871,0.00000
96.88000,1.02194,0.00112,0.00022,0.99866,0.00000
97.02000,1.02194,0.00108,0.00022,0.99870,0.00000
97.16000,1.02193,0.00108,0.00021,0.99871,0.00000
97.30000,1.02193,0.00131,0.00019,0.99850,0.00000
97.44000,1.02193,0.00129,0.00019,0.99852,0.00000
97.58000,1.02193,0.00126,0.00020,0.99854,0.00000
97.72000,1.02193,0.00132,0.00017,0.99851,0.00000
97.86000,1.02193,0.00152,0.00015,0.99833,0.00000
98.00000,1.02193,0.00161,0.00014,0.99825,0.00000
98.14000,1.02193,0.00168,0.00013,0.99819,0.00000
98.28000,1.02194,0.00173,0.00012,0.99814,0.00000
98.42000,1.02194,0.00182,0.00013,0.99804,0.00000
98.56000,1.02194,0.00180,0.00011,0.99809,0.00000
98.70000,1.02194,0.00171,0.00011,0.99817,0.00000
98.84000,1.02194,0.00173,0.00011,0.99816,0.00000
98.98000,1.02193,0.00173,0.00012,0.99815,0.00000
99.12000,1.02193,0.00182,0.00012,0.99806,0.00000
99.26000,1.02193,0.00186,0.00013,0.99801,0.00000
99.40000,1.02193,0.00201,0.00011,0.99788,0.00000
99.54000,1.02193,0.00175,0.00012,0.99814,0.00000
99.68000,1.02193,0.00173,0.00011,0.99816,0.00000
99.82000,1.02193,0.00165,0.00013,0.99822,0.00000
99.96000,1.02194,0.00156,0.00012,0.99832,0.00000
100.10000,1.02194,0.00152,0.00014,0.99834,0.00000
100.24000,1.02194,0.00141,0.00014,0.99844,0.00000
100.38000,1.02194,0.00150,0.00015,0.99835,0.00000
100.52000,1.02194,0.00151,0.00014,0.99835,0.00000
100.66000,1.02193,0.00147,0.00015,0.99838,0.00000
100.80000,1.02193,0.00157,0.00015,0.99828,0.00000
100.94000,1.02193,0.00165,0.00013,0.99822,0.00000
101.08000,1.02193,0.00167,0.00012,0.99822,0.00000
101.22000,1.02193,0.00193,0.00012,0.99795,0.00000
101.36000,1.02193,0.00198,0.00011,0.99791,0.00000
101.50000,1.02193,0.00206,0.00010,0.99784,0.00000
101.64000,1.02193,0.00208,0.00009,0.99782,0.00000
101.78000,1.02194,0.00220,0.00009,0.99771,0.00000
101.92000,1.02194,0.00197,0.00009,0.99794,0.00000
102.06000,1.02194,0.00187,0.00010,0.99804,0.00000
102.20000,1.02194,0.00196,0.00009,0.99795,0.00000
102.34000,1.02194,0.00232,0.00011,0.99756,0.00000
102.48000,1.02193,0.00207,0.00009,0.99784,0.00000
102.62000,1.02193,0.00202,0.00010,0.99788,0.00000
102.76000,1.02193,0.00205,0.00010,0.99785,0.00000
102.90000,1.02193,0.00232,0.00011,0.99758,0.00000
103.04000,1.02193,0.00197,0.00010,0.99793,0.00000
103.18000,1.02193,0.00196,0.00012,0.99791,0.00000
103.32000,1.02193,0.00199,0.00012,0.99790,0.00000
103.46000,1.02194,0.00183,0.00012,0.99805,0.00000
103.60000,1.02194,0.00194,0.00011,0.99795,0.00000
103.74000,1.02194,0.00187,0.00012,0.99801,0.00000
103.88000,1.02194,0.00196,0.00014,0.99790,0.00000
104.02000,1.02194,0.00176,0.00013,0.99812,0.00000
104.16000,1.02193,0.00176,0.00012,0.99812,0.00000
104.30000,1.02193,0.00174,0.00014,0.99813,0.00000
104.44000,1.02193,0.00183,0.00012,0.99805,0.00000
104.58000,1.02193,0.00159,0.00012,0.99828,0.00000
104.72000,1.02193,0.00171,0.00013,0.99816,0.00000
104.86000,1.02193,0.00195,0.00013,0.99792,0.00000
105.00000,1.02193,0.00188,0.00011,0.99801,0.00000
105.14000,1.02193,0.00163,0.00013,0.99824,0.00000
105.28000,1.02194,0.00181,0.00012,0.99807,0.00000
105.42000,1.02194,0.00157,0.00013,0.99830,0.00000
105.56000,1.02194,0.00149,0.00012,0.99838,0.00000
105.70000,1.02194,0.00153,0.00015,0.99833,0.00000
105.84000,1.02194,0.00138,0.00015,0.99847,0.00000
105.98000,1.02193,0.00141,0.00016,0.99843,0.00000
106.12000,1.02193,0.00138,0.00016,0.99846,0.00000
106.26000,1.02193,0.00130,0.00016,0.99854,0.00000
106.40000,1.02193,0.00139,0.00015,0.99846,0.00000
106.54000,1.02193,0.00174,0.00015,0.99811,0.00000
106.68000,1.02193,0.00180,0.00013,0.99807,0.00000
106.82000,1.02193,0.00168,0.00012,0.99821,0.00000
106.96000,1.02194,0.00182,0.00012,0.99805,0.00000
107.10000,1.02194,0.00175,0.00011,0.99814,0.00000
107.24000,1.02194,0.00186,0.00012,0.99802,0.00000
107.38000,1.02194,0.00176,0.00011,0.99812,0.00000
107.52000,1.02194,0.00144,0.00013,0.99843,0.00000
107.66000,1.02193,0.00147,0.00014,0.99839,0.00000
107.80000,1.02193,0.00144,0.00013,0.99843,0.00000
107.94000,1.02193,0.00132,0.00015,0.99853,0.00000
108.08000,1.02193,0.00146,0.00015,0.99839,0.00000
108.22000,1.02193,0.00131,0.00018,0.99851,0.00000
108.36000,1.02193,0.00161,0.00015,0.99824,0.00000
108.50000,1.02193,0.00167,0.00014,0.99819,0.00000
108.64000,1.02193,0.00177,0.00012,0.99811,0.00000
108.78000,1.02194,0.00183,0.00013,0.99804,0.00000
108.92000,1.02194,0.00216,0.00011,0.99773,0.00000
109.06000,1.02194,0.00201,0.00010,0.99789,0.00000
109.20000,1.02194,0.00214,0.00009,0.99776,0.00000
109.34000,1.02194,0.00217,0.00009,0.99773,0.00000
109.48000,1.02193,0.00234,0.00009,0.99757,0.00000
109.62000,1.02193,0.00248,0.00010,0.99742,0.00000
109.76000,1.02193,0.00230,0.00008,0.99762,0.00000
109.90000,1.02193,0.00230,0.00008,0.99762,0.00000
110.04000,1.02193,0.00238,0.00008,0.99754,0.00000
110.18000,1.02193,0.00265,0.00007,0.99728,0.00000
110.32000,1.02193,0.00239,0.00007,0.99754,0.00000
110.46000,1.02194,0.00253,0.00007,0.99740,0.00000
110.60000,1.02194,0.00244,0.00007,0.99749,0.00000
110.74000,1.02194,0.00280,0.00007,0.99714,0.00000
110.88000,1.02194,0.00274,0.00007,0.99719,0.00000
111.02000,1.02194,0.00278,0.00007,0.99715,0.00000
111.16000,1.02193,0.00261,0.00007,0.99732,0.00000
111.30000,1.02193,0.00278,0.00007,0.99716,0.00000
111.44000,1.02193,0.00289,0.00007,0.99705,0.00000
111.58000,1.02193,0.00253,0.00007,0.99740,0.00000
111.72000,1.02193,0.00265,0.00008,0.99727,0.00000
111.86000,1.02193,0.00288,0.00007,0.99705,0.00000
112.00000,1.02193,0.00286,0.00007,0.99707,0.00000
112.14000,1.02193,0.00284,0.00007,0.99709,0.00000
112.28000,1.02194,0.00301,0.00007,0.99692,0.00000
112.42000,1.02194,0.00311,0.00008,0.99680,0.00000
112.56000,1.02194,0.00305,0.00007,0.99688,0.00000
112.70000,1.02194,0.00322,0.00007,0.99670,0.00000
112.84000,1.02194,0.00313,0.00008,0.99679,0.00000
112.98000,1.02193,0.00324,0.00007,0.99669,0.00000
113.12000,1.02193,0.00324,0.00008,0.99667,0.00000
113.26000,1.02193,0.00410,0.00010,0.99579,0.00000
113.40000,1.02193,0.00348,0.00006,0.99646,0.00000
113.54000,1.02193,0.00385,0.00007,0.99608,0.00000
113.68000,1.02193,0.00372,0.00006,0.99622,0.00000
113.82000,1.02193,0.00372,0.00005,0.99622,0.00000
113.96000,1.02194,0.00369,0.00005,0.99626,0.00000
114.10000,1.02194,0.00377,0.00006,0.99617,0.00000
114.24000,1.02194,0.00351,0.00006,0.99643,0.00000
114.38000,1.02194,0.00340,0.00006,0.99654,0.00000
114.52000,1.02194,0.00334,0.00006,0.99660,0.00000
114.66000,1.02193,0.00332,0.00006,0.99662,0.00000
114.80000,1.02193,0.00311,0.00006,0.99683,0.00000
114.94000,1.02193,0.00390,0.00008,0.99602,0.00000
115.08000,1.02193,0.00396,0.00009,0.99595,0.00000
115.22000,1.02193,0.00358,0.00008,0.99634,0.00000
115.36000,1.02193,0.00375,0.00009,0.99616,0.00000
115.50000,1.02193,0.00349,0.00007,0.99643,0.00000
115.64000,1.02193,0.00340,0.00016,0.99643,0.00000
115.78000,1.02194,0.00337,0.00016,0.99647,0.00000
115.92000,1.02194,0.00321,0.00016,0.99663,0.00000
116.06000,1.02194,0.00302,0.00013,0.99685,0.00000
116.20000,1.02194,0.00286,0.00011,0.99702,0.00000
116.34000,1.02194,0.00300,0.00011,0.99688,0.00000
116.48000,1.02193,0.00428,0.00017,0.99555,0.00000
116.62000,1.02193,0.00323,0.00006,0.99671,0.00000
116.76000,1.02193,0.00336,0.00006,0.99658,0.00000
116.90000,1.02193,0.00349,0.00007,0.99644,0.00000
117.04000,1.02193,0.00290,0.00008,0.99702,0.00000
117.18000,1.02193,0.00298,0.00009,0.99693,0.00000
117.32000,1.02193,0.00274,0.00009,0.99717,0.00000
117.46000,1.02194,0.00252,0.00009,0.99739,0.00000
117.60000,1.02194,0.00255,0.00019,0.99726,0.00000
117.74000,1.02194,0.00223,0.00016,0.99760,0.00000
117.88000,1.02194,0.00246,0.00021,0.99733,0.00000
118.02000,1.02194,0.00259,0.00013,0.99729,0.00000
118.16000,1.02193,0.00251,0.00013,0.99736,0.00000
118.30000,1.02193,0.00275,0.00015,0.99709,0.00000
118.44000,1.02193,0.00453,0.00019,0.99528,0.00000
118.58000,1.02193,0.00276,0.00006,0.99717,0.00000
118.72000,1.02193,0.00278,0.00007,0.99715,0.00000
118.86000,1.02193,0.00271,0.00006,0.99722,0.00000
119.00000,1.02193,0.00257,0.00006,0.99737,0.00000
119.14000,1.02193,0.00255,0.00007,0.99738,0.00000
119.28000,1.02194,0.00259,0.00007,0.99734,0.00000
119.42000,1.02194,0.00251,0.00007,0.99742,0.00000
119.56000,1.02194,0.00245,0.00007,0.99748,0.00000
119.70000,1.02194,0.00259,0.00009,0.99732,0.00000
119.84000,1.02194,0.00253,0.00007,0.99740,0.00000
119.98000,1.02193,0.00267,0.00007,0.99726,0.00000
120.12000,1.02193,0.00266,0.00008,0.99726,0.00000
120.26000,1.02193,0.00288,0.00008,0.99705,0.00000
120.40000,1.02193,0.00268,0.00008,0.99724,0.00000
120.54000,1.02193,0.00280,0.00010,0.99710,0.00000
120.68000,1.02193,0.00268,0.00010,0.99723,0.00000
120.82000,1.02193,0.00272,0.00010,0.99718,0.00000
120.96000,1.02194,0.00308,0.00010,0.99682,0.00000
121.10000,1.02194,0.00289,0.00008,0.99702,0.00000
121.24000,1.02194,0.00304,0.00009,0.99688,0.00000
121.38000,1.02194,0.00359,0.00009,0.99631,0.00000
121.52000,1.02194,0.00360,0.00007,0.99633,0.00000
121.66000,1.02193,0.00311,0.00006,0.99683,0.00000
121.80000,1.02193,0.00329,0.00006,0.99665,0.00000
121.94000,1.02193,0.00325,0.00006,0.99670,0.00000
122.08000,1.02193,0.00338,0.00005,0.99657,0.00000
122.22000,1.02193,0.00345,0.00006,0.99649,0.00000
122.36000,1.02193,0.00360,0.00006,0.99633,0.00000
122.50000,1.02193,0.00325,0.00006,0.99669,0.00000
122.64000,1.02193,0.00338,0.00006,0.99656,0.00000
122.78000,1.02194,0.00339,0.00006,0.99655,0.00000
122.92000,1.02194,0.00314,0.00006,0.99680,0.00000
123.06000,1.02194,0.00286,0.00007,0.99706,0.00000
123.20000,1.02194,0.00266,0.00008,0.99726,0.00000
123.34000,1.02194,0.00272,0.00008,0.99720,0.00000
123.48000,1.02193,0.00269,0.00009,0.99722,0.00000
123.62000,1.02193,0.00255,0.00012,0.99733,0.00000
123.76000,1.02193,0.00241,0.00011,0.99748,0.00000
123.90000,1.02193,0.00238,0.00013,0.99749,0.00000
124.04000,1.02193,0.00253,0.00012,0.99735,0.00000
124.18000,1.02193,0.00228,0.00017,0.99755,0.00000
124.32000,1.02193,0.00249,0.00034,0.99717,0.00000
124.46000,1.02194,0.00303,0.00061,0.99636,0.00001
124.60000,1.02194,0.00211,0.00046,0.99743,0.00000
124.74000,1.02194,0.00220,0.00077,0.99703,0.00000
124.88000,1.02194,0.00208,0.00065,0.99727,0.00000
125.02000,1.02194,0.00227,0.00094,0.99678,0.00000
125.16000,1.02193,0.00347,0.00086,0.99566,0.00001
125.30000,1.02193,0.00238,0.00046,0.99715,0.00000
125.44000,1.02193,0.00260,0.00025,0.99715,0.00000
125.58000,1.02193,0.00210,0.00019,0.99771,0.00000
125.72000,1.02193,0.00335,0.00018,0.99647,0.00000
125.86000,1.02193,0.00238,0.00010,0.99752,0.00000
126.00000,1.02193,0.00285,0.00011,0.99704,0.00000
126.14000,1.02193,0.00258,0.00008,0.99734,0.00000
126.28000,1.02194,0.00236,0.00008,0.99756,0.00000
126.42000,1.02194,0.00235,0.00009,0.99757,0.00000
126.56000,1.02194,0.00233,0.00009,0.99758,0.00000
126.70000,1.02194,0.00225,0.00009,0.99766,0.00000
126.84000,1.02194,0.00223,0.00009,0.99768,0.00000
126.98000,1.02193,0.00240,0.00009,0.99750,0.00000
127.12000,1.02193,0.00254,0.00007,0.99739,0.00000
127.26000,1.02193,0.00268,0.00007,0.99725,0.00000
127.40000,1.02193,0.00270,0.00008,0.99722,0.00000
127.54000,1.02193,0.00291,0.00007,0.99702,0.00000
127.68000,1.02193,0.00293,0.00007,0.99700,0.00000
127.82000,1.02193,0.00303,0.00006,0.99691,0.00000
127.96000,1.02193,0.00278,0.00007,0.99715,0.00000
128.10001,1.02193,0.00293,0.00007,0.99701,0.00000
128.24001,1.02193,0.00267,0.00007,0.99726,0.00000
128.38000,1.02193,0.00285,0.00007,0.99708,0.00000
128.52000,1.02193,0.00279,0.00007,0.99714,0.00000
128.66000,1.02193,0.00254,0.00007,0.99738,0.00000
128.80000,1.02193,0.00238,0.00008,0.99754,0.00000
128.94000,1.02194,0.00256,0.00007,0.99736,0.00000
129.08000,1.02194,0.00215,0.00008,0.99776,0.00000
129.22000,1.02194,0.00219,0.00009,0.99772,0.00000
129.36000,1.02194,0.00206,0.00010,0.99783,0.00000
129.50000,1.02194,0.00187,0.00011,0.99802,0.00000
129.64000,1.02194,0.00179,0.00012,0.99809,0.00000
129.78000,1.02194,0.00182,0.00013,0.99805,0.00000
129.92000,1.02194,0.00158,0.00015,0.99826,0.00000
130.06000,1.02194,0.00145,0.00015,0.99839,0.00000
130.20000,1.02194,0.00130,0.00017,0.99853,0.00000
130.34000,1.02194,0.00136,0.00019,0.99845,0.00000
130.48000,1.02194,0.00159,0.00021,0.99820,0.00000
130.62000,1.02194,0.00145,0.00025,0.99830,0.00000
130.75999,1.02194,0.00145,0.00023,0.99831,0.00000
130.89999,1.02194,0.00142,0.00020,0.99837,0.00000
131.03999,1.02194,0.00176,0.00019,0.99806,0.00000
131.17999,1.02194,0.00173,0.00016,0.99811,0.00000
131.32001,1.02193,0.00181,0.00016,0.99802,0.00000
131.46001,1.02193,0.00195,0.00014,0.99792,0.00000
131.60001,1.02193,0.00188,0.00011,0.99801,0.00000
131.74001,1.02193,0.00183,0.00011,0.99806,0.00000
131.88000,1.02193,0.00227,0.00010,0.99763,0.00000
132.02000,1.02193,0.00244,0.00010,0.99746,0.00000
132.16000,1.02193,0.00265,0.00009,0.99727,0.00000
132.30000,1.02193,0.00273,0.00008,0.99719,0.00000
132.44000,1.02194,0.00290,0.00007,0.99702,0.00000
132.58000,1.02194,0.00320,0.00006,0.99674,0.00000
132.72000,1.02194,0.00300,0.00006,0.99694,0.00000
132.86000,1.02194,0.00283,0.00006,0.99711,0.00000
133.00000,1.02194,0.00277,0.00007,0.99716,0.00000
133.14000,1.02194,0.00257,0.00007,0.99736,0.00000
133.28000,1.02194,0.00218,0.00008,0.99774,0.00000
133.42000,1.02194,0.00216,0.00009,0.99775,0.00000
133.56000,1.02194,0.00217,0.00010,0.99773,0.00000
133.70000,1.02194,0.00194,0.00011,0.99796,0.00000
133.84000,1.02194,0.00214,0.00010,0.99776,0.00000
133.98000,1.02194,0.00207,0.00010,0.99783,0.00000
134.12000,1.02194,0.00223,0.00011,0.99766,0.00000
134.25999,1.02194,0.00222,0.00010,0.99768,0.00000
134.39999,1.02194,0.00211,0.00011,0.99777,0.00000
134.53999,1.02194,0.00216,0.00011,0.99773,0.00000
134.67999,1.02194,0.00221,0.00011,0.99768,0.00000
134.82001,1.02193,0.00214,0.00011,0.99774,0.00000
134.96001,1.02193,0.00206,0.00011,0.99782,0.00000
135.10001,1.02193,0.00220,0.00011,0.99768,0.00000
135.24001,1.02193,0.00217,0.00010,0.99773,0.00000
135.38000,1.02193,0.00218,0.00010,0.99773,0.00000
135.52000,1.02193,0.00211,0.00010,0.99779,0.00000
135.66000,1.02193,0.00232,0.00011,0.99757,0.00000
135.80000,1.02193,0.00217,0.00010,0.99773,0.00000
135.94000,1.02194,0.00219,0.00010,0.99772,0.00000
136.08000,1.02194,0.00210,0.00009,0.99780,0.00000
136.22000,1.02194,0.00212,0.00010,0.99778,0.00000
136.36000,1.02194,0.00216,0.00009,0.99775,0.00000
136.50000,1.02194,0.00244,0.00008,0.99748,0.00000
136.64000,1.02194,0.00250,0.00008,0.99742,0.00000
136.78000,1.02194,0.00245,0.00008,0.99747,0.00000
136.92000,1.02194,0.00232,0.00007,0.99760,0.00000
137.06000,1.02194,0.00260,0.00008,0.99732,0.00000
137.20000,1.02194,0.00203,0.00008,0.99789,0.00000
137.34000,1.02194,0.00213,0.00008,0.99779,0.00000
137.48000,1.02194,0.00242,0.00009,0.99749,0.00000
137.62000,1.02194,0.00255,0.00009,0.99737,0.00000
137.75999,1.02194,0.00243,0.00007,0.99750,0.00000
137.89999,1.02194,0.00292,0.00007,0.99700,0.00000
138.03999,1.02194,0.00328,0.00006,0.99666,0.00000
138.17999,1.02194,0.00359,0.00005,0.99636,0.00000
138.32001,1.02193,0.00364,0.00005,0.99631,0.00000
138.46001,1.02193,0.00351,0.00005,0.99644,0.00000
138.60001,1.02193,0.00343,0.00005,0.99651,0.00000
138.74001,1.02193,0.00333,0.00006,0.99661,0.00000
138.88000,1.02193,0.00317,0.00006,0.99677,0.00000
139.02000,1.02193,0.00300,0.00006,0.99694,0.00000
139.16000,1.02193,0.00292,0.00006,0.99702,0.00000
139.30000,1.02193,0.00301,0.00006,0.99693,0.00000
139.44000,1.02194,0.00294,0.00006,0.99700,0.00000
139.58000,1.02194,0.00285,0.00006,0.99709,0.00000
139.72000,1.02194,0.00280,0.00006,0.99714,0.00000
139.86000,1.02194,0.00275,0.00006,0.99718,0.00000
140.00000,1.02194,0.00281,0.00006,0.99713,0.00000
140.14000,1.02194,0.00264,0.00006,0.99729,0.00000
140.28000,1.02194,0.00273,0.00007,0.99720,0.00000
140.42000,1.02194,0.00292,0.00006,0.99701,0.00000
140.56000,1.02194,0.00284,0.00006,0.99709,0.00000
140.70000,1.02194,0.00296,0.00006,0.99697,0.00000
140.84000,1.02194,0.00305,0.00006,0.99689,0.00000
140.98000,1.02194,0.00308,0.00006,0.99686,0.00000
141.12000,1.02194,0.00325,0.00006,0.99668,0.00000
141.25999,1.02194,0.00335,0.00006,0.99659,0.00000
141.39999,1.02194,0.00319,0.00006,0.99675,0.00000
141.53999,1.02194,0.00324,0.00006,0.99670,0.00000
141.67999,1.02194,0.00303,0.00006,0.99691,0.00000
141.82001,1.02193,0.00300,0.00006,0.99695,0.00000
141.96001,1.02193,0.00299,0.00006,0.99694,0.00000
142.10001,1.02193,0.00298,0.00006,0.99696,0.00000
142.24001,1.02193,0.00297,0.00007,0.99697,0.00000
142.38000,1.02193,0.00311,0.00007,0.99682,0.00000
142.52000,1.02193,0.00296,0.00006,0.99697,0.00000
142.66000,1.02193,0.00307,0.00006,0.99687,0.00000
142.80000,1.02193,0.00309,0.00006,0.99685,0.00000
142.94000,1.02194,0.00308,0.00006,0.99685,0.00000
143.08000,1.02194,0.00310,0.00007,0.99683,0.00000
143.22000,1.02194,0.00292,0.00006,0.99702,0.00000
143.36000,1.02194,0.00280,0.00006,0.99713,0.00000
143.50000,1.02194,0.00298,0.00007,0.99695,0.00000
143.64000,1.02194,0.00251,0.00007,0.99742,0.00000
143.78000,1.02194,0.00237,0.00007,0.99755,0.00000
143.92000,1.02194,0.00220,0.00008,0.99771,0.00000
144.06000,1.02194,0.00223,0.00010,0.99767,0.00000
144.20000,1.02194,0.00216,0.00010,0.99774,0.00000
144.34000,1.02194,0.00185,0.00011,0.99805,0.00000
144.48000,1.02194,0.00176,0.00013,0.99811,0.00000
144.62000,1.02194,0.00194,0.00013,0.99793,0.00000
144.75999,1.02194,0.00186,0.00013,0.99801,0.00000
144.89999,1.02194,0.00188,0.00012,0.99801,0.00000
145.03999,1.02194,0.00183,0.00013,0.99805,0.00000
145.17999,1.02194,0.00187,0.00012,0.99801,0.00000
145.32001,1.02193,0.00227,0.00012,0.99761,0.00000
145.46001,1.02193,0.00191,0.00010,0.99798,0.00000
145.60001,1.02193,0.00195,0.00011,0.99793,0.00000
145.74001,1.02193,0.00219,0.00011,0.99770,0.00000
145.88000,1.02193,0.00263,0.00010,0.99727,0.00000
146.02000,1.02193,0.00568,0.00008,0.99423,0.00000
146.16000,1.02193,0.00815,0.00007,0.99176,0.00001
146.30000,1.02193,0.01854,0.00009,0.98130,0.00007
146.44000,1.02194,0.02656,0.00007,0.97319,0.00019
146.58000,1.02194,0.05865,0.00006,0.94048,0.00081
146.72000,1.02194,0.14573,0.00008,0.84659,0.00760
146.86000,1.02194,0.16028,0.00007,0.82390,0.01574
147.00000,1.02194,0.25103,0.00009,0.72745,0.02143
147.14000,1.02194,0.30276,0.00008,0.66912,0.02804
147.28000,1.02194,0.39838,0.00009,0.57194,0.02959
147.42000,1.02194,0.46270,0.00010,0.47983,0.05736
147.56000,1.02194,0.47941,0.00010,0.44458,0.07591
147.70000,1.02194,0.46117,0.00010,0.49745,0.04127
147.84000,1.02194,0.54826,0.00009,0.42090,0.03075
147.98000,1.02194,0.46940,0.00009,0.49774,0.03277
148.12000,1.02194,0.54947,0.00009,0.42919,0.02125
148.25999,1.02194,0.42603,0.00007,0.56338,0.01051
148.39999,1.02194,0.43700,0.00007,0.55591,0.00702
148.53999,1.02194,0.38216,0.00006,0.61333,0.00446
148.67999,1.02194,0.42269,0.00008,0.56971,0.00752
148.82001,1.02193,0.47645,0.00008,0.51132,0.01214
148.96001,1.02193,0.52860,0.00009,0.45676,0.01456
149.10001,1.02193,0.50858,0.00009,0.46632,0.02501
149.24001,1.02193,0.46451,0.00011,0.47850,0.05688
149.38000,1.02193,0.48086,0.00012,0.44684,0.07218
149.52000,1.02193,0.44533,0.00013,0.47592,0.07863
149.66000,1.02193,0.52218,0.00013,0.41584,0.06186
149.80000,1.02193,0.47626,0.00012,0.48030,0.04331
149.94000,1.02194,0.44383,0.00015,0.51087,0.04514
150.08000,1.02194,0.40106,0.00013,0.55815,0.04066
150.22000,1.02194,0.44376,0.00014,0.51474,0.04136
150.36000,1.02194,0.46956,0.00012,0.49575,0.03457
150.50000,1.02194,0.41814,0.00010,0.56495,0.01682
150.64000,1.02194,0.45736,0.00010,0.52491,0.01763
150.78000,1.02194,0.44593,0.00009,0.54442,0.00957
150.92000,1.02194,0.37050,0.00008,0.62021,0.00921
151.06000,1.02194,0.48427,0.00008,0.50953,0.00613
151.20000,1.02194,0.41422,0.00007,0.58168,0.00402
151.34000,1.02194,0.36921,0.00007,0.62582,0.00490
151.48000,1.02194,0.42831,0.00009,0.56463,0.00698
151.62000,1.02194,0.45138,0.00009,0.54058,0.00795
151.75999,1.02194,0.48790,0.00010,0.50097,0.01103
151.89999,1.02194,0.45775,0.00008,0.53426,0.00791
152.03999,1.02194,0.38411,0.00007,0.60923,0.00659
152.17999,1.02194,0.41489,0.00010,0.57235,0.01267
152.32001,1.02193,0.45948,0.00008,0.53200,0.00845
152.46001,1.02193,0.40642,0.00008,0.58456,0.00894
152.60001,1.02193,0.45721,0.00008,0.53592,0.00679
152.74001,1.02193,0.35014,0.00008,0.64451,0.00528
152.88000,1.02193,0.39166,0.00008,0.60233,0.00594
153.02000,1.02193,0.38440,0.00008,0.60895,0.00657
153.16000,1.02193,0.42161,0.00007,0.57351,0.00480
153.30000,1.02193,0.42329,0.00007,0.57335,0.00330
153.44000,1.02194,0.38759,0.00007,0.60689,0.00546
153.58000,1.02194,0.36526,0.00007,0.62826,0.00641
153.72000,1.02194,0.32704,0.00007,0.66638,0.00650
153.86000,1.02194,0.35073,0.00007,0.64307,0.00613
154.00000,1.02194,0.32983,0.00009,0.65906,0.01101
154.14000,1.02194,0.36635,0.00010,0.62320,0.01034
154.28000,1.02194,0.31778,0.00010,0.66953,0.01259
154.42000,1.02194,0.36646,0.00013,0.60991,0.02350
154.56000,1.02194,0.51584,0.00030,0.41175,0.07211
154.70000,1.02194,0.51803,0.00036,0.38912,0.09249
154.84000,1.02194,0.44424,0.00030,0.43176,0.12370
154.98000,1.02194,0.51055,0.00027,0.35338,0.13579
155.12000,1.02194,0.48548,0.00036,0.35527,0.15889
155.25999,1.02194,0.45045,0.00031,0.39461,0.15463
