Time (seconds), Duration (seconds),pred_(unlabeled),pred_brushing_teeth,pred_hair_drying,pred_showering
0.00000,0.62194,1.00000,0.00000,0.00000,0.00000
0.33000,0.62194,1.00000,0.00000,0.00000,0.00000
0.66000,0.62194,1.00000,0.00000,0.00000,0.00000
0.99000,0.62194,1.00000,0.00000,0.00000,0.00000
1.32000,0.62194,1.00000,0.00000,0.00000,0.00000
1.65000,0.62194,1.00000,0.00000,0.00000,0.00000
1.98000,0.62194,1.00000,0.00000,0.00000,0.00000
2.31000,0.62194,1.00000,0.00000,0.00000,0.00000
2.64000,0.62194,1.00000,0.00000,0.00000,0.00000
2.97000,0.62194,1.00000,0.00000,0.00000,0.00000
3.30000,0.62194,1.00000,0.00000,0.00000,0.00000
3.63000,0.62194,1.00000,0.00000,0.00000,0.00000
3.96000,0.62194,1.00000,0.00000,0.00000,0.00000
4.29000,0.62194,1.00000,0.00000,0.00000,0.00000
4.62000,0.62194,1.00000,0.00000,0.00000,0.00000
4.95000,0.62194,1.00000,0.00000,0.00000,0.00000
5.28000,0.62194,1.00000,0.00000,0.00000,0.00000
5.61000,0.62194,1.00000,0.00000,0.00000,0.00000
5.94000,0.62194,1.00000,0.00000,0.00000,0.00000
6.27000,0.62194,1.00000,0.00000,0.00000,0.00000
6.60000,0.62194,1.00000,0.00000,0.00000,0.00000
6.93000,0.62194,1.00000,0.00000,0.00000,0.00000
7.26000,0.62194,1.00000,0.00000,0.00000,0.00000
7.59000,0.62194,1.00000,0.00000,0.00000,0.00000
7.92000,0.62194,1.00000,0.00000,0.00000,0.00000
8.25000,0.62194,1.00000,0.00000,0.00000,0.00000
8.58000,0.62194,1.00000,0.00000,0.00000,0.00000
8.91000,0.62194,1.00000,0.00000,0.00000,0.00000
9.24000,0.62194,1.00000,0.00000,0.00000,0.00000
9.57000,0.62194,1.00000,0.00000,0.00000,0.00000
9.90000,0.62194,1.00000,0.00000,0.00000,0.00000
10.23000,0.62194,1.00000,0.00000,0.00000,0.00000
10.56000,0.62194,1.00000,0.00000,0.00000,0.00000
10.89000,0.62194,1.00000,0.00000,0.00000,0.00000
11.22000,0.62194,1.00000,0.00000,0.00000,0.00000
11.55000,0.62194,1.00000,0.00000,0.00000,0.00000
11.88000,0.62194,1.00000,0.00000,0.00000,0.00000
12.21000,0.62194,1.00000,0.00000,0.00000,0.00000
12.54000,0.62194,1.00000,0.00000,0.00000,0.00000
12.87000,0.62194,1.00000,0.00000,0.00000,0.00000
13.20000,0.62194,1.00000,0.00000,0.00000,0.00000
13.53000,0.62194,1.00000,0.00000,0.00000,0.00000
13.86000,0.62194,1.00000,0.00000,0.00000,0.00000
14.19000,0.62194,1.00000,0.00000,0.00000,0.00000
14.52000,0.62194,1.00000,0.00000,0.00000,0.00000
14.85000,0.62194,1.00000,0.00000,0.00000,0.00000
15.18000,0.62194,1.00000,0.00000,0.00000,0.00000
15.51000,0.62194,1.00000,0.00000,0.00000,0.00000
15.84000,0.62194,1.00000,0.00000,0.00000,0.00000
16.17000,0.62194,1.00000,0.00000,0.00000,0.00000
16.50000,0.62194,1.00000,0.00000,0.00000,0.00000
16.83000,0.62194,1.00000,0.00000,0.00000,0.00000
17.16000,0.62194,1.00000,0.00000,0.00000,0.00000
17.49000,0.62194,1.00000,0.00000,0.00000,0.00000
17.82000,0.62194,1.00000,0.00000,0.00000,0.00000
18.15000,0.62194,1.00000,0.00000,0.00000,0.00000
18.48000,0.62194,1.00000,0.00000,0.00000,0.00000
18.81000,0.62194,1.00000,0.00000,0.00000,0.00000
19.14000,0.62194,1.00000,0.00000,0.00000,0.00000
19.47000,0.62194,1.00000,0.00000,0.00000,0.00000
19.80000,0.62194,1.00000,0.00000,0.00000,0.00000
20.13000,0.62194,1.00000,0.00000,0.00000,0.00000
20.46000,0.62194,1.00000,0.00000,0.00000,0.00000
20.79000,0.62194,1.00000,0.00000,0.00000,0.00000
21.12000,0.62194,1.00000,0.00000,0.00000,0.00000
21.45000,0.62194,1.00000,0.00000,0.00000,0.00000
21.78000,0.62194,1.00000,0.00000,0.00000,0.00000
22.11000,0.62194,1.00000,0.00000,0.00000,0.00000
22.44000,0.62194,1.00000,0.00000,0.00000,0.00000
22.77000,0.62194,1.00000,0.00000,0.00000,0.00000
23.10000,0.62194,1.00000,0.00000,0.00000,0.00000
23.43000,0.62194,1.00000,0.00000,0.00000,0.00000
23.76000,0.62194,1.00000,0.00000,0.00000,0.00000
24.09000,0.62194,1.00000,0.00000,0.00000,0.00000
24.42000,0.62194,1.00000,0.00000,0.00000,0.00000
24.75000,0.62194,1.00000,0.00000,0.00000,0.00000
25.08000,0.62194,1.00000,0.00000,0.00000,0.00000
25.41000,0.62194,1.00000,0.00000,0.00000,0.00000
25.74000,0.62194,1.00000,0.00000,0.00000,0.00000
26.07000,0.62194,1.00000,0.00000,0.00000,0.00000
26.40000,0.62194,1.00000,0.00000,0.00000,0.00000
26.73000,0.62194,1.00000,0.00000,0.00000,0.00000
27.06000,0.62194,1.00000,0.00000,0.00000,0.00000
27.39000,0.62194,1.00000,0.00000,0.00000,0.00000
27.72000,0.62194,1.00000,0.00000,0.00000,0.00000
28.05000,0.62194,1.00000,0.00000,0.00000,0.00000
28.38000,0.62194,1.00000,0.00000,0.00000,0.00000
28.71000,0.62194,1.00000,0.00000,0.00000,0.00000
29.04000,0.62194,1.00000,0.00000,0.00000,0.00000
29.37000,0.62194,1.00000,0.00000,0.00000,0.00000
29.70000,0.62194,1.00000,0.00000,0.00000,0.00000
30.03000,0.62194,1.00000,0.00000,0.00000,0.00000
30.36000,0.62194,1.00000,0.00000,0.00000,0.00000
30.69000,0.62194,1.00000,0.00000,0.00000,0.00000
31.02000,0.62194,1.00000,0.00000,0.00000,0.00000
31.35000,0.62194,1.00000,0.00000,0.00000,0.00000
31.68000,0.62194,1.00000,0.00000,0.00000,0.00000
32.01000,0.62194,1.00000,0.00000,0.00000,0.00000
32.34000,0.62194,1.00000,0.00000,0.00000,0.00000
32.67000,0.62194,1.00000,0.00000,0.00000,0.00000
33.00000,0.62194,1.00000,0.00000,0.00000,0.00000
33.33000,0.62194,1.00000,0.00000,0.00000,0.00000
33.66000,0.62194,1.00000,0.00000,0.00000,0.00000
33.99000,0.62194,1.00000,0.00000,0.00000,0.00000
34.32000,0.62194,1.00000,0.00000,0.00000,0.00000
34.65000,0.62194,1.00000,0.00000,0.00000,0.00000
34.98000,0.62194,1.00000,0.00000,0.00000,0.00000
35.31000,0.62194,0.99999,0.00000,0.00000,0.00000
35.64000,0.62194,1.00000,0.00000,0.00000,0.00000
35.97000,0.62194,1.00000,0.00000,0.00000,0.00000
36.30000,0.62194,1.00000,0.00000,0.00000,0.00000
36.63000,0.62194,1.00000,0.00000,0.00000,0.00000
36.96000,0.62194,1.00000,0.00000,0.00000,0.00000
37.29000,0.62194,1.00000,0.00000,0.00000,0.00000
37.62000,0.62194,1.00000,0.00000,0.00000,0.00000
37.95000,0.62194,1.00000,0.00000,0.00000,0.00000
38.28000,0.62194,1.00000,0.00000,0.00000,0.00000
38.61000,0.62194,1.00000,0.00000,0.00000,0.00000
38.94000,0.62194,1.00000,0.00000,0.00000,0.00000
39.27000,0.62194,1.00000,0.00000,0.00000,0.00000
39.60000,0.62194,1.00000,0.00000,0.00000,0.00000
39.93000,0.62194,1.00000,0.00000,0.00000,0.00000
40.26000,0.62194,1.00000,0.00000,0.00000,0.00000
40.59000,0.62194,0.99989,0.00011,0.00000,0.00000
40.92000,0.62194,1.00000,0.00000,0.00000,0.00000
41.25000,0.62194,0.99999,0.00001,0.00000,0.00000
41.58000,0.62194,0.99999,0.00001,0.00000,0.00000
41.91000,0.62194,0.99999,0.00001,0.00000,0.00000
42.24000,0.62194,1.00000,0.00000,0.00000,0.00000
42.57000,0.62194,1.00000,0.00000,0.00000,0.00000
42.90000,0.62194,0.99999,0.00001,0.00000,0.00000
43.23000,0.62194,0.99999,0.00001,0.00000,0.00000
43.56000,0.62194,0.99998,0.00002,0.00000,0.00000
43.89000,0.62194,0.99998,0.00002,0.00000,0.00000
44.22000,0.62194,0.99999,0.00001,0.00000,0.00000
44.55000,0.62194,0.99998,0.00002,0.00000,0.00000
44.88000,0.62194,0.99999,0.00001,0.00000,0.00000
45.21000,0.62194,0.99999,0.00001,0.00000,0.00000
45.54000,0.62194,0.99999,0.00001,0.00000,0.00000
45.87000,0.62194,1.00000,0.00000,0.00000,0.00000
46.20000,0.62194,0.99999,0.00001,0.00000,0.00000
46.53000,0.62194,1.00000,0.00000,0.00000,0.00000
46.86000,0.62194,1.00000,0.00000,0.00000,0.00000
47.19000,0.62194,1.00000,0.00000,0.00000,0.00000
47.52000,0.62194,0.99999,0.00001,0.00000,0.00000
47.85000,0.62194,1.00000,0.00000,0.00000,0.00000
48.18000,0.62194,1.00000,0.00000,0.00000,0.00000
48.51000,0.62194,1.00000,0.00000,0.00000,0.00000
48.84000,0.62194,0.99999,0.00001,0.00000,0.00000
49.17000,0.62194,0.99999,0.00001,0.00000,0.00000
49.50000,0.62194,0.99999,0.00001,0.00000,0.00000
49.83000,0.62194,1.00000,0.00000,0.00000,0.00000
50.16000,0.62194,1.00000,0.00000,0.00000,0.00000
50.49000,0.62194,1.00000,0.00000,0.00000,0.00000
50.82000,0.62194,1.00000,0.00000,0.00000,0.00000
51.15000,0.62194,0.99999,0.00000,0.00000,0.00000
51.48000,0.62194,1.00000,0.00000,0.00000,0.00000
51.81000,0.62194,1.00000,0.00000,0.00000,0.00000
52.14000,0.62194,0.99999,0.00001,0.00000,0.00000
52.47000,0.62194,0.99998,0.00002,0.00000,0.00000
52.80000,0.62194,0.99999,0.00001,0.00000,0.00000
53.13000,0.62194,0.99999,0.00001,0.00000,0.00000
53.46000,0.62194,0.99995,0.00005,0.00000,0.00000
53.79000,0.62194,0.99999,0.00001,0.00000,0.00000
54.12000,0.62194,0.99997,0.00003,0.00000,0.00000
54.45000,0.62194,0.99999,0.00001,0.00000,0.00000
54.78000,0.62194,0.99999,0.00001,0.00000,0.00000
55.11000,0.62194,0.99998,0.00002,0.00000,0.00000
55.44000,0.62194,0.99997,0.00003,0.00000,0.00000
55.77000,0.62194,0.99998,0.00002,0.00000,0.00000
56.10000,0.62194,0.99999,0.00001,0.00000,0.00000
56.43000,0.62194,0.99999,0.00001,0.00000,0.00000
56.76000,0.62194,0.99998,0.00002,0.00000,0.00000
57.09000,0.62194,0.99998,0.00002,0.00000,0.00000
57.42000,0.62194,0.99999,0.00001,0.00000,0.00000
57.75000,0.62194,0.99997,0.00003,0.00000,0.00000
58.08000,0.62194,0.99996,0.00004,0.00000,0.00000
58.41000,0.62194,0.99999,0.00001,0.00000,0.00000
58.74000,0.62194,0.99999,0.00001,0.00000,0.00000
59.07000,0.62194,0.99999,0.00001,0.00000,0.00000
59.40000,0.62194,0.99998,0.00002,0.00000,0.00000
59.73000,0.62194,0.99999,0.00001,0.00000,0.00000
60.06000,0.62194,0.99999,0.00001,0.00000,0.00000
60.39000,0.62194,0.99998,0.00002,0.00000,0.00000
60.72000,0.62194,0.99998,0.00002,0.00000,0.00000
61.05000,0.62194,0.99999,0.00001,0.00000,0.00000
61.38000,0.62194,0.99999,0.00001,0.00000,0.00000
61.71000,0.62194,0.99998,0.00002,0.00000,0.00000
62.04000,0.62194,0.99997,0.00003,0.00000,0.00000
62.37000,0.62194,0.99999,0.00001,0.00000,0.00000
62.70000,0.62194,0.99999,0.00001,0.00000,0.00000
63.03000,0.62194,0.99996,0.00004,0.00000,0.00000
63.36000,0.62194,1.00000,0.00000,0.00000,0.00000
63.69000,0.62194,1.00000,0.00000,0.00000,0.00000
64.02000,0.62194,0.99999,0.00001,0.00000,0.00000
64.35000,0.62194,0.99999,0.00001,0.00000,0.00000
64.68000,0.62194,0.99999,0.00001,0.00000,0.00000
65.01000,0.62193,1.00000,0.00000,0.00000,0.00000
65.34000,0.62194,0.99999,0.00001,0.00000,0.00000
65.67000,0.62194,0.99999,0.00001,0.00000,0.00000
66.00000,0.62194,0.99999,0.00001,0.00000,0.00000
66.33000,0.62193,0.99998,0.00002,0.00000,0.00000
66.66000,0.62193,0.99999,0.00001,0.00000,0.00000
66.99000,0.62194,0.99999,0.00001,0.00000,0.00000
67.32000,0.62194,0.99995,0.00005,0.00000,0.00000
67.65000,0.62193,0.99999,0.00001,0.00000,0.00000
67.98000,0.62193,0.99998,0.00002,0.00000,0.00000
68.31000,0.62194,0.99999,0.00001,0.00000,0.00000
68.64000,0.62194,0.99998,0.00002,0.00000,0.00000
68.97000,0.62193,0.99998,0.00002,0.00000,0.00000
69.30000,0.62193,0.99999,0.00001,0.00000,0.00000
69.63000,0.62194,0.99999,0.00001,0.00000,0.00000
69.96000,0.62194,0.99998,0.00002,0.00000,0.00000
70.29000,0.62193,0.99997,0.00003,0.00000,0.00000
70.62000,0.62193,0.99998,0.00002,0.00000,0.00000
70.95000,0.62194,0.99998,0.00002,0.00000,0.00000
71.28000,0.62194,0.99997,0.00003,0.00000,0.00000
71.61000,0.62194,0.99998,0.00002,0.00000,0.00000
71.94000,0.62193,0.99999,0.00001,0.00000,0.00000
72.27000,0.62194,0.99997,0.00003,0.00000,0.00000
72.60000,0.62194,0.99999,0.00001,0.00000,0.00000
72.93000,0.62194,0.99999,0.00001,0.00000,0.00000
73.26000,0.62193,0.99999,0.00001,0.00000,0.00000
73.59000,0.62194,0.99999,0.00001,0.00000,0.00000
73.92000,0.62194,0.99999,0.00001,0.00000,0.00000
74.25000,0.62194,0.99999,0.00001,0.00000,0.00000
74.58000,0.62193,0.99999,0.00001,0.00000,0.00000
74.91000,0.62193,0.99999,0.00001,0.00000,0.00000
75.24000,0.62194,0.99998,0.00002,0.00000,0.00000
75.57000,0.62194,0.99998,0.00002,0.00000,0.00000
75.90000,0.62193,0.99998,0.00002,0.00000,0.00000
76.23000,0.62193,0.99999,0.00001,0.00000,0.00000
76.56000,0.62194,0.99997,0.00003,0.00000,0.00000
76.89000,0.62194,0.99999,0.00001,0.00000,0.00000
77.22000,0.62193,0.99997,0.00003,0.00000,0.00000
77.55000,0.62193,0.99999,0.00001,0.00000,0.00000
77.88000,0.62194,0.99999,0.00001,0.00000,0.00000
78.21000,0.62194,0.99998,0.00002,0.00000,0.00000
78.54000,0.62193,0.99999,0.00001,0.00000,0.00000
78.87000,0.62193,0.99998,0.00002,0.00000,0.00000
79.20000,0.62194,0.99998,0.00002,0.00000,0.00000
79.53000,0.62194,0.99998,0.00002,0.00000,0.00000
79.86000,0.62194,0.99999,0.00001,0.00000,0.00000
80.19000,0.62193,0.99999,0.00001,0.00000,0.00000
80.52000,0.62194,0.99999,0.00001,0.00000,0.00000
80.85000,0.62194,0.99999,0.00001,0.00000,0.00000
81.18000,0.62194,0.99998,0.00002,0.00000,0.00000
81.51000,0.62193,0.99999,0.00001,0.00000,0.00000
81.84000,0.62194,0.99998,0.00002,0.00000,0.00000
82.17000,0.62194,0.99998,0.00002,0.00000,0.00000
82.50000,0.62194,0.99998,0.00002,0.00000,0.00000
82.83000,0.62193,0.99998,0.00002,0.00000,0.00000
83.16000,0.62193,0.99998,0.00002,0.00000,0.00000
83.49000,0.62194,0.99999,0.00001,0.00000,0.00000
83.82000,0.62194,0.99999,0.00001,0.00000,0.00000
84.15000,0.62193,0.99998,0.00002,0.00000,0.00000
84.48000,0.62193,0.99999,0.00001,0.00000,0.00000
84.81000,0.62194,0.99999,0.00001,0.00000,0.00000
85.14000,0.62194,0.99997,0.00003,0.00000,0.00000
85.47000,0.62193,0.99997,0.00003,0.00000,0.00000
85.80000,0.62193,0.99997,0.00003,0.00000,0.00000
86.13000,0.62194,0.99997,0.00003,0.00000,0.00000
86.46000,0.62194,0.99998,0.00002,0.00000,0.00000
86.79000,0.62193,0.99997,0.00003,0.00000,0.00000
87.12000,0.62193,0.99997,0.00003,0.00000,0.00000
87.45000,0.62194,0.99997,0.00003,0.00000,0.00000
87.78000,0.62194,0.99998,0.00002,0.00000,0.00000
88.11000,0.62194,0.99996,0.00004,0.00000,0.00000
88.44000,0.62193,0.99996,0.00004,0.00000,0.00000
88.77000,0.62194,0.99998,0.00002,0.00000,0.00000
89.10000,0.62194,0.99998,0.00002,0.00000,0.00000
89.43000,0.62194,0.99998,0.00002,0.00000,0.00000
89.76000,0.62193,0.99998,0.00002,0.00000,0.00000
90.09000,0.62194,0.99999,0.00001,0.00000,0.00000
90.42000,0.62194,0.99999,0.00001,0.00000,0.00000
90.75000,0.62194,0.99996,0.00004,0.00000,0.00000
91.08000,0.62193,0.99999,0.00001,0.00000,0.00000
91.41000,0.62193,0.99999,0.00001,0.00000,0.00000
91.74000,0.62194,0.99999,0.00001,0.00000,0.00000
92.07000,0.62194,0.99998,0.00002,0.00000,0.00000
92.40000,0.62193,0.99999,0.00001,0.00000,0.00000
92.73000,0.62193,0.99998,0.00002,0.00000,0.00000
93.06000,0.62194,0.99998,0.00002,0.00000,0.00000
93.39000,0.62194,0.99997,0.00003,0.00000,0.00000
93.72000,0.62193,0.99999,0.00001,0.00000,0.00000
94.05000,0.62193,0.99998,0.00002,0.00000,0.00000
94.38000,0.62194,0.99996,0.00004,0.00000,0.00000
94.71000,0.62194,0.99997,0.00003,0.00000,0.00000
95.04000,0.62193,0.99997,0.00003,0.00000,0.00000
95.37000,0.62193,0.99998,0.00002,0.00000,0.00000
95.70000,0.62194,0.99997,0.00003,0.00000,0.00000
96.03000,0.62194,0.99998,0.00002,0.00000,0.00000
96.36000,0.62194,0.99998,0.00002,0.00000,0.00000
96.69000,0.62193,0.99992,0.00008,0.00000,0.00000
97.02000,0.62194,0.99986,0.00014,0.00000,0.00000
97.35000,0.62194,0.99989,0.00011,0.00000,0.00000
97.68000,0.62194,0.99996,0.00004,0.00000,0.00000
98.01000,0.62193,0.99997,0.00002,0.00000,0.00000
98.34000,0.62194,0.99994,0.00006,0.00000,0.00000
98.67000,0.62194,0.99996,0.00004,0.00000,0.00000
99.00000,0.62194,0.99999,0.00001,0.00000,0.00000
99.33000,0.62193,0.99999,0.00001,0.00000,0.00000
99.66000,0.62193,0.99997,0.00003,0.00000,0.00000
99.99000,0.62194,0.99998,0.00002,0.00000,0.00000
100.32000,0.62194,0.99994,0.00006,0.00000,0.00000
100.65000,0.62193,0.99999,0.00001,0.00000,0.00000
100.98000,0.62193,0.99997,0.00003,0.00000,0.00000
101.31000,0.62194,0.99998,0.00002,0.00000,0.00000
101.64000,0.62194,0.99998,0.00002,0.00000,0.00000
101.97000,0.62193,0.99996,0.00004,0.00000,0.00000
102.30000,0.62193,0.99995,0.00005,0.00000,0.00000
102.63000,0.62194,0.99998,0.00002,0.00000,0.00000
102.96000,0.62194,0.99995,0.00005,0.00000,0.00000
103.29000,0.62193,0.99996,0.00004,0.00000,0.00000
103.62000,0.62193,0.99997,0.00003,0.00000,0.00000
103.95000,0.62194,0.99998,0.00002,0.00000,0.00000
104.28000,0.62194,0.99998,0.00002,0.00000,0.00000
104.61000,0.62194,0.99998,0.00002,0.00000,0.00000
104.94000,0.62193,1.00000,0.00000,0.00000,0.00000
105.27000,0.62194,0.99999,0.00001,0.00000,0.00000
105.60000,0.62194,0.99999,0.00001,0.00000,0.00000
105.93000,0.62194,0.99999,0.00001,0.00000,0.00000
106.26000,0.62193,0.99998,0.00002,0.00000,0.00000
106.59000,0.62194,0.99998,0.00002,0.00000,0.00000
106.92000,0.62194,0.99998,0.00002,0.00000,0.00000
107.25000,0.62194,0.99998,0.00002,0.00000,0.00000
107.58000,0.62193,0.99997,0.00003,0.00000,0.00000
107.91000,0.62193,0.99999,0.00001,0.00000,0.00000
108.24000,0.62194,0.99998,0.00002,0.00000,0.00000
108.57000,0.62194,0.99998,0.00002,0.00000,0.00000
108.90000,0.62193,0.99999,0.00001,0.00000,0.00000
109.23000,0.62193,0.99997,0.00003,0.00000,0.00000
109.56000,0.62194,0.99998,0.00002,0.00000,0.00000
109.89000,0.62194,0.99997,0.00003,0.00000,0.00000
110.22000,0.62193,0.99988,0.00012,0.00000,0.00000
110.55000,0.62193,0.99999,0.00001,0.00000,0.00000
110.88000,0.62194,0.99997,0.00003,0.00000,0.00000
111.21000,0.62194,0.99999,0.00001,0.00000,0.00000
111.54000,0.62193,0.99998,0.00002,0.00000,0.00000
111.87000,0.62193,0.99998,0.00002,0.00000,0.00000
112.20000,0.62194,0.99998,0.00002,0.00000,0.00000
112.53000,0.62194,0.99998,0.00002,0.00000,0.00000
112.86000,0.62194,0.99998,0.00002,0.00000,0.00000
113.19000,0.62193,0.99998,0.00002,0.00000,0.00000
113.52000,0.62194,0.99999,0.00001,0.00000,0.00000
113.85000,0.62194,0.99999,0.00001,0.00000,0.00000
114.18000,0.62194,0.99999,0.00001,0.00000,0.00000
114.51000,0.62193,0.99999,0.00001,0.00000,0.00000
114.84000,0.62194,0.99999,0.00001,0.00000,0.00000
115.17000,0.62194,0.99998,0.00002,0.00000,0.00000
115.50000,0.62194,0.99998,0.00002,0.00000,0.00000
115.83000,0.62193,0.99998,0.00002,0.00000,0.00000
116.16000,0.62193,0.99998,0.00002,0.00000,0.00000
116.49000,0.62194,0.99997,0.00003,0.00000,0.00000
116.82000,0.62194,0.99998,0.00002,0.00000,0.00000
117.15000,0.62193,0.99995,0.00004,0.00000,0.00000
117.48000,0.62193,0.99999,0.00001,0.00000,0.00000
117.81000,0.62194,0.99999,0.00001,0.00000,0.00000
118.14000,0.62194,0.99998,0.00002,0.00000,0.00000
118.47000,0.62193,0.99998,0.00002,0.00000,0.00000
118.80000,0.62193,0.99998,0.00001,0.00000,0.00000
119.13000,0.62194,0.99997,0.00003,0.00000,0.00000
119.46000,0.62194,0.99998,0.00002,0.00000,0.00000
119.79000,0.62193,0.99997,0.00003,0.00000,0.00000
120.12000,0.62193,0.99998,0.00002,0.00000,0.00000
120.45000,0.62194,0.99997,0.00003,0.00000,0.00000
120.78000,0.62194,0.99998,0.00002,0.00000,0.00000
121.11000,0.62194,0.99999,0.00001,0.00000,0.00000
121.44000,0.62193,0.99999,0.00001,0.00000,0.00000
121.77000,0.62194,0.99999,0.00001,0.00000,0.00000
122.10000,0.62194,0.99997,0.00003,0.00000,0.00000
122.43000,0.62194,0.99998,0.00002,0.00000,0.00000
122.76000,0.62193,0.99998,0.00002,0.00000,0.00000
123.09000,0.62194,0.99998,0.00002,0.00000,0.00000
123.42000,0.62194,0.99997,0.00003,0.00000,0.00000
123.75000,0.62194,0.99997,0.00003,0.00000,0.00000
124.08000,0.62193,0.99997,0.00003,0.00000,0.00000
124.41000,0.62193,0.99996,0.00002,0.00000,0.00002
124.74000,0.62194,0.99998,0.00002,0.00000,0.00000
125.07000,0.62194,0.99998,0.00002,0.00000,0.00000
125.40000,0.62193,0.99998,0.00002,0.00000,0.00000
125.73000,0.62193,0.99999,0.00001,0.00000,0.00000
126.06000,0.62194,0.99996,0.00004,0.00000,0.00000
126.39000,0.62194,0.99999,0.00001,0.00000,0.00000
126.72000,0.62193,0.99998,0.00002,0.00000,0.00000
127.05000,0.62193,0.99997,0.00003,0.00000,0.00000
127.38000,0.62194,0.99998,0.00002,0.00000,0.00000
127.71000,0.62194,0.99998,0.00002,0.00000,0.00000
128.03999,0.62195,0.99995,0.00004,0.00000,0.00000
128.37000,0.62195,0.99998,0.00002,0.00000,0.00000
128.70000,0.62193,0.99997,0.00003,0.00000,0.00000
129.03000,0.62193,0.99999,0.00001,0.00000,0.00000
129.36000,0.62193,0.99997,0.00003,0.00000,0.00000
129.69000,0.62193,0.99997,0.00002,0.00000,0.00001
130.02000,0.62193,0.99987,0.00010,0.00000,0.00003
130.35001,0.62193,0.99995,0.00004,0.00000,0.00001
130.67999,0.62195,0.99995,0.00004,0.00000,0.00001
131.00999,0.62195,0.99994,0.00006,0.00000,0.00000
131.34000,0.62195,0.99989,0.00010,0.00000,0.00001
131.67000,0.62193,0.99994,0.00005,0.00000,0.00001
132.00000,0.62193,0.99997,0.00002,0.00000,0.00001
132.33000,0.62193,0.99998,0.00002,0.00000,0.00000
132.66000,0.62193,0.99999,0.00001,0.00000,0.00000
132.99001,0.62193,0.99999,0.00000,0.00000,0.00001
133.32001,0.62193,1.00000,0.00000,0.00000,0.00000
133.64999,0.62195,0.99999,0.00001,0.00000,0.00000
133.98000,0.62195,0.99998,0.00002,0.00000,0.00000
134.31000,0.62193,0.99996,0.00004,0.00000,0.00000
134.64000,0.62193,0.99999,0.00001,0.00000,0.00000
134.97000,0.62193,0.99999,0.00001,0.00000,0.00000
135.30000,0.62193,0.99998,0.00002,0.00000,0.00000
135.63000,0.62193,0.99999,0.00001,0.00000,0.00000
135.96001,0.62193,0.99998,0.00002,0.00000,0.00000
136.28999,0.62195,0.99995,0.00004,0.00000,0.00001
136.62000,0.62195,0.99998,0.00002,0.00000,0.00000
136.95000,0.62193,0.99999,0.00001,0.00000,0.00000
137.28000,0.62193,0.99998,0.00001,0.00000,0.00000
137.61000,0.62193,0.99997,0.00003,0.00000,0.00000
137.94000,0.62193,0.99999,0.00001,0.00000,0.00000
138.27000,0.62193,0.99997,0.00001,0.00000,0.00001
138.60001,0.62193,0.99998,0.00001,0.00000,0.00001
138.92999,0.62195,0.99999,0.00001,0.00000,0.00000
139.25999,0.62195,0.99999,0.00001,0.00000,0.00000
139.59000,0.62195,0.99995,0.00005,0.00000,0.00000
139.92000,0.62193,0.99998,0.00002,0.00000,0.00000
140.25000,0.62193,0.99979,0.00021,0.00000,0.00000
140.58000,0.62193,0.99999,0.00001,0.00000,0.00000
140.91000,0.62193,0.99998,0.00002,0.00000,0.00000
141.24001,0.62193,0.99998,0.00002,0.00000,0.00000
141.57001,0.62193,0.99997,0.00003,0.00000,0.00000
141.89999,0.62195,0.99996,0.00004,0.00000,0.00000
142.23000,0.62195,0.99996,0.00004,0.00000,0.00000
142.56000,0.62193,0.99982,0.00017,0.00000,0.00001
142.89000,0.62193,0.99989,0.00011,0.00000,0.00000
143.22000,0.62193,0.99996,0.00004,0.00000,0.00000
143.55000,0.62193,0.99993,0.00007,0.00000,0.00000
143.88000,0.62193,0.99998,0.00002,0.00000,0.00000
144.21001,0.62193,0.99995,0.00005,0.00000,0.00000
144.53999,0.62195,0.99997,0.00002,0.00000,0.00000
144.87000,0.62195,0.99999,0.00001,0.00000,0.00000
145.20000,0.62193,0.99999,0.00001,0.00000,0.00000
145.53000,0.62193,0.99998,0.00002,0.00000,0.00000
145.86000,0.62193,0.99998,0.00002,0.00000,0.00000
146.19000,0.62193,0.99998,0.00002,0.00000,0.00000
146.52000,0.62193,0.99998,0.00002,0.00000,0.00000
146.85001,0.62193,0.99998,0.00002,0.00000,0.00000
147.17999,0.62195,0.99996,0.00004,0.00000,0.00000
147.50999,0.62195,1.00000,0.00000,0.00000,0.00000
147.84000,0.62195,0.99998,0.00002,0.00000,0.00000
148.17000,0.62193,0.99998,0.00002,0.00000,0.00000
148.50000,0.62193,0.99996,0.00004,0.00000,0.00000
148.83000,0.62193,0.99997,0.00003,0.00000,0.00000
149.16000,0.62193,0.99998,0.00002,0.00000,0.00000
149.49001,0.62193,0.99996,0.00004,0.00000,0.00000
149.82001,0.62193,0.99998,0.00002,0.00000,0.00000
150.14999,0.62195,0.99997,0.00002,0.00000,0.00000
150.48000,0.62195,1.00000,0.00000,0.00000,0.00000
150.81000,0.62193,1.00000,0.00000,0.00000,0.00000
151.14000,0.62193,0.99999,0.00001,0.00000,0.00000
151.47000,0.62193,0.99996,0.00004,0.00000,0.00000
151.80000,0.62193,1.00000,0.00000,0.00000,0.00000
152.13000,0.62193,1.00000,0.00000,0.00000,0.00000
152.46001,0.62193,1.00000,0.00000,0.00000,0.00000
152.78999,0.62195,1.00000,0.00000,0.00000,0.00000
153.12000,0.62195,0.99997,0.00003,0.00000,0.00000
153.45000,0.62193,0.99998,0.00002,0.00000,0.00000
153.78000,0.62193,0.99999,0.00001,0.00000,0.00000
154.11000,0.62193,0.99994,0.00006,0.00000,0.00000
154.44000,0.62193,0.99999,0.00001,0.00000,0.00000
154.77000,0.62193,1.00000,0.00000,0.00000,0.00000
155.10001,0.62193,0.99997,0.00003,0.00000,0.00000
155.42999,0.62195,0.99999,0.00001,0.00000,0.00000
155.75999,0.62195,0.99999,0.00001,0.00000,0.00000
156.09000,0.62195,0.99998,0.00002,0.00000,0.00000
156.42000,0.62193,0.99999,0.00001,0.00000,0.00000
156.75000,0.62193,0.99995,0.00005,0.00000,0.00000
157.08000,0.62193,0.99999,0.00001,0.00000,0.00000
157.41000,0.62193,0.99999,0.00001,0.00000,0.00000
157.74001,0.62193,0.99999,0.00001,0.00000,0.00000
158.07001,0.62193,0.99998,0.00002,0.00000,0.00000
158.39999,0.62195,0.99994,0.00006,0.00000,0.00000
158.73000,0.62195,0.99998,0.00002,0.00000,0.00000
159.06000,0.62193,0.99996,0.00004,0.00000,0.00000
159.39000,0.62193,0.99999,0.00001,0.00000,0.00000
159.72000,0.62193,0.99997,0.00003,0.00000,0.00000
160.05000,0.62193,0.99998,0.00002,0.00000,0.00000
160.38000,0.62193,0.99996,0.00004,0.00000,0.00000
160.71001,0.62193,0.99999,0.00001,0.00000,0.00000
161.03999,0.62195,0.99998,0.00002,0.00000,0.00000
161.37000,0.62195,0.99996,0.00003,0.00000,0.00000
161.70000,0.62193,0.99998,0.00002,0.00000,0.00000
162.03000,0.62193,0.99997,0.00003,0.00000,0.00000
162.36000,0.62193,0.99997,0.00003,0.00000,0.00000
162.69000,0.62193,0.99999,0.00001,0.00000,0.00000
163.02000,0.62193,0.99999,0.00001,0.00000,0.00000
163.35001,0.62193,0.99997,0.00003,0.00000,0.00000
163.67999,0.62195,0.99999,0.00001,0.00000,0.00000
164.00999,0.62195,0.99998,0.00002,0.00000,0.00000
164.34000,0.62195,0.99999,0.00001,0.00000,0.00000
164.67000,0.62193,0.99987,0.00013,0.00000,0.00000
165.00000,0.62193,0.99998,0.00002,0.00000,0.00000
165.33000,0.62193,0.99999,0.00001,0.00000,0.00000
165.66000,0.62193,0.99999,0.00001,0.00000,0.00000
165.99001,0.62193,0.99999,0.00001,0.00000,0.00000
166.32001,0.62193,0.99998,0.00002,0.00000,0.00000
166.64999,0.62195,0.99998,0.00001,0.00000,0.00000
166.98000,0.62195,0.99997,0.00003,0.00000,0.00000
167.31000,0.62193,1.00000,0.00000,0.00000,0.00000
167.64000,0.62193,0.99999,0.00001,0.00000,0.00000
167.97000,0.62193,0.99998,0.00002,0.00000,0.00000
168.30000,0.62193,0.99999,0.00001,0.00000,0.00000
168.63000,0.62193,0.99999,0.00001,0.00000,0.00000
168.96001,0.62193,0.99998,0.00002,0.00000,0.00000
169.28999,0.62195,0.99998,0.00001,0.00000,0.00000
169.62000,0.62195,0.99998,0.00002,0.00000,0.00000
169.95000,0.62193,0.99998,0.00002,0.00000,0.00000
170.28000,0.62193,0.99998,0.00002,0.00000,0.00000
170.61000,0.62193,0.99997,0.00003,0.00000,0.00000
170.94000,0.62193,0.99998,0.00001,0.00000,0.00000
171.27000,0.62193,0.99997,0.00003,0.00000,0.00000
171.60001,0.62193,0.99998,0.00002,0.00000,0.00000
171.92999,0.62195,0.99998,0.00002,0.00000,0.00000
172.25999,0.62195,0.99999,0.00001,0.00000,0.00000
172.59000,0.62195,0.99998,0.00002,0.00000,0.00000
172.92000,0.62193,0.99998,0.00002,0.00000,0.00000
173.25000,0.62193,0.99998,0.00002,0.00000,0.00000
173.58000,0.62193,0.99994,0.00006,0.00000,0.00000
173.91000,0.62193,0.99998,0.00002,0.00000,0.00000
174.24001,0.62193,0.99997,0.00002,0.00000,0.00001
174.57001,0.62193,0.99999,0.00001,0.00000,0.00000
174.89999,0.62195,0.99999,0.00001,0.00000,0.00000
175.23000,0.62195,0.99998,0.00002,0.00000,0.00000
175.56000,0.62193,0.99999,0.00001,0.00000,0.00000
175.89000,0.62193,0.99997,0.00002,0.00000,0.00000
176.22000,0.62193,0.99999,0.00001,0.00000,0.00000
176.55000,0.62193,0.99998,0.00002,0.00000,0.00000
176.88000,0.62193,0.99998,0.00002,0.00000,0.00000
177.21001,0.62193,0.99998,0.00002,0.00000,0.00000
177.53999,0.62195,0.99998,0.00002,0.00000,0.00000
177.87000,0.62195,0.99998,0.00002,0.00000,0.00000
178.20000,0.62193,0.99998,0.00002,0.00000,0.00000
178.53000,0.62193,0.99997,0.00003,0.00000,0.00000
178.86000,0.62193,0.99999,0.00001,0.00000,0.00000
179.19000,0.62193,0.99997,0.00003,0.00000,0.00000
179.52000,0.62193,0.99997,0.00003,0.00000,0.00000
179.85001,0.62193,0.99997,0.00003,0.00000,0.00000
180.17999,0.62195,0.99998,0.00002,0.00000,0.00000
180.50999,0.62195,0.99998,0.00002,0.00000,0.00000
180.84000,0.62195,0.99998,0.00002,0.00000,0.00000
181.17000,0.62193,0.99995,0.00005,0.00000,0.00000
181.50000,0.62193,0.99997,0.00003,0.00000,0.00000
181.83000,0.62193,0.99998,0.00002,0.00000,0.00000
182.16000,0.62193,0.99996,0.00004,0.00000,0.00000
182.49001,0.62193,0.99995,0.00005,0.00000,0.00000
182.82001,0.62193,0.99998,0.00002,0.00000,0.00000
183.14999,0.62195,0.99997,0.00003,0.00000,0.00000
183.48000,0.62195,0.99998,0.00001,0.00000,0.00001
183.81000,0.62193,0.99994,0.00004,0.00000,0.00002
184.14000,0.62193,0.99981,0.00018,0.00000,0.00001
184.47000,0.62193,0.99995,0.00005,0.00000,0.00000
184.80000,0.62193,0.99997,0.00003,0.00000,0.00000
185.13000,0.62193,0.99998,0.00002,0.00000,0.00000
185.46001,0.62193,0.99996,0.00004,0.00000,0.00000
185.78999,0.62195,0.99994,0.00006,0.00000,0.00000
186.12000,0.62195,0.99998,0.00002,0.00000,0.00000
186.45000,0.62193,0.99998,0.00002,0.00000,0.00000
186.78000,0.62193,0.99996,0.00004,0.00000,0.00000
187.11000,0.62193,0.99998,0.00002,0.00000,0.00000
187.44000,0.62193,0.99998,0.00002,0.00000,0.00000
187.77000,0.62193,0.99990,0.00010,0.00000,0.00000
188.10001,0.62193,0.99997,0.00003,0.00000,0.00000
188.42999,0.62195,0.99997,0.00003,0.00000,0.00000
188.75999,0.62195,0.99997,0.00003,0.00000,0.00000
189.09000,0.62195,0.99997,0.00003,0.00000,0.00000
189.42000,0.62193,0.99998,0.00002,0.00000,0.00000
189.75000,0.62193,0.99998,0.00002,0.00000,0.00000
190.08000,0.62193,0.99997,0.00003,0.00000,0.00000
190.41000,0.62193,0.99999,0.00001,0.00000,0.00000
190.74001,0.62193,0.99998,0.00002,0.00000,0.00000
191.07001,0.62193,0.99998,0.00002,0.00000,0.00000
191.39999,0.62195,0.99999,0.00001,0.00000,0.00000
191.73000,0.62195,0.99998,0.00002,0.00000,0.00000
192.06000,0.62193,0.99998,0.00002,0.00000,0.00000
192.39000,0.62193,0.99998,0.00002,0.00000,0.00000
192.72000,0.62193,0.99999,0.00001,0.00000,0.00000
193.05000,0.62193,0.99997,0.00003,0.00000,0.00000
193.38000,0.62193,0.99999,0.00001,0.00000,0.00000
193.71001,0.62193,0.99999,0.00001,0.00000,0.00000
194.03999,0.62195,0.99997,0.00003,0.00000,0.00000
194.37000,0.62195,0.99995,0.00005,0.00000,0.00000
194.70000,0.62193,0.99997,0.00003,0.00000,0.00000
195.03000,0.62193,0.99997,0.00003,0.00000,0.00000
195.36000,0.62193,0.99999,0.00001,0.00000,0.00000
195.69000,0.62193,0.99996,0.00003,0.00000,0.00000
196.02000,0.62193,0.99997,0.00003,0.00000,0.00000
196.35001,0.62193,0.99998,0.00002,0.00000,0.00000
196.67999,0.62195,0.99998,0.00002,0.00000,0.00000
197.00999,0.62195,0.99997,0.00003,0.00000,0.00000
197.34000,0.62195,0.99998,0.00002,0.00000,0.00000
197.67000,0.62193,0.99995,0.00005,0.00000,0.00000
198.00000,0.62193,0.99995,0.00005,0.00000,0.00000
198.33000,0.62193,0.99998,0.00002,0.00000,0.00000
198.66000,0.62193,0.99996,0.00004,0.00000,0.00000
198.99001,0.62193,0.99997,0.00003,0.00000,0.00000
199.32001,0.62193,0.99995,0.00005,0.00000,0.00000
199.64999,0.62195,0.99993,0.00007,0.00000,0.00000
199.98000,0.62195,0.99996,0.00004,0.00000,0.00000
200.31000,0.62193,0.99995,0.00005,0.00000,0.00000
200.64000,0.62193,0.99985,0.00015,0.00000,0.00000
200.97000,0.62193,0.99995,0.00005,0.00000,0.00000
201.30000,0.62193,0.99995,0.00005,0.00000,0.00000
201.63000,0.62193,0.99995,0.00005,0.00000,0.00000
201.96001,0.62193,0.99995,0.00005,0.00000,0.00000
202.28999,0.62195,0.99998,0.00002,0.00000,0.00000
202.62000,0.62195,0.99996,0.00004,0.00000,0.00000
202.95000,0.62193,0.99997,0.00003,0.00000,0.00000
203.28000,0.62193,0.99994,0.00005,0.00000,0.00001
203.61000,0.62193,0.99998,0.00002,0.00000,0.00000
203.94000,0.62193,0.99997,0.00003,0.00000,0.00000
204.27000,0.62193,0.99996,0.00004,0.00000,0.00000
204.60001,0.62193,0.99995,0.00005,0.00000,0.00000
204.92999,0.62195,0.99997,0.00003,0.00000,0.00000
205.25999,0.62195,0.99999,0.00001,0.00000,0.00000
205.59000,0.62195,0.99999,0.00001,0.00000,0.00000
205.92000,0.62193,0.99998,0.00002,0.00000,0.00000
206.25000,0.62193,0.99998,0.00002,0.00000,0.00000
206.58000,0.62193,0.99999,0.00001,0.00000,0.00000
206.91000,0.62193,0.99995,0.00005,0.00000,0.00000
207.24001,0.62193,0.99997,0.00003,0.00000,0.00000
207.57001,0.62193,0.99998,0.00002,0.00000,0.00000
207.89999,0.62195,0.99997,0.00003,0.00000,0.00000
208.23000,0.62195,0.99993,0.00007,0.00000,0.00000
208.56000,0.62193,0.99998,0.00002,0.00000,0.00000
208.89000,0.62193,0.99997,0.00003,0.00000,0.00000
209.22000,0.62193,0.99993,0.00005,0.00000,0.00002
209.55000,0.62193,0.99995,0.00004,0.00000,0.00000
209.88000,0.62193,0.99998,0.00002,0.00000,0.00000
210.21001,0.62193,0.99998,0.00002,0.00000,0.00000
210.53999,0.62195,0.99999,0.00001,0.00000,0.00000
210.87000,0.62195,0.99997,0.00003,0.00000,0.00000
211.20000,0.62193,0.99997,0.00003,0.00000,0.00000
211.53000,0.62193,0.99998,0.00002,0.00000,0.00000
211.86000,0.62193,0.99997,0.00003,0.00000,0.00000
212.19000,0.62193,0.99998,0.00002,0.00000,0.00000
212.52000,0.62193,0.99999,0.00001,0.00000,0.00000
212.85001,0.62193,0.99998,0.00002,0.00000,0.00000
213.17999,0.62195,0.99999,0.00001,0.00000,0.00000
213.50999,0.62195,0.99995,0.00005,0.00000,0.00000
213.84000,0.62195,0.99995,0.00005,0.00000,0.00000
214.17000,0.62193,0.99997,0.00001,0.00000,0.00001
214.50000,0.62193,0.99997,0.00001,0.00000,0.00002
214.83000,0.62193,0.99999,0.00001,0.00000,0.00000
215.16000,0.62193,0.99998,0.00002,0.00000,0.00000
215.49001,0.62193,0.99999,0.00001,0.00000,0.00000
215.82001,0.62193,0.99999,0.00001,0.00000,0.00000
216.14999,0.62195,0.99998,0.00002,0.00000,0.00000
216.48000,0.62195,0.99996,0.00004,0.00000,0.00000
216.81000,0.62193,0.99998,0.00002,0.00000,0.00000
217.14000,0.62193,0.99999,0.00001,0.00000,0.00000
217.47000,0.62193,0.99998,0.00002,0.00000,0.00000
217.80000,0.62193,0.99999,0.00001,0.00000,0.00000
218.13000,0.62193,0.99999,0.00001,0.00000,0.00000
218.46001,0.62193,0.99998,0.00002,0.00000,0.00000
218.78999,0.62195,0.99998,0.00002,0.00000,0.00000
219.12000,0.62195,0.99998,0.00002,0.00000,0.00000
219.45000,0.62193,0.99995,0.00005,0.00000,0.00000
219.78000,0.62193,0.99999,0.00001,0.00000,0.00000
220.11000,0.62193,0.99992,0.00008,0.00000,0.00000
220.44000,0.62193,0.99997,0.00002,0.00000,0.00000
220.77000,0.62193,0.99999,0.00001,0.00000,0.00000
221.10001,0.62193,0.99970,0.00030,0.00000,0.00000
221.42999,0.62195,1.00000,0.00000,0.00000,0.00000
221.75999,0.62195,0.99999,0.00001,0.00000,0.00000
222.09000,0.62195,0.99999,0.00001,0.00000,0.00000
222.42000,0.62193,0.99999,0.00001,0.00000,0.00000
222.75000,0.62193,0.99995,0.00005,0.00000,0.00000
223.08000,0.62193,0.99998,0.00002,0.00000,0.00000
223.41000,0.62193,0.99999,0.00001,0.00000,0.00000
223.74001,0.62193,1.00000,0.00000,0.00000,0.00000
224.07001,0.62193,0.99998,0.00002,0.00000,0.00000
224.39999,0.62195,0.99995,0.00005,0.00000,0.00000
224.73000,0.62195,0.99999,0.00001,0.00000,0.00000
225.06000,0.62193,0.99998,0.00002,0.00000,0.00000
225.39000,0.62193,0.99997,0.00003,0.00000,0.00000
225.72000,0.62193,0.99998,0.00002,0.00000,0.00000
226.05000,0.62193,0.99996,0.00003,0.00000,0.00001
226.38000,0.62193,0.99997,0.00003,0.00000,0.00000
226.71001,0.62193,0.99997,0.00003,0.00000,0.00000
227.03999,0.62195,0.99999,0.00001,0.00000,0.00000
227.37000,0.62195,0.99994,0.00003,0.00000,0.00003
227.70000,0.62193,0.99991,0.00009,0.00000,0.00000
228.03000,0.62193,0.99993,0.00006,0.00000,0.00000
228.36000,0.62193,0.99976,0.00003,0.00001,0.00020
228.69000,0.62193,0.99999,0.00001,0.00000,0.00000
229.02000,0.62193,0.99997,0.00002,0.00000,0.00001
229.35001,0.62193,0.99995,0.00005,0.00000,0.00000
229.67999,0.62195,0.99996,0.00004,0.00000,0.00000
230.00999,0.62195,0.99998,0.00002,0.00000,0.00000
230.34000,0.62195,0.99999,0.00001,0.00000,0.00000
230.67000,0.62193,0.99999,0.00001,0.00000,0.00000
231.00000,0.62193,0.99999,0.00001,0.00000,0.00000
231.33000,0.62193,0.99998,0.00002,0.00000,0.00000
231.66000,0.62193,0.99999,0.00001,0.00000,0.00000
231.99001,0.62193,0.99998,0.00002,0.00000,0.00000
232.32001,0.62193,0.99993,0.00007,0.00000,0.00000
232.64999,0.62195,0.99998,0.00002,0.00000,0.00000
232.98000,0.62195,0.99997,0.00003,0.00000,0.00000
233.31000,0.62193,0.99873,0.00127,0.00000,0.00000
233.64000,0.62193,1.00000,0.00000,0.00000,0.00000
233.97000,0.62193,0.99999,0.00001,0.00000,0.00000
234.30000,0.62193,0.99997,0.00003,0.00000,0.00000
234.63000,0.62193,0.99993,0.00007,0.00000,0.00000
234.96001,0.62193,0.99986,0.00006,0.00001,0.00007
235.28999,0.62195,0.99996,0.00001,0.00000,0.00002
235.62000,0.62195,0.99995,0.00005,0.00000,0.00001
235.95000,0.62193,0.99998,0.00002,0.00000,0.00000
236.28000,0.62193,0.99995,0.00004,0.00000,0.00000
236.61000,0.62193,0.99996,0.00004,0.00000,0.00000
236.94000,0.62193,0.99997,0.00003,0.00000,0.00000
237.27000,0.62193,0.99998,0.00001,0.00000,0.00000
237.60001,0.62193,0.99998,0.00002,0.00000,0.00000
237.92999,0.62195,0.99999,0.00001,0.00000,0.00000
238.25999,0.62195,0.99999,0.00001,0.00000,0.00000
238.59000,0.62195,1.00000,0.00000,0.00000,0.00000
238.92000,0.62193,0.99999,0.00001,0.00000,0.00000
239.25000,0.62193,0.99996,0.00004,0.00000,0.00000
239.58000,0.62193,0.99999,0.00001,0.00000,0.00000
239.91000,0.62193,0.99998,0.00002,0.00000,0.00000
240.24001,0.62193,0.99999,0.00001,0.00000,0.00000
240.57001,0.62193,0.99998,0.00002,0.00000,0.00000
240.89999,0.62195,0.99994,0.00006,0.00000,0.00000
241.23000,0.62195,0.99998,0.00002,0.00000,0.00000
241.56000,0.62193,0.99998,0.00002,0.00000,0.00000
241.89000,0.62193,0.99997,0.00003,0.00000,0.00000
242.22000,0.62193,0.99995,0.00005,0.00000,0.00000
242.55000,0.62193,0.99973,0.00027,0.00000,0.00000
242.88000,0.62193,0.99997,0.00003,0.00000,0.00000
243.21001,0.62193,0.99993,0.00006,0.00000,0.00001
243.53999,0.62195,0.99996,0.00003,0.00000,0.00000
243.87000,0.62195,0.99994,0.00006,0.00000,0.00000
244.20000,0.62193,0.99998,0.00002,0.00000,0.00000
244.53000,0.62193,0.99997,0.00003,0.00000,0.00000
244.86000,0.62193,0.99997,0.00002,0.00000,0.00000
245.19000,0.62193,0.99998,0.00002,0.00000,0.00000
245.52000,0.62193,0.99999,0.00001,0.00000,0.00000
245.85001,0.62193,0.99998,0.00002,0.00000,0.00000
246.17999,0.62195,0.99997,0.00003,0.00000,0.00000
246.50999,0.62195,0.99998,0.00001,0.00000,0.00001
246.84000,0.62195,0.99992,0.00003,0.00000,0.00005
247.17000,0.62193,0.99990,0.00003,0.00000,0.00006
247.50000,0.62193,0.99998,0.00001,0.00000,0.00001
247.83000,0.62193,0.99997,0.00002,0.00000,0.00001
248.16000,0.62193,0.99998,0.00002,0.00000,0.00000
248.49001,0.62193,0.99997,0.00003,0.00000,0.00000
248.82001,0.62193,0.99993,0.00007,0.00000,0.00000
249.14999,0.62195,0.99994,0.00006,0.00000,0.00000
249.48000,0.62195,0.99965,0.00034,0.00000,0.00001
249.81000,0.62193,0.99997,0.00002,0.00000,0.00000
250.14000,0.62193,0.99993,0.00007,0.00000,0.00000
250.47000,0.62193,0.99995,0.00005,0.00000,0.00000
250.80000,0.62193,0.99988,0.00012,0.00000,0.00000
251.13000,0.62193,0.99995,0.00005,0.00000,0.00000
251.46001,0.62193,0.99995,0.00005,0.00000,0.00000
251.78999,0.62195,0.99996,0.00004,0.00000,0.00000
252.12000,0.62195,0.99996,0.00004,0.00000,0.00000
252.45000,0.62193,0.99997,0.00003,0.00000,0.00000
252.78000,0.62193,0.99994,0.00006,0.00000,0.00000
253.11000,0.62193,0.99997,0.00003,0.00000,0.00000
253.44000,0.62193,0.99992,0.00008,0.00000,0.00000
253.77000,0.62193,0.99997,0.00003,0.00000,0.00000
254.10001,0.62193,0.99996,0.00004,0.00000,0.00000
254.42999,0.62195,0.99996,0.00004,0.00000,0.00001
254.75999,0.62195,0.99997,0.00003,0.00000,0.00000
255.09000,0.62195,0.99998,0.00002,0.00000,0.00000
255.42000,0.62193,0.99998,0.00002,0.00000,0.00000
255.75000,0.62195,0.99998,0.00002,0.00000,0.00000
256.07999,0.62195,0.99998,0.00002,0.00000,0.00000
256.41000,0.62195,0.99998,0.00002,0.00000,0.00000
256.73999,0.62195,0.99999,0.00001,0.00000,0.00000
257.07001,0.62192,0.99996,0.00004,0.00000,0.00000
257.39999,0.62195,0.99999,0.00001,0.00000,0.00000
257.73001,0.62192,0.99997,0.00003,0.00000,0.00000
258.06000,0.62195,0.99999,0.00001,0.00000,0.00000
258.39001,0.62192,0.99999,0.00001,0.00000,0.00000
258.72000,0.62195,0.99998,0.00002,0.00000,0.00000
259.04999,0.62195,0.99999,0.00001,0.00000,0.00000
259.38000,0.62192,0.99999,0.00001,0.00000,0.00000
259.70999,0.62195,0.99998,0.00002,0.00000,0.00000
260.04001,0.62192,0.99998,0.00002,0.00000,0.00000
260.37000,0.62195,0.99998,0.00002,0.00000,0.00000
260.70001,0.62192,0.99998,0.00002,0.00000,0.00000
261.03000,0.62195,0.99998,0.00002,0.00000,0.00000
261.35999,0.62195,0.99998,0.00002,0.00000,0.00000
261.69000,0.62195,0.99994,0.00006,0.00000,0.00000
262.01999,0.62195,0.99997,0.00002,0.00000,0.00001
262.35001,0.62192,0.99997,0.00003,0.00000,0.00000
262.67999,0.62195,0.99998,0.00002,0.00000,0.00000
263.01001,0.62192,0.99998,0.00002,0.00000,0.00000
263.34000,0.62195,0.99999,0.00001,0.00000,0.00000
263.67001,0.62192,0.99999,0.00001,0.00000,0.00000
264.00000,0.62195,0.99998,0.00002,0.00000,0.00000
264.32999,0.62195,0.99998,0.00002,0.00000,0.00000
264.66000,0.62195,0.99997,0.00003,0.00000,0.00000
264.98999,0.62195,0.99999,0.00001,0.00000,0.00000
265.32001,0.62192,0.99999,0.00001,0.00000,0.00000
265.64999,0.62195,0.99998,0.00002,0.00000,0.00000
265.98001,0.62192,0.99999,0.00001,0.00000,0.00000
266.31000,0.62195,0.99997,0.00002,0.00000,0.00000
266.64001,0.62192,0.99996,0.00000,0.00000,0.00004
266.97000,0.62195,0.99999,0.00000,0.00000,0.00000
267.29999,0.62195,0.99992,0.00001,0.00000,0.00007
267.63000,0.62192,0.99995,0.00003,0.00000,0.00001
267.95999,0.62195,0.99996,0.00003,0.00000,0.00000
268.29001,0.62192,1.00000,0.00000,0.00000,0.00000
268.62000,0.62195,0.99998,0.00002,0.00000,0.00000
268.95001,0.62192,0.99997,0.00003,0.00000,0.00000
269.28000,0.62195,0.99998,0.00002,0.00000,0.00000
269.60999,0.62195,1.00000,0.00000,0.00000,0.00000
269.94000,0.62195,1.00000,0.00000,0.00000,0.00000
270.26999,0.62195,0.99998,0.00002,0.00000,0.00000
270.60001,0.62192,0.99998,0.00002,0.00000,0.00000
270.92999,0.62195,0.99997,0.00003,0.00000,0.00000
271.26001,0.62192,0.99994,0.00005,0.00000,0.00001
271.59000,0.62195,0.99997,0.00002,0.00000,0.00001
271.92001,0.62192,0.99996,0.00004,0.00000,0.00000
272.25000,0.62195,0.99989,0.00001,0.00000,0.00009
272.57999,0.62195,0.99998,0.00002,0.00000,0.00000
272.91000,0.62195,0.99998,0.00002,0.00000,0.00000
273.23999,0.62195,0.99999,0.00001,0.00000,0.00000
273.57001,0.62192,0.99998,0.00002,0.00000,0.00000
273.89999,0.62195,0.99998,0.00002,0.00000,0.00000
274.23001,0.62192,0.99999,0.00000,0.00000,0.00000
274.56000,0.62195,0.99998,0.00002,0.00000,0.00000
274.89001,0.62192,1.00000,0.00000,0.00000,0.00000
275.22000,0.62195,1.00000,0.00000,0.00000,0.00000
275.54999,0.62195,0.99998,0.00002,0.00000,0.00000
275.88000,0.62192,0.99998,0.00002,0.00000,0.00000
276.20999,0.62195,0.99998,0.00002,0.00000,0.00000
276.54001,0.62192,0.99997,0.00002,0.00000,0.00000
276.87000,0.62195,0.99996,0.00003,0.00000,0.00000
277.20001,0.62192,0.99996,0.00002,0.00000,0.00001
277.53000,0.62195,0.99996,0.00004,0.00000,0.00000
277.85999,0.62195,0.99995,0.00005,0.00000,0.00000
278.19000,0.62195,0.99998,0.00002,0.00000,0.00001
278.51999,0.62195,0.99999,0.00001,0.00000,0.00000
278.85001,0.62192,0.99999,0.00001,0.00000,0.00000
279.17999,0.62195,0.99989,0.00010,0.00000,0.00000
279.51001,0.62192,0.99993,0.00006,0.00000,0.00000
279.84000,0.62195,0.99997,0.00003,0.00000,0.00000
280.17001,0.62192,0.99948,0.00052,0.00000,0.00000
280.50000,0.62195,0.99996,0.00002,0.00000,0.00002
280.82999,0.62195,0.99998,0.00001,0.00000,0.00001
281.16000,0.62195,0.99999,0.00000,0.00000,0.00000
281.48999,0.62195,0.99995,0.00004,0.00000,0.00001
281.82001,0.62192,0.99995,0.00005,0.00000,0.00000
282.14999,0.62195,0.99999,0.00000,0.00000,0.00000
282.48001,0.62192,0.99999,0.00001,0.00000,0.00000
282.81000,0.62195,0.99994,0.00006,0.00000,0.00000
283.14001,0.62192,0.99998,0.00002,0.00000,0.00000
283.47000,0.62195,0.99999,0.00001,0.00000,0.00000
283.79999,0.62195,0.99999,0.00001,0.00000,0.00000
284.13000,0.62192,0.99998,0.00002,0.00000,0.00000
284.45999,0.62195,0.99997,0.00003,0.00000,0.00000
284.79001,0.62192,0.99998,0.00002,0.00000,0.00000
285.12000,0.62195,0.99999,0.00001,0.00000,0.00000
285.45001,0.62192,0.99998,0.00002,0.00000,0.00000
285.78000,0.62195,0.99997,0.00003,0.00000,0.00000
286.10999,0.62195,0.99998,0.00002,0.00000,0.00000
286.44000,0.62195,0.99998,0.00002,0.00000,0.00000
286.76999,0.62195,0.99996,0.00004,0.00000,0.00000
287.10001,0.62192,0.99998,0.00002,0.00000,0.00000
287.42999,0.62195,0.99998,0.00002,0.00000,0.00000
287.76001,0.62192,0.99997,0.00003,0.00000,0.00000
288.09000,0.62195,0.99998,0.00002,0.00000,0.00000
288.42001,0.62192,0.99995,0.00005,0.00000,0.00000
288.75000,0.62195,0.99997,0.00003,0.00000,0.00000
289.07999,0.62195,0.99999,0.00001,0.00000,0.00000
289.41000,0.62195,0.99999,0.00001,0.00000,0.00000
289.73999,0.62195,0.99999,0.00001,0.00000,0.00000
290.07001,0.62192,0.99998,0.00002,0.00000,0.00000
290.39999,0.62195,0.99999,0.00001,0.00000,0.00000
290.73001,0.62192,0.99999,0.00001,0.00000,0.00000
291.06000,0.62195,0.99999,0.00001,0.00000,0.00000
291.39001,0.62192,0.99998,0.00002,0.00000,0.00000
291.72000,0.62195,0.99999,0.00001,0.00000,0.00000
292.04999,0.62195,0.99999,0.00001,0.00000,0.00000
292.38000,0.62192,0.99998,0.00002,0.00000,0.00000
292.70999,0.62195,0.99997,0.00003,0.00000,0.00000
293.04001,0.62192,0.99997,0.00003,0.00000,0.00000
293.37000,0.62195,0.99998,0.00002,0.00000,0.00000
293.70001,0.62192,0.99997,0.00003,0.00000,0.00000
294.03000,0.62195,0.99997,0.00003,0.00000,0.00000
294.35999,0.62195,0.99996,0.00004,0.00000,0.00000
294.69000,0.62195,0.99997,0.00003,0.00000,0.00000
295.01999,0.62195,0.99994,0.00006,0.00000,0.00000
295.35001,0.62192,0.99996,0.00004,0.00000,0.00000
295.67999,0.62195,0.99995,0.00005,0.00000,0.00000
296.01001,0.62192,0.99997,0.00003,0.00000,0.00000
296.34000,0.62195,0.99997,0.00003,0.00000,0.00000
296.67001,0.62192,0.99996,0.00004,0.00000,0.00000
297.00000,0.62195,0.99998,0.00002,0.00000,0.00000
297.32999,0.62195,0.99998,0.00002,0.00000,0.00000
297.66000,0.62195,0.99998,0.00002,0.00000,0.00000
297.98999,0.62195,0.99997,0.00003,0.00000,0.00000
298.32001,0.62192,0.99998,0.00002,0.00000,0.00000
298.64999,0.62195,0.99995,0.00005,0.00000,0.00000
298.98001,0.62192,0.99998,0.00002,0.00000,0.00000
299.31000,0.62195,0.99999,0.00001,0.00000,0.00000
299.64001,0.62192,0.99998,0.00002,0.00000,0.00000
299.97000,0.62195,0.99999,0.00001,0.00000,0.00000
300.29999,0.62195,0.99999,0.00001,0.00000,0.00000
300.63000,0.62192,0.99999,0.00001,0.00000,0.00000
300.95999,0.62195,0.99999,0.00001,0.00000,0.00000
301.29001,0.62192,0.99999,0.00001,0.00000,0.00000
301.62000,0.62195,0.99999,0.00001,0.00000,0.00000
301.95001,0.62192,0.99998,0.00002,0.00000,0.00000
302.28000,0.62195,0.99999,0.00001,0.00000,0.00000
302.60999,0.62195,0.99999,0.00001,0.00000,0.00000
302.94000,0.62195,0.99999,0.00001,0.00000,0.00000
303.26999,0.62195,0.99998,0.00002,0.00000,0.00000
303.60001,0.62192,0.99998,0.00002,0.00000,0.00000
303.92999,0.62195,0.99998,0.00002,0.00000,0.00000
304.26001,0.62192,0.99999,0.00001,0.00000,0.00000
304.59000,0.62195,0.99999,0.00001,0.00000,0.00000
304.92001,0.62192,0.99999,0.00001,0.00000,0.00000
305.25000,0.62195,0.99999,0.00001,0.00000,0.00000
305.57999,0.62195,0.99997,0.00003,0.00000,0.00000
305.91000,0.62195,0.99999,0.00001,0.00000,0.00000
306.23999,0.62195,0.99999,0.00001,0.00000,0.00000
306.57001,0.62192,0.99999,0.00001,0.00000,0.00000
306.89999,0.62195,0.99999,0.00001,0.00000,0.00000
307.23001,0.62192,0.99998,0.00002,0.00000,0.00000
307.56000,0.62195,0.99998,0.00002,0.00000,0.00000
307.89001,0.62192,0.99998,0.00002,0.00000,0.00000
308.22000,0.62195,0.99996,0.00004,0.00000,0.00000
308.54999,0.62195,0.99997,0.00003,0.00000,0.00000
308.88000,0.62192,0.99995,0.00005,0.00000,0.00000
309.20999,0.62195,0.99995,0.00005,0.00000,0.00000
309.54001,0.62192,0.99996,0.00004,0.00000,0.00000
309.87000,0.62195,0.99997,0.00003,0.00000,0.00000
310.20001,0.62192,0.99995,0.00004,0.00000,0.00001
310.53000,0.62195,0.99998,0.00002,0.00000,0.00000
310.85999,0.62195,0.99994,0.00006,0.00000,0.00000
311.19000,0.62195,0.99998,0.00002,0.00000,0.00000
311.51999,0.62195,0.99998,0.00001,0.00000,0.00001
311.85001,0.62192,0.99998,0.00002,0.00000,0.00000
312.17999,0.62195,0.99998,0.00002,0.00000,0.00000
312.51001,0.62192,0.99997,0.00003,0.00000,0.00000
312.84000,0.62195,0.99999,0.00001,0.00000,0.00000
313.17001,0.62192,0.99999,0.00001,0.00000,0.00000
313.50000,0.62195,0.99997,0.00003,0.00000,0.00000
313.82999,0.62195,0.99999,0.00001,0.00000,0.00000
314.16000,0.62195,0.99997,0.00003,0.00000,0.00000
314.48999,0.62195,0.99996,0.00003,0.00000,0.00000
314.82001,0.62192,0.99999,0.00001,0.00000,0.00000
315.14999,0.62195,0.99996,0.00002,0.00000,0.00002
315.48001,0.62192,0.99992,0.00001,0.00000,0.00007
315.81000,0.62195,0.99999,0.00001,0.00000,0.00000
316.14001,0.62192,0.99996,0.00001,0.00000,0.00002
316.47000,0.62195,0.99997,0.00002,0.00000,0.00001
316.79999,0.62195,0.99999,0.00001,0.00000,0.00000
317.13000,0.62192,0.99997,0.00003,0.00000,0.00000
317.45999,0.62195,0.99998,0.00002,0.00000,0.00000
317.79001,0.62192,0.99996,0.00004,0.00000,0.00000
318.12000,0.62195,0.99995,0.00005,0.00000,0.00000
318.45001,0.62192,0.99995,0.00005,0.00000,0.00000
318.78000,0.62195,0.99994,0.00006,0.00000,0.00000
319.10999,0.62195,0.99997,0.00003,0.00000,0.00000
319.44000,0.62195,0.99993,0.00007,0.00000,0.00000
319.76999,0.62195,0.99999,0.00001,0.00000,0.00000
320.10001,0.62192,0.99996,0.00004,0.00000,0.00000
320.42999,0.62195,0.99995,0.00004,0.00000,0.00000
320.76001,0.62192,0.99997,0.00003,0.00000,0.00000
321.09000,0.62195,0.99998,0.00002,0.00000,0.00000
321.42001,0.62192,0.99996,0.00002,0.00000,0.00002
321.75000,0.62195,0.99999,0.00000,0.00000,0.00000
322.07999,0.62195,0.99998,0.00002,0.00000,0.00000
322.41000,0.62195,0.99998,0.00001,0.00000,0.00000
322.73999,0.62195,0.99995,0.00005,0.00000,0.00000
323.07001,0.62192,0.99999,0.00001,0.00000,0.00000
323.39999,0.62195,0.99999,0.00001,0.00000,0.00001
323.73001,0.62192,0.99955,0.00044,0.00000,0.00000
324.06000,0.62195,1.00000,0.00000,0.00000,0.00000
324.39001,0.62192,0.99999,0.00000,0.00000,0.00000
324.72000,0.62195,0.99986,0.00001,0.00001,0.00013
325.04999,0.62195,0.99999,0.00001,0.00000,0.00000
325.38000,0.62192,0.99999,0.00001,0.00000,0.00000
325.70999,0.62195,1.00000,0.00000,0.00000,0.00000
326.04001,0.62192,0.99999,0.00001,0.00000,0.00000
326.37000,0.62195,0.99998,0.00002,0.00000,0.00000
326.70001,0.62192,0.99996,0.00004,0.00000,0.00000
327.03000,0.62195,0.99998,0.00001,0.00000,0.00000
327.35999,0.62195,0.99999,0.00001,0.00000,0.00000
327.69000,0.62195,0.99999,0.00001,0.00000,0.00000
328.01999,0.62195,0.99997,0.00002,0.00000,0.00000
328.35001,0.62192,0.99996,0.00004,0.00000,0.00000
328.67999,0.62195,0.99997,0.00003,0.00000,0.00000
329.01001,0.62192,0.99996,0.00004,0.00000,0.00000
329.34000,0.62195,0.99995,0.00005,0.00000,0.00000
329.67001,0.62192,0.99990,0.00007,0.00000,0.00003
330.00000,0.62195,0.99999,0.00001,0.00000,0.00000
330.32999,0.62195,0.99997,0.00003,0.00000,0.00000
330.66000,0.62195,0.99998,0.00002,0.00000,0.00000
330.98999,0.62195,0.99995,0.00005,0.00000,0.00000
331.32001,0.62192,0.99993,0.00007,0.00000,0.00000
331.64999,0.62195,0.99999,0.00001,0.00000,0.00000
331.98001,0.62192,0.99998,0.00001,0.00000,0.00000
332.31000,0.62195,0.99998,0.00002,0.00000,0.00000
332.64001,0.62192,0.99997,0.00003,0.00000,0.00000
332.97000,0.62195,0.99998,0.00002,0.00000,0.00000
333.29999,0.62195,0.99999,0.00001,0.00000,0.00000
333.63000,0.62192,0.99997,0.00003,0.00000,0.00000
333.95999,0.62195,0.99999,0.00001,0.00000,0.00000
334.29001,0.62192,0.99998,0.00002,0.00000,0.00000
334.62000,0.62195,0.99997,0.00003,0.00000,0.00000
334.95001,0.62192,0.99999,0.00001,0.00000,0.00000
335.28000,0.62195,0.99989,0.00002,0.00000,0.00009
335.60999,0.62195,0.99998,0.00002,0.00000,0.00000
335.94000,0.62195,0.99996,0.00004,0.00000,0.00000
336.26999,0.62195,0.99999,0.00001,0.00000,0.00000
336.60001,0.62192,0.99998,0.00002,0.00000,0.00000
336.92999,0.62195,0.99999,0.00001,0.00000,0.00000
337.26001,0.62192,0.99998,0.00001,0.00000,0.00000
337.59000,0.62195,0.99998,0.00002,0.00000,0.00000
337.92001,0.62192,0.99997,0.00002,0.00000,0.00000
338.25000,0.62195,1.00000,0.00000,0.00000,0.00000
338.57999,0.62195,0.99996,0.00001,0.00000,0.00003
338.91000,0.62195,0.99998,0.00002,0.00000,0.00000
339.23999,0.62195,0.99983,0.00001,0.00000,0.00017
339.57001,0.62192,0.99998,0.00002,0.00000,0.00000
339.89999,0.62195,0.99997,0.00003,0.00000,0.00000
340.23001,0.62192,0.99995,0.00005,0.00000,0.00000
340.56000,0.62195,0.99994,0.00006,0.00000,0.00000
340.89001,0.62192,0.99997,0.00003,0.00000,0.00000
341.22000,0.62195,0.99996,0.00004,0.00000,0.00000
341.54999,0.62195,0.99997,0.00003,0.00000,0.00000
341.88000,0.62192,0.99996,0.00004,0.00000,0.00000
342.20999,0.62195,0.99998,0.00002,0.00000,0.00000
342.54001,0.62192,0.99996,0.00004,0.00000,0.00000
342.87000,0.62195,0.99998,0.00002,0.00000,0.00000
343.20001,0.62192,0.99999,0.00001,0.00000,0.00000
343.53000,0.62195,0.99999,0.00001,0.00000,0.00000
343.85999,0.62195,0.99998,0.00002,0.00000,0.00000
344.19000,0.62195,0.99999,0.00001,0.00000,0.00000
344.51999,0.62195,0.99999,0.00001,0.00000,0.00000
344.85001,0.62192,0.99998,0.00002,0.00000,0.00000
345.17999,0.62195,0.99998,0.00002,0.00000,0.00000
345.51001,0.62192,0.99996,0.00004,0.00000,0.00000
345.84000,0.62195,0.99998,0.00002,0.00000,0.00000
346.17001,0.62192,0.99994,0.00006,0.00000,0.00000
346.50000,0.62195,0.99994,0.00006,0.00000,0.00000
346.82999,0.62195,0.99994,0.00006,0.00000,0.00000
347.16000,0.62195,0.99995,0.00005,0.00000,0.00000
347.48999,0.62195,0.99997,0.00003,0.00000,0.00000
347.82001,0.62192,0.99996,0.00004,0.00000,0.00000
348.14999,0.62195,0.99993,0.00007,0.00000,0.00000
348.48001,0.62192,0.99997,0.00003,0.00000,0.00000
348.81000,0.62195,0.99995,0.00005,0.00000,0.00000
349.14001,0.62192,0.99996,0.00004,0.00000,0.00000
349.47000,0.62195,0.99996,0.00004,0.00000,0.00000
349.79999,0.62195,0.99996,0.00004,0.00000,0.00000
350.13000,0.62192,0.99996,0.00004,0.00000,0.00000
350.45999,0.62195,0.99994,0.00006,0.00000,0.00000
350.79001,0.62192,0.99988,0.00012,0.00000,0.00000
351.12000,0.62195,0.99996,0.00004,0.00000,0.00000
351.45001,0.62192,0.99993,0.00007,0.00000,0.00000
351.78000,0.62195,0.99989,0.00011,0.00000,0.00000
352.10999,0.62195,0.99937,0.00010,0.00007,0.00046
352.44000,0.62195,0.99941,0.00003,0.00001,0.00055
352.76999,0.62195,0.99998,0.00002,0.00000,0.00000
353.10001,0.62192,0.99998,0.00002,0.00000,0.00000
353.42999,0.62195,0.99992,0.00008,0.00000,0.00000
353.76001,0.62192,0.99991,0.00007,0.00000,0.00002
354.09000,0.62195,0.99998,0.00002,0.00000,0.00000
354.42001,0.62192,0.99995,0.00004,0.00000,0.00000
354.75000,0.62195,0.99999,0.00001,0.00000,0.00000
355.07999,0.62195,0.99997,0.00003,0.00000,0.00000
355.41000,0.62195,0.99998,0.00002,0.00000,0.00000
355.73999,0.62195,0.99998,0.00002,0.00000,0.00000
356.07001,0.62192,0.99997,0.00003,0.00000,0.00000
356.39999,0.62195,0.99997,0.00003,0.00000,0.00000
356.73001,0.62192,0.99995,0.00005,0.00000,0.00000
357.06000,0.62195,0.99996,0.00004,0.00000,0.00000
357.39001,0.62192,0.99997,0.00003,0.00000,0.00000
357.72000,0.62195,0.99995,0.00005,0.00000,0.00000
358.04999,0.62195,0.99995,0.00005,0.00000,0.00000
358.38000,0.62192,0.99995,0.00005,0.00000,0.00000
358.70999,0.62195,0.99992,0.00008,0.00000,0.00000
359.04001,0.62192,0.99993,0.00007,0.00000,0.00000
359.37000,0.62195,0.99993,0.00007,0.00000,0.00000
359.70001,0.62192,0.99993,0.00007,0.00000,0.00000
360.03000,0.62195,0.99988,0.00012,0.00000,0.00000
360.35999,0.62195,0.99994,0.00006,0.00000,0.00000
360.69000,0.62195,0.99992,0.00008,0.00000,0.00000
361.01999,0.62195,0.99991,0.00009,0.00000,0.00000
361.35001,0.62192,0.99991,0.00009,0.00000,0.00000
361.67999,0.62195,0.99997,0.00003,0.00000,0.00000
362.01001,0.62192,0.99997,0.00003,0.00000,0.00000
362.34000,0.62195,0.99992,0.00008,0.00000,0.00000
362.67001,0.62192,0.99997,0.00003,0.00000,0.00000
363.00000,0.62195,0.99998,0.00002,0.00000,0.00000
363.32999,0.62195,0.99997,0.00003,0.00000,0.00000
363.66000,0.62195,0.99997,0.00003,0.00000,0.00000
363.98999,0.62195,0.99997,0.00003,0.00000,0.00000
364.32001,0.62192,0.99998,0.00002,0.00000,0.00000
364.64999,0.62195,0.99993,0.00007,0.00000,0.00000
364.98001,0.62192,0.99999,0.00001,0.00000,0.00000
365.31000,0.62195,0.99997,0.00003,0.00000,0.00000
365.64001,0.62192,0.99998,0.00002,0.00000,0.00000
365.97000,0.62195,0.99997,0.00003,0.00000,0.00000
366.29999,0.62195,0.99999,0.00001,0.00000,0.00000
366.63000,0.62192,0.99999,0.00001,0.00000,0.00000
366.95999,0.62195,0.99998,0.00002,0.00000,0.00000
367.29001,0.62192,0.99998,0.00002,0.00000,0.00000
367.62000,0.62195,0.99997,0.00003,0.00000,0.00000
367.95001,0.62192,0.99998,0.00002,0.00000,0.00000
368.28000,0.62195,0.99999,0.00001,0.00000,0.00000
368.60999,0.62195,0.99997,0.00003,0.00000,0.00000
368.94000,0.62195,0.99999,0.00001,0.00000,0.00000
369.26999,0.62195,0.99994,0.00006,0.00000,0.00000
369.60001,0.62192,0.99997,0.00003,0.00000,0.00000
369.92999,0.62195,0.99999,0.00001,0.00000,0.00000
370.26001,0.62192,0.99998,0.00002,0.00000,0.00000
370.59000,0.62195,0.99997,0.00003,0.00000,0.00000
370.92001,0.62192,0.99998,0.00002,0.00000,0.00000
371.25000,0.62195,0.99997,0.00003,0.00000,0.00000
371.57999,0.62195,0.99998,0.00002,0.00000,0.00000
371.91000,0.62195,0.99998,0.00002,0.00000,0.00000
372.23999,0.62195,0.99998,0.00002,0.00000,0.00000
372.57001,0.62192,0.99993,0.00007,0.00000,0.00000
372.89999,0.62195,0.99996,0.00004,0.00000,0.00000
373.23001,0.62192,0.99997,0.00003,0.00000,0.00000
373.56000,0.62195,0.99996,0.00004,0.00000,0.00000
373.89001,0.62192,0.99997,0.00003,0.00000,0.00000
374.22000,0.62195,0.99995,0.00005,0.00000,0.00000
374.54999,0.62195,0.99997,0.00003,0.00000,0.00000
374.88000,0.62192,0.99993,0.00007,0.00000,0.00000
375.20999,0.62195,0.99993,0.00007,0.00000,0.00000
375.54001,0.62192,0.99996,0.00004,0.00000,0.00000
375.87000,0.62195,0.99995,0.00005,0.00000,0.00000
376.20001,0.62192,0.99993,0.00007,0.00000,0.00000
376.53000,0.62195,0.99994,0.00005,0.00000,0.00000
376.85999,0.62195,0.99997,0.00003,0.00000,0.00000
377.19000,0.62195,0.99995,0.00005,0.00000,0.00000
377.51999,0.62195,0.99998,0.00002,0.00000,0.00000
377.85001,0.62192,0.99998,0.00002,0.00000,0.00000
378.17999,0.62195,0.99997,0.00003,0.00000,0.00000
378.51001,0.62192,0.99997,0.00003,0.00000,0.00000
378.84000,0.62195,0.99999,0.00001,0.00000,0.00000
379.17001,0.62192,0.99999,0.00001,0.00000,0.00000
379.50000,0.62195,0.99998,0.00002,0.00000,0.00000
379.82999,0.62195,0.99998,0.00002,0.00000,0.00000
380.16000,0.62195,0.99999,0.00001,0.00000,0.00000
380.48999,0.62195,0.99997,0.00003,0.00000,0.00000
380.82001,0.62192,0.99997,0.00003,0.00000,0.00000
381.14999,0.62195,0.99998,0.00002,0.00000,0.00000
381.48001,0.62192,0.99998,0.00002,0.00000,0.00000
381.81000,0.62195,0.99997,0.00003,0.00000,0.00000
382.14001,0.62192,0.99998,0.00002,0.00000,0.00000
382.47000,0.62195,0.99996,0.00004,0.00000,0.00000
382.79999,0.62195,0.99998,0.00002,0.00000,0.00000
383.13000,0.62192,0.99997,0.00003,0.00000,0.00000
383.45999,0.62195,0.99996,0.00004,0.00000,0.00000
383.79001,0.62192,0.99995,0.00005,0.00000,0.00000
384.12000,0.62195,0.99997,0.00003,0.00000,0.00000
384.45001,0.62192,0.99997,0.00003,0.00000,0.00000
384.78000,0.62195,0.99995,0.00005,0.00000,0.00000
385.10999,0.62195,0.99996,0.00004,0.00000,0.00000
385.44000,0.62195,0.99993,0.00007,0.00000,0.00000
385.76999,0.62195,0.99996,0.00004,0.00000,0.00000
386.10001,0.62192,0.99989,0.00011,0.00000,0.00000
386.42999,0.62195,0.99994,0.00006,0.00000,0.00000
386.76001,0.62192,0.99992,0.00008,0.00000,0.00000
387.09000,0.62195,0.99995,0.00004,0.00000,0.00000
387.42001,0.62192,0.99997,0.00003,0.00000,0.00000
387.75000,0.62195,0.99994,0.00006,0.00000,0.00000
388.07999,0.62195,0.99995,0.00005,0.00000,0.00000
388.41000,0.62195,0.99996,0.00004,0.00000,0.00000
388.73999,0.62195,0.99997,0.00003,0.00000,0.00000
389.07001,0.62192,0.99992,0.00008,0.00000,0.00000
389.39999,0.62195,0.99998,0.00002,0.00000,0.00000
389.73001,0.62192,0.99994,0.00006,0.00000,0.00000
390.06000,0.62195,0.99998,0.00002,0.00000,0.00000
390.39001,0.62192,0.99999,0.00001,0.00000,0.00000
390.72000,0.62195,0.99999,0.00001,0.00000,0.00000
391.04999,0.62195,0.99997,0.00003,0.00000,0.00000
391.38000,0.62192,0.99998,0.00002,0.00000,0.00000
391.70999,0.62195,0.99996,0.00004,0.00000,0.00000
392.04001,0.62192,0.99998,0.00002,0.00000,0.00000
392.37000,0.62195,0.99999,0.00001,0.00000,0.00000
392.70001,0.62192,0.99996,0.00004,0.00000,0.00000
393.03000,0.62195,0.99995,0.00005,0.00000,0.00000
393.35999,0.62195,0.99996,0.00004,0.00000,0.00000
393.69000,0.62195,0.99997,0.00003,0.00000,0.00000
394.01999,0.62195,0.99995,0.00005,0.00000,0.00000
394.35001,0.62192,0.99989,0.00010,0.00000,0.00000
394.67999,0.62195,0.99998,0.00002,0.00000,0.00000
395.01001,0.62192,0.99994,0.00006,0.00000,0.00000
395.34000,0.62195,0.99995,0.00005,0.00000,0.00000
395.67001,0.62192,0.99993,0.00007,0.00000,0.00000
396.00000,0.62195,0.99997,0.00003,0.00000,0.00000
396.32999,0.62195,0.99994,0.00005,0.00000,0.00000
396.66000,0.62195,0.99993,0.00007,0.00000,0.00000
396.98999,0.62195,0.99995,0.00005,0.00000,0.00000
397.32001,0.62192,0.99996,0.00004,0.00000,0.00000
397.64999,0.62195,0.99991,0.00009,0.00000,0.00000
397.98001,0.62192,0.99995,0.00005,0.00000,0.00000
398.31000,0.62195,0.99994,0.00006,0.00000,0.00000
398.64001,0.62192,0.99993,0.00007,0.00000,0.00000
398.97000,0.62195,0.99992,0.00008,0.00000,0.00000
399.29999,0.62195,0.99990,0.00010,0.00000,0.00000
399.63000,0.62192,0.99993,0.00007,0.00000,0.00000
399.95999,0.62195,0.99994,0.00006,0.00000,0.00000
400.29001,0.62192,0.99992,0.00008,0.00000,0.00000
400.62000,0.62195,0.99995,0.00005,0.00000,0.00000
400.95001,0.62192,0.99996,0.00004,0.00000,0.00000
401.28000,0.62195,0.99989,0.00011,0.00000,0.00000
401.60999,0.62195,0.99987,0.00013,0.00000,0.00000
401.94000,0.62195,0.99994,0.00006,0.00000,0.00000
402.26999,0.62195,0.99994,0.00006,0.00000,0.00000
402.60001,0.62192,0.99995,0.00005,0.00000,0.00000
402.92999,0.62195,0.99993,0.00006,0.00000,0.00000
403.26001,0.62192,0.99994,0.00005,0.00000,0.00000
403.59000,0.62195,0.99996,0.00004,0.00000,0.00000
403.92001,0.62192,0.99987,0.00013,0.00000,0.00000
404.25000,0.62195,0.99993,0.00007,0.00000,0.00000
404.57999,0.62195,0.99987,0.00013,0.00000,0.00000
404.91000,0.62195,0.99992,0.00008,0.00000,0.00000
405.23999,0.62195,0.99996,0.00004,0.00000,0.00000
405.57001,0.62192,0.99996,0.00004,0.00000,0.00000
405.89999,0.62195,0.99996,0.00004,0.00000,0.00000
406.23001,0.62192,0.99991,0.00009,0.00000,0.00000
406.56000,0.62195,0.99989,0.00011,0.00000,0.00000
406.89001,0.62192,0.99993,0.00007,0.00000,0.00000
407.22000,0.62195,0.99992,0.00007,0.00000,0.00000
407.54999,0.62195,0.99998,0.00002,0.00000,0.00000
407.88000,0.62192,0.99987,0.00011,0.00000,0.00002
408.20999,0.62195,0.99996,0.00003,0.00000,0.00000
408.54001,0.62192,0.99990,0.00010,0.00000,0.00000
408.87000,0.62195,0.99994,0.00006,0.00000,0.00000
409.20001,0.62192,0.99997,0.00003,0.00000,0.00000
409.53000,0.62195,0.99995,0.00005,0.00000,0.00000
409.85999,0.62195,0.99998,0.00002,0.00000,0.00000
410.19000,0.62195,0.99996,0.00003,0.00000,0.00001
410.51999,0.62195,0.99979,0.00006,0.00001,0.00014
410.85001,0.62192,0.99983,0.00011,0.00000,0.00006
411.17999,0.62195,0.99995,0.00005,0.00000,0.00000
411.51001,0.62192,0.99994,0.00006,0.00000,0.00000
411.84000,0.62195,0.99994,0.00005,0.00000,0.00000
412.17001,0.62192,0.99984,0.00009,0.00001,0.00007
412.50000,0.62195,0.99997,0.00002,0.00000,0.00001
412.82999,0.62195,0.99994,0.00006,0.00000,0.00000
413.16000,0.62195,0.99994,0.00006,0.00000,0.00001
413.48999,0.62195,0.99997,0.00003,0.00000,0.00000
413.82001,0.62192,0.99997,0.00003,0.00000,0.00000
414.14999,0.62195,0.99998,0.00002,0.00000,0.00000
414.48001,0.62192,0.99998,0.00001,0.00000,0.00000
414.81000,0.62195,0.99996,0.00003,0.00000,0.00000
415.14001,0.62192,0.99998,0.00002,0.00000,0.00000
415.47000,0.62195,0.99998,0.00002,0.00000,0.00000
415.79999,0.62195,0.99996,0.00004,0.00000,0.00000
416.13000,0.62192,0.99996,0.00004,0.00000,0.00000
416.45999,0.62195,0.99999,0.00001,0.00000,0.00000
416.79001,0.62192,0.99997,0.00003,0.00000,0.00000
417.12000,0.62195,0.99997,0.00002,0.00000,0.00000
417.45001,0.62192,0.99996,0.00003,0.00000,0.00001
417.78000,0.62195,0.99999,0.00001,0.00000,0.00000
418.10999,0.62195,0.99998,0.00002,0.00000,0.00000
418.44000,0.62195,0.99995,0.00005,0.00000,0.00000
418.76999,0.62195,0.99997,0.00003,0.00000,0.00000
419.10001,0.62192,0.99995,0.00004,0.00000,0.00000
419.42999,0.62195,0.99992,0.00007,0.00000,0.00001
419.76001,0.62192,0.99996,0.00003,0.00000,0.00000
420.09000,0.62195,0.99994,0.00005,0.00000,0.00001
420.42001,0.62192,0.99994,0.00005,0.00000,0.00000
420.75000,0.62195,0.99997,0.00003,0.00000,0.00000
421.07999,0.62195,0.99994,0.00006,0.00000,0.00000
421.41000,0.62195,0.99990,0.00010,0.00000,0.00000
421.73999,0.62195,0.99989,0.00011,0.00000,0.00000
422.07001,0.62192,0.99995,0.00005,0.00000,0.00000
422.39999,0.62195,0.99991,0.00009,0.00000,0.00000
422.73001,0.62192,0.99991,0.00009,0.00000,0.00000
423.06000,0.62195,0.99996,0.00004,0.00000,0.00000
423.39001,0.62192,0.99990,0.00009,0.00000,0.00000
423.72000,0.62195,0.99992,0.00008,0.00000,0.00000
424.04999,0.62195,0.99991,0.00007,0.00000,0.00002
424.38000,0.62192,0.99993,0.00007,0.00000,0.00000
424.70999,0.62195,0.99994,0.00006,0.00000,0.00000
425.04001,0.62192,0.99991,0.00009,0.00000,0.00000
425.37000,0.62195,0.99996,0.00004,0.00000,0.00000
425.70001,0.62192,0.99980,0.00015,0.00000,0.00004
426.03000,0.62195,0.99993,0.00007,0.00000,0.00000
426.35999,0.62195,0.99997,0.00003,0.00000,0.00000
426.69000,0.62195,0.99993,0.00006,0.00000,0.00000
427.01999,0.62195,0.99997,0.00003,0.00000,0.00000
427.35001,0.62192,0.99998,0.00002,0.00000,0.00000
427.67999,0.62195,0.99997,0.00002,0.00000,0.00000
428.01001,0.62192,0.99997,0.00003,0.00000,0.00000
428.34000,0.62195,0.99997,0.00003,0.00000,0.00000
428.67001,0.62192,0.99996,0.00003,0.00000,0.00001
429.00000,0.62195,0.99996,0.00004,0.00000,0.00000
429.32999,0.62195,0.99999,0.00001,0.00000,0.00000
429.66000,0.62195,0.99999,0.00001,0.00000,0.00000
429.98999,0.62195,0.99995,0.00005,0.00000,0.00000
430.32001,0.62192,0.99998,0.00002,0.00000,0.00000
430.64999,0.62195,0.99995,0.00005,0.00000,0.00000
430.98001,0.62192,0.99998,0.00002,0.00000,0.00000
431.31000,0.62195,0.99998,0.00002,0.00000,0.00000
431.64001,0.62192,0.99996,0.00004,0.00000,0.00000
431.97000,0.62195,0.99997,0.00003,0.00000,0.00000
432.29999,0.62195,0.99998,0.00002,0.00000,0.00000
432.63000,0.62192,0.99998,0.00002,0.00000,0.00000
432.95999,0.62195,0.99995,0.00005,0.00000,0.00000
433.29001,0.62192,0.99998,0.00002,0.00000,0.00000
433.62000,0.62195,0.99998,0.00002,0.00000,0.00000
433.95001,0.62192,0.99997,0.00003,0.00000,0.00000
434.28000,0.62195,0.99998,0.00002,0.00000,0.00000
434.60999,0.62195,0.99996,0.00003,0.00000,0.00001
434.94000,0.62195,0.99997,0.00002,0.00000,0.00000
435.26999,0.62195,0.99997,0.00002,0.00000,0.00000
435.60001,0.62192,0.99998,0.00001,0.00000,0.00000
435.92999,0.62195,0.99990,0.00005,0.00000,0.00005
436.26001,0.62192,0.99997,0.00002,0.00000,0.00000
436.59000,0.62195,0.99997,0.00002,0.00000,0.00000
436.92001,0.62192,0.99998,0.00002,0.00000,0.00000
437.25000,0.62195,0.99998,0.00002,0.00000,0.00000
437.57999,0.62195,0.99999,0.00001,0.00000,0.00000
437.91000,0.62195,0.99997,0.00002,0.00000,0.00000
438.23999,0.62195,0.99994,0.00005,0.00000,0.00001
438.57001,0.62192,0.99993,0.00005,0.00000,0.00002
438.89999,0.62195,0.99996,0.00003,0.00000,0.00001
439.23001,0.62192,0.99996,0.00004,0.00000,0.00000
439.56000,0.62195,0.99991,0.00006,0.00000,0.00003
439.89001,0.62192,0.99992,0.00007,0.00000,0.00001
440.22000,0.62195,0.99993,0.00006,0.00000,0.00001
440.54999,0.62195,0.99994,0.00004,0.00000,0.00002
440.88000,0.62192,0.99988,0.00007,0.00000,0.00004
441.20999,0.62195,0.99982,0.00009,0.00000,0.00009
441.54001,0.62192,0.99991,0.00007,0.00000,0.00002
441.87000,0.62195,0.99978,0.00011,0.00000,0.00011
442.20001,0.62192,0.99993,0.00005,0.00000,0.00002
442.53000,0.62195,0.99992,0.00007,0.00000,0.00001
442.85999,0.62195,0.99995,0.00004,0.00000,0.00000
443.19000,0.62195,0.99990,0.00008,0.00000,0.00001
443.51999,0.62195,0.99985,0.00011,0.00000,0.00004
443.85001,0.62192,0.99988,0.00007,0.00000,0.00006
444.17999,0.62195,0.99991,0.00006,0.00000,0.00003
444.51001,0.62192,0.99989,0.00011,0.00000,0.00000
444.84000,0.62195,0.99992,0.00008,0.00000,0.00000
445.17001,0.62192,0.99994,0.00004,0.00000,0.00002
445.50000,0.62195,0.99997,0.00003,0.00000,0.00000
445.82999,0.62195,0.99990,0.00009,0.00000,0.00000
446.16000,0.62195,0.99994,0.00004,0.00000,0.00002
446.48999,0.62195,0.99992,0.00007,0.00000,0.00001
446.82001,0.62192,0.99996,0.00003,0.00000,0.00000
447.14999,0.62195,0.99991,0.00008,0.00000,0.00000
447.48001,0.62192,0.99997,0.00003,0.00000,0.00000
447.81000,0.62195,0.99998,0.00002,0.00000,0.00000
448.14001,0.62192,0.99996,0.00004,0.00000,0.00000
448.47000,0.62195,0.99998,0.00002,0.00000,0.00000
448.79999,0.62195,0.99999,0.00001,0.00000,0.00000
449.13000,0.62192,0.99997,0.00002,0.00000,0.00000
449.45999,0.62195,0.99998,0.00001,0.00000,0.00000
449.79001,0.62192,0.99997,0.00003,0.00000,0.00000
450.12000,0.62195,0.99996,0.00003,0.00000,0.00000
450.45001,0.62192,0.99998,0.00002,0.00000,0.00000
450.78000,0.62195,0.99998,0.00002,0.00000,0.00000
451.10999,0.62195,0.99999,0.00001,0.00000,0.00000
451.44000,0.62195,0.99996,0.00003,0.00000,0.00000
451.76999,0.62195,0.99998,0.00002,0.00000,0.00000
452.10001,0.62192,0.99997,0.00003,0.00000,0.00000
452.42999,0.62195,0.99995,0.00005,0.00000,0.00000
452.76001,0.62192,0.99995,0.00005,0.00000,0.00000
453.09000,0.62195,0.99987,0.00010,0.00000,0.00003
453.42001,0.62192,0.99995,0.00004,0.00000,0.00000
453.75000,0.62195,0.99987,0.00004,0.00000,0.00008
454.07999,0.62195,0.99991,0.00008,0.00000,0.00001
454.41000,0.62195,0.99994,0.00006,0.00000,0.00000
454.73999,0.62195,0.99988,0.00008,0.00000,0.00004
455.07001,0.62192,0.99986,0.00010,0.00000,0.00003
455.39999,0.62195,0.99996,0.00003,0.00000,0.00001
455.73001,0.62192,0.99994,0.00005,0.00000,0.00001
456.06000,0.62195,0.99996,0.00004,0.00000,0.00000
456.39001,0.62192,0.99997,0.00002,0.00000,0.00001
456.72000,0.62195,0.99996,0.00004,0.00000,0.00001
457.04999,0.62195,0.99997,0.00002,0.00000,0.00000
457.38000,0.62192,0.99996,0.00004,0.00000,0.00000
457.70999,0.62195,0.99995,0.00005,0.00000,0.00000
458.04001,0.62192,0.99996,0.00003,0.00000,0.00000
458.37000,0.62195,0.99995,0.00001,0.00000,0.00004
458.70001,0.62192,0.99994,0.00002,0.00000,0.00005
459.03000,0.62195,0.99998,0.00002,0.00000,0.00001
459.35999,0.62195,0.99999,0.00001,0.00000,0.00000
459.69000,0.62195,0.99998,0.00002,0.00000,0.00000
460.01999,0.62195,0.99997,0.00002,0.00000,0.00000
460.35001,0.62192,0.99998,0.00002,0.00000,0.00000
460.67999,0.62195,0.99996,0.00003,0.00000,0.00001
461.01001,0.62192,0.99998,0.00002,0.00000,0.00000
461.34000,0.62195,0.99998,0.00002,0.00000,0.00000
461.67001,0.62192,0.99998,0.00002,0.00000,0.00000
462.00000,0.62195,0.99996,0.00004,0.00000,0.00000
462.32999,0.62195,0.99996,0.00004,0.00000,0.00000
462.66000,0.62195,0.99998,0.00002,0.00000,0.00000
462.98999,0.62195,0.99987,0.00008,0.00000,0.00004
463.32001,0.62192,0.99991,0.00008,0.00000,0.00001
463.64999,0.62195,0.99994,0.00005,0.00000,0.00001
463.98001,0.62192,0.99995,0.00004,0.00000,0.00002
464.31000,0.62195,0.99993,0.00006,0.00000,0.00001
464.64001,0.62192,0.99995,0.00005,0.00000,0.00000
464.97000,0.62195,0.99989,0.00011,0.00000,0.00000
465.29999,0.62195,0.99986,0.00013,0.00000,0.00001
465.63000,0.62192,0.99993,0.00006,0.00000,0.00000
465.95999,0.62195,0.99991,0.00006,0.00000,0.00002
466.29001,0.62192,0.99991,0.00007,0.00000,0.00001
466.62000,0.62195,0.99994,0.00005,0.00000,0.00000
466.95001,0.62192,0.99991,0.00007,0.00000,0.00002
467.28000,0.62195,0.99988,0.00008,0.00000,0.00003
467.60999,0.62195,0.99995,0.00004,0.00000,0.00001
467.94000,0.62195,0.99991,0.00008,0.00000,0.00001
468.26999,0.62195,0.99997,0.00002,0.00000,0.00000
468.60001,0.62192,0.99995,0.00004,0.00000,0.00001
468.92999,0.62195,0.99995,0.00004,0.00000,0.00001
469.26001,0.62192,0.99997,0.00003,0.00000,0.00000
469.59000,0.62195,0.99996,0.00004,0.00000,0.00001
469.92001,0.62192,0.99992,0.00007,0.00000,0.00001
470.25000,0.62195,0.99995,0.00005,0.00000,0.00000
470.57999,0.62195,0.99994,0.00005,0.00000,0.00000
470.91000,0.62195,0.99995,0.00003,0.00000,0.00001
471.23999,0.62195,0.99997,0.00003,0.00000,0.00000
471.57001,0.62192,0.99996,0.00004,0.00000,0.00000
471.89999,0.62195,0.99994,0.00003,0.00000,0.00002
472.23001,0.62192,0.99996,0.00002,0.00000,0.00002
472.56000,0.62195,0.99998,0.00002,0.00000,0.00000
472.89001,0.62192,0.99998,0.00002,0.00000,0.00000
473.22000,0.62195,0.99996,0.00003,0.00000,0.00001
473.54999,0.62195,0.99997,0.00002,0.00000,0.00001
473.88000,0.62192,0.99997,0.00003,0.00000,0.00000
474.20999,0.62195,0.99997,0.00003,0.00000,0.00000
474.54001,0.62192,0.99998,0.00001,0.00000,0.00000
474.87000,0.62195,0.99992,0.00006,0.00000,0.00001
475.20001,0.62192,0.99995,0.00004,0.00000,0.00000
475.53000,0.62195,0.99995,0.00004,0.00000,0.00001
475.85999,0.62195,0.99994,0.00006,0.00000,0.00000
476.19000,0.62195,0.99994,0.00006,0.00000,0.00000
476.51999,0.62195,0.99998,0.00002,0.00000,0.00000
476.85001,0.62192,0.99995,0.00005,0.00000,0.00000
477.17999,0.62195,0.99989,0.00005,0.00000,0.00006
477.51001,0.62192,0.99992,0.00008,0.00000,0.00000
477.84000,0.62195,0.99996,0.00004,0.00000,0.00000
478.17001,0.62192,0.99988,0.00011,0.00000,0.00000
478.50000,0.62195,0.99991,0.00008,0.00000,0.00001
478.82999,0.62195,0.99990,0.00010,0.00000,0.00000
479.16000,0.62195,0.99993,0.00007,0.00000,0.00000
479.48999,0.62195,0.99992,0.00006,0.00000,0.00001
479.82001,0.62192,0.99993,0.00007,0.00000,0.00001
480.14999,0.62195,0.99995,0.00004,0.00000,0.00000
480.48001,0.62192,0.99995,0.00004,0.00000,0.00001
480.81000,0.62195,0.99992,0.00008,0.00000,0.00001
481.14001,0.62192,0.99990,0.00007,0.00000,0.00002
481.47000,0.62195,0.99996,0.00003,0.00000,0.00000
481.79999,0.62195,0.99994,0.00004,0.00000,0.00002
482.13000,0.62192,0.99998,0.00002,0.00000,0.00000
482.45999,0.62195,0.99991,0.00008,0.00000,0.00000
482.79001,0.62192,0.99971,0.00029,0.00000,0.00000
483.12000,0.62195,0.99943,0.00057,0.00000,0.00000
483.45001,0.62192,0.99988,0.00012,0.00000,0.00000
483.78000,0.62195,0.99997,0.00003,0.00000,0.00000
484.10999,0.62195,0.99993,0.00007,0.00000,0.00000
484.44000,0.62195,0.99995,0.00004,0.00000,0.00000
484.76999,0.62195,0.99995,0.00004,0.00000,0.00001
485.10001,0.62192,0.99998,0.00002,0.00000,0.00000
485.42999,0.62195,0.99998,0.00002,0.00000,0.00000
485.76001,0.62192,0.99997,0.00002,0.00000,0.00000
486.09000,0.62195,0.99999,0.00001,0.00000,0.00000
486.42001,0.62192,0.99995,0.00004,0.00000,0.00001
486.75000,0.62195,0.99997,0.00003,0.00000,0.00000
487.07999,0.62195,0.99995,0.00005,0.00000,0.00000
487.41000,0.62195,0.99998,0.00002,0.00000,0.00001
487.73999,0.62195,0.99997,0.00003,0.00000,0.00000
488.07001,0.62192,0.99998,0.00002,0.00000,0.00000
488.39999,0.62195,0.99998,0.00002,0.00000,0.00000
488.73001,0.62192,0.99997,0.00003,0.00000,0.00000
489.06000,0.62195,0.99997,0.00003,0.00000,0.00000
489.39001,0.62192,0.99997,0.00003,0.00000,0.00000
489.72000,0.62195,0.99996,0.00004,0.00000,0.00000
490.04999,0.62195,0.99997,0.00002,0.00000,0.00000
490.38000,0.62192,0.99995,0.00003,0.00000,0.00002
490.70999,0.62195,0.99997,0.00003,0.00000,0.00000
491.04001,0.62192,0.99994,0.00006,0.00000,0.00000
491.37000,0.62195,0.99995,0.00005,0.00000,0.00000
491.70001,0.62192,0.99993,0.00006,0.00000,0.00000
492.03000,0.62195,0.99996,0.00004,0.00000,0.00000
492.35999,0.62195,0.99994,0.00006,0.00000,0.00000
492.69000,0.62195,0.99996,0.00004,0.00000,0.00000
493.01999,0.62195,0.99995,0.00004,0.00000,0.00000
493.35001,0.62192,0.99995,0.00004,0.00000,0.00000
493.67999,0.62195,0.99997,0.00002,0.00000,0.00001
494.01001,0.62192,0.99990,0.00006,0.00000,0.00004
494.34000,0.62195,0.99973,0.00003,0.00001,0.00023
494.67001,0.62192,0.99996,0.00003,0.00000,0.00001
495.00000,0.62195,0.99996,0.00004,0.00000,0.00000
495.32999,0.62195,0.99996,0.00004,0.00000,0.00000
495.66000,0.62195,0.99994,0.00006,0.00000,0.00000
495.98999,0.62195,0.99995,0.00005,0.00000,0.00000
496.32001,0.62192,0.99997,0.00003,0.00000,0.00000
496.64999,0.62195,0.99995,0.00005,0.00000,0.00000
496.98001,0.62192,0.99989,0.00010,0.00000,0.00000
497.31000,0.62195,0.99992,0.00008,0.00000,0.00000
497.64001,0.62192,0.99993,0.00006,0.00000,0.00001
497.97000,0.62195,0.99992,0.00006,0.00000,0.00001
498.29999,0.62195,0.99995,0.00004,0.00000,0.00001
498.63000,0.62192,0.99981,0.00016,0.00000,0.00003
498.95999,0.62195,0.99982,0.00018,0.00000,0.00000
499.29001,0.62192,0.99994,0.00006,0.00000,0.00000
499.62000,0.62195,0.99994,0.00006,0.00000,0.00000
499.95001,0.62192,0.99996,0.00004,0.00000,0.00000
500.28000,0.62195,0.99985,0.00013,0.00000,0.00002
500.60999,0.62195,0.99991,0.00009,0.00000,0.00000
500.94000,0.62195,0.99989,0.00011,0.00000,0.00000
501.26999,0.62195,0.99992,0.00007,0.00000,0.00001
501.60001,0.62192,0.99993,0.00007,0.00000,0.00000
501.92999,0.62195,0.99966,0.00034,0.00000,0.00000
502.26001,0.62192,0.99986,0.00011,0.00001,0.00003
502.59000,0.62195,0.99987,0.00011,0.00000,0.00002
502.92001,0.62192,0.99993,0.00006,0.00000,0.00000
503.25000,0.62195,0.99990,0.00009,0.00000,0.00000
503.57999,0.62195,0.99995,0.00004,0.00000,0.00000
503.91000,0.62195,0.99994,0.00006,0.00000,0.00000
504.23999,0.62195,0.99982,0.00018,0.00000,0.00000
504.57001,0.62192,0.99988,0.00012,0.00000,0.00000
504.89999,0.62195,0.99991,0.00007,0.00000,0.00001
505.23001,0.62192,0.99996,0.00004,0.00000,0.00000
505.56000,0.62195,0.99993,0.00005,0.00000,0.00002
505.89001,0.62192,0.99994,0.00006,0.00000,0.00001
506.22000,0.62195,0.99990,0.00009,0.00000,0.00001
506.54999,0.62195,0.99992,0.00008,0.00000,0.00000
506.88000,0.62192,0.99995,0.00005,0.00000,0.00000
507.20999,0.62195,0.99996,0.00004,0.00000,0.00000
507.54001,0.62192,0.99995,0.00005,0.00000,0.00001
507.87000,0.62195,0.99997,0.00003,0.00000,0.00000
508.20001,0.62192,0.99996,0.00004,0.00000,0.00000
508.53000,0.62195,0.99997,0.00002,0.00000,0.00001
508.85999,0.62195,0.99995,0.00005,0.00000,0.00001
509.19000,0.62195,0.99996,0.00003,0.00000,0.00001
509.51999,0.62195,0.99995,0.00003,0.00000,0.00002
509.85001,0.62192,0.99993,0.00006,0.00000,0.00000
510.17999,0.62195,0.99995,0.00005,0.00000,0.00000
510.51001,0.62192,0.99981,0.00015,0.00000,0.00004
510.84000,0.62195,0.99995,0.00005,0.00000,0.00000
511.17001,0.62192,0.99995,0.00004,0.00000,0.00000
511.50000,0.62195,0.99996,0.00004,0.00000,0.00000
511.82999,0.62198,0.99990,0.00009,0.00000,0.00000
512.15997,0.62195,0.99989,0.00009,0.00000,0.00002
512.48999,0.62195,0.99991,0.00005,0.00000,0.00003
512.82001,0.62195,0.99986,0.00009,0.00000,0.00005
513.15002,0.62189,0.99991,0.00008,0.00000,0.00000
513.47998,0.62195,0.99989,0.00010,0.00000,0.00000
513.81000,0.62195,0.99978,0.00022,0.00000,0.00000
514.14001,0.62195,0.99992,0.00008,0.00000,0.00000
514.46997,0.62195,0.99991,0.00009,0.00000,0.00000
514.79999,0.62195,0.99993,0.00007,0.00000,0.00000
515.13000,0.62195,0.99984,0.00015,0.00000,0.00000
515.46002,0.62189,0.99990,0.00010,0.00000,0.00000
515.78998,0.62195,0.99975,0.00025,0.00000,0.00000
516.12000,0.62195,0.99991,0.00009,0.00000,0.00000
516.45001,0.62195,0.99993,0.00006,0.00000,0.00000
516.78003,0.62189,0.99995,0.00003,0.00000,0.00001
517.10999,0.62195,0.99993,0.00006,0.00000,0.00001
517.44000,0.62195,0.99996,0.00004,0.00000,0.00000
517.77002,0.62195,0.99986,0.00014,0.00000,0.00001
518.09998,0.62195,0.99995,0.00005,0.00000,0.00001
518.42999,0.62195,0.99990,0.00009,0.00000,0.00001
518.76001,0.62195,0.99980,0.00011,0.00000,0.00009
519.09003,0.62189,0.99995,0.00004,0.00000,0.00001
519.41998,0.62195,0.99989,0.00011,0.00000,0.00000
519.75000,0.62195,0.99995,0.00005,0.00000,0.00001
520.08002,0.62195,0.99991,0.00007,0.00000,0.00002
520.40997,0.62195,0.99996,0.00004,0.00000,0.00001
520.73999,0.62195,0.99996,0.00004,0.00000,0.00001
521.07001,0.62195,0.99991,0.00006,0.00000,0.00003
521.40002,0.62189,0.99990,0.00004,0.00000,0.00006
521.72998,0.62195,0.99996,0.00003,0.00000,0.00001
522.06000,0.62195,0.99991,0.00008,0.00000,0.00001
522.39001,0.62195,0.99996,0.00003,0.00000,0.00001
522.71997,0.62195,0.99998,0.00002,0.00000,0.00001
523.04999,0.62195,0.99997,0.00003,0.00000,0.00000
523.38000,0.62195,0.99998,0.00002,0.00000,0.00000
523.71002,0.62189,0.99998,0.00002,0.00000,0.00000
524.03998,0.62195,0.99998,0.00002,0.00000,0.00000
524.37000,0.62195,0.99998,0.00002,0.00000,0.00000
524.70001,0.62195,0.99998,0.00002,0.00000,0.00000
525.03003,0.62189,0.99996,0.00002,0.00000,0.00001
525.35999,0.62195,0.99991,0.00008,0.00000,0.00001
525.69000,0.62195,0.99998,0.00002,0.00000,0.00000
526.02002,0.62195,0.99997,0.00003,0.00000,0.00000
526.34998,0.62195,0.99998,0.00002,0.00000,0.00000
526.67999,0.62195,0.99997,0.00003,0.00000,0.00000
527.01001,0.62195,0.99997,0.00002,0.00000,0.00000
527.34003,0.62189,0.99996,0.00004,0.00000,0.00000
527.66998,0.62195,0.99992,0.00006,0.00000,0.00002
528.00000,0.62195,0.99995,0.00005,0.00000,0.00000
528.33002,0.62195,0.99993,0.00007,0.00000,0.00000
528.65997,0.62195,0.99992,0.00007,0.00000,0.00000
528.98999,0.62195,0.99994,0.00006,0.00000,0.00000
529.32001,0.62195,0.99993,0.00007,0.00000,0.00000
529.65002,0.62189,0.99995,0.00005,0.00000,0.00000
529.97998,0.62195,0.99986,0.00008,0.00000,0.00006
530.31000,0.62195,0.99984,0.00015,0.00000,0.00001
530.64001,0.62195,0.99992,0.00008,0.00000,0.00000
530.96997,0.62195,0.99991,0.00009,0.00000,0.00000
531.29999,0.62195,0.99995,0.00005,0.00000,0.00000
531.63000,0.62195,0.99991,0.00008,0.00000,0.00000
531.96002,0.62189,0.99995,0.00005,0.00000,0.00000
532.28998,0.62195,0.99990,0.00008,0.00000,0.00002
532.62000,0.62195,0.99988,0.00008,0.00000,0.00004
532.95001,0.62195,0.99988,0.00012,0.00000,0.00000
533.28003,0.62189,0.99990,0.00010,0.00000,0.00000
533.60999,0.62195,0.99989,0.00010,0.00000,0.00001
533.94000,0.62195,0.99986,0.00013,0.00000,0.00001
534.27002,0.62195,0.99995,0.00004,0.00000,0.00000
534.59998,0.62195,0.99993,0.00007,0.00000,0.00001
534.92999,0.62195,0.99998,0.00002,0.00000,0.00000
535.26001,0.62195,0.99995,0.00005,0.00000,0.00000
535.59003,0.62189,0.99992,0.00007,0.00000,0.00000
535.91998,0.62195,0.99997,0.00003,0.00000,0.00000
536.25000,0.62195,0.99997,0.00003,0.00000,0.00000
536.58002,0.62195,0.99996,0.00004,0.00000,0.00000
536.90997,0.62195,0.99995,0.00005,0.00000,0.00000
537.23999,0.62195,0.99999,0.00001,0.00000,0.00000
537.57001,0.62195,0.99995,0.00005,0.00000,0.00000
537.90002,0.62189,0.99998,0.00002,0.00000,0.00000
538.22998,0.62195,0.99997,0.00003,0.00000,0.00000
538.56000,0.62195,0.99996,0.00004,0.00000,0.00000
538.89001,0.62195,0.99996,0.00004,0.00000,0.00000
539.21997,0.62195,0.99998,0.00002,0.00000,0.00000
539.54999,0.62195,0.99993,0.00005,0.00000,0.00001
539.88000,0.62195,0.99999,0.00001,0.00000,0.00000
540.21002,0.62189,0.99997,0.00003,0.00000,0.00001
540.53998,0.62195,0.99997,0.00003,0.00000,0.00000
540.87000,0.62195,0.99996,0.00003,0.00000,0.00001
541.20001,0.62195,0.99989,0.00003,0.00001,0.00007
541.53003,0.62189,0.99996,0.00003,0.00000,0.00001
541.85999,0.62195,0.99998,0.00002,0.00000,0.00000
542.19000,0.62195,0.99998,0.00002,0.00000,0.00000
542.52002,0.62195,0.99998,0.00002,0.00000,0.00000
542.84998,0.62195,0.99997,0.00003,0.00000,0.00000
543.17999,0.62195,0.99997,0.00003,0.00000,0.00000
543.51001,0.62195,0.99997,0.00003,0.00000,0.00000
543.84003,0.62189,0.99996,0.00003,0.00000,0.00001
544.16998,0.62195,0.99997,0.00003,0.00000,0.00000
544.50000,0.62195,0.99994,0.00005,0.00000,0.00001
544.83002,0.62195,0.99997,0.00003,0.00000,0.00000
545.15997,0.62195,0.99957,0.00006,0.00001,0.00036
545.48999,0.62195,0.99990,0.00009,0.00000,0.00001
545.82001,0.62195,0.99995,0.00005,0.00000,0.00000
546.15002,0.62189,0.99993,0.00006,0.00000,0.00001
546.47998,0.62195,0.99992,0.00004,0.00000,0.00004
546.81000,0.62195,0.99991,0.00008,0.00000,0.00001
547.14001,0.62195,0.99970,0.00024,0.00000,0.00006
547.46997,0.62195,0.99988,0.00012,0.00000,0.00000
547.79999,0.62195,0.99994,0.00005,0.00000,0.00000
548.13000,0.62195,0.99994,0.00005,0.00000,0.00000
548.46002,0.62189,0.99994,0.00005,0.00000,0.00001
548.78998,0.62195,0.99995,0.00005,0.00000,0.00000
549.12000,0.62195,0.99993,0.00007,0.00000,0.00000
549.45001,0.62195,0.99991,0.00009,0.00000,0.00000
549.78003,0.62189,0.99991,0.00008,0.00000,0.00000
550.10999,0.62195,0.99990,0.00010,0.00000,0.00000
550.44000,0.62195,0.99990,0.00009,0.00000,0.00001
550.77002,0.62195,0.99980,0.00020,0.00000,0.00000
551.09998,0.62195,0.99993,0.00007,0.00000,0.00000
551.42999,0.62195,0.99994,0.00005,0.00000,0.00000
551.76001,0.62195,0.99991,0.00009,0.00000,0.00000
552.09003,0.62189,0.99995,0.00005,0.00000,0.00000
552.41998,0.62195,0.99992,0.00007,0.00000,0.00000
552.75000,0.62195,0.99995,0.00005,0.00000,0.00000
553.08002,0.62195,0.99990,0.00009,0.00000,0.00001
553.40997,0.62195,0.99997,0.00003,0.00000,0.00000
553.73999,0.62195,0.99996,0.00004,0.00000,0.00000
554.07001,0.62195,0.99996,0.00004,0.00000,0.00000
554.40002,0.62189,0.99994,0.00006,0.00000,0.00000
554.72998,0.62195,0.99994,0.00005,0.00000,0.00000
555.06000,0.62195,0.99992,0.00004,0.00000,0.00004
555.39001,0.62195,0.99997,0.00003,0.00000,0.00001
555.71997,0.62195,0.99996,0.00003,0.00000,0.00000
556.04999,0.62195,0.99998,0.00002,0.00000,0.00000
556.38000,0.62195,0.99994,0.00004,0.00000,0.00001
556.71002,0.62189,0.99992,0.00008,0.00000,0.00000
557.03998,0.62195,0.99995,0.00003,0.00000,0.00002
557.37000,0.62195,0.99996,0.00003,0.00000,0.00000
557.70001,0.62195,0.99996,0.00003,0.00000,0.00000
558.03003,0.62189,0.99998,0.00002,0.00000,0.00000
558.35999,0.62195,0.99988,0.00004,0.00000,0.00008
558.69000,0.62195,0.99988,0.00005,0.00000,0.00007
559.02002,0.62195,0.99996,0.00002,0.00000,0.00002
559.34998,0.62195,0.99995,0.00002,0.00000,0.00002
559.67999,0.62195,0.99997,0.00002,0.00000,0.00001
560.01001,0.62195,0.99997,0.00003,0.00000,0.00000
560.34003,0.62189,0.99994,0.00006,0.00000,0.00000
560.66998,0.62195,0.99998,0.00002,0.00000,0.00000
561.00000,0.62195,0.99997,0.00003,0.00000,0.00000
561.33002,0.62195,0.99997,0.00003,0.00000,0.00000
561.65997,0.62195,0.99995,0.00005,0.00000,0.00000
561.98999,0.62195,0.99995,0.00003,0.00000,0.00002
562.32001,0.62195,0.99997,0.00003,0.00000,0.00000
562.65002,0.62189,0.99995,0.00004,0.00000,0.00001
562.97998,0.62195,0.99992,0.00006,0.00000,0.00002
563.31000,0.62195,0.99993,0.00006,0.00000,0.00000
563.64001,0.62195,0.99994,0.00006,0.00000,0.00000
563.96997,0.62195,0.99995,0.00005,0.00000,0.00000
564.29999,0.62195,0.99993,0.00007,0.00000,0.00000
564.63000,0.62195,0.99997,0.00003,0.00000,0.00000
564.96002,0.62189,0.99988,0.00011,0.00000,0.00001
565.28998,0.62195,0.99982,0.00017,0.00000,0.00001
565.62000,0.62195,0.99993,0.00006,0.00000,0.00001
565.95001,0.62195,0.99983,0.00017,0.00000,0.00000
566.28003,0.62189,0.99989,0.00010,0.00000,0.00000
566.60999,0.62195,0.99990,0.00008,0.00000,0.00002
566.94000,0.62195,0.99985,0.00012,0.00000,0.00003
567.27002,0.62195,0.99995,0.00005,0.00000,0.00000
567.59998,0.62195,0.99990,0.00010,0.00000,0.00000
567.92999,0.62195,0.99998,0.00002,0.00000,0.00000
568.26001,0.62195,0.99991,0.00006,0.00000,0.00002
568.59003,0.62189,0.99982,0.00016,0.00000,0.00003
568.91998,0.62195,0.99993,0.00007,0.00000,0.00000
569.25000,0.62195,0.99987,0.00009,0.00000,0.00004
569.58002,0.62195,0.99994,0.00002,0.00000,0.00004
569.90997,0.62195,0.99994,0.00005,0.00000,0.00001
570.23999,0.62195,0.99993,0.00006,0.00000,0.00001
570.57001,0.62195,0.99993,0.00006,0.00000,0.00000
570.90002,0.62189,0.99994,0.00005,0.00000,0.00001
571.22998,0.62195,0.99997,0.00002,0.00000,0.00001
571.56000,0.62195,0.99993,0.00005,0.00000,0.00001
571.89001,0.62195,0.99991,0.00002,0.00001,0.00007
572.21997,0.62195,0.99996,0.00002,0.00000,0.00002
572.54999,0.62195,0.99995,0.00002,0.00000,0.00003
572.88000,0.62195,0.99996,0.00003,0.00000,0.00001
573.21002,0.62189,0.99997,0.00003,0.00000,0.00000
573.53998,0.62195,0.99999,0.00001,0.00000,0.00000
573.87000,0.62195,0.99998,0.00002,0.00000,0.00000
574.20001,0.62195,0.99998,0.00002,0.00000,0.00000
574.53003,0.62189,0.99995,0.00004,0.00000,0.00001
574.85999,0.62195,0.99998,0.00002,0.00000,0.00000
575.19000,0.62195,0.99998,0.00002,0.00000,0.00000
575.52002,0.62195,0.99993,0.00007,0.00000,0.00001
575.84998,0.62195,0.99997,0.00003,0.00000,0.00000
576.17999,0.62195,0.99996,0.00004,0.00000,0.00000
576.51001,0.62195,0.99998,0.00002,0.00000,0.00000
576.84003,0.62189,0.99995,0.00005,0.00000,0.00000
577.16998,0.62195,0.99995,0.00004,0.00000,0.00001
577.50000,0.62195,0.99998,0.00002,0.00000,0.00000
577.83002,0.62195,0.99998,0.00002,0.00000,0.00000
578.15997,0.62195,0.99992,0.00008,0.00000,0.00000
578.48999,0.62195,0.99993,0.00005,0.00000,0.00001
578.82001,0.62195,0.99977,0.00023,0.00000,0.00001
579.15002,0.62189,0.99991,0.00008,0.00000,0.00001
579.47998,0.62195,0.99978,0.00013,0.00000,0.00009
579.81000,0.62195,0.99986,0.00007,0.00000,0.00006
580.14001,0.62195,0.99990,0.00009,0.00000,0.00001
580.46997,0.62195,0.99994,0.00005,0.00000,0.00000
580.79999,0.62195,0.99991,0.00008,0.00000,0.00000
581.13000,0.62195,0.99983,0.00016,0.00000,0.00001
581.46002,0.62189,0.99992,0.00008,0.00000,0.00001
581.78998,0.62195,0.99990,0.00010,0.00000,0.00000
582.12000,0.62195,0.99991,0.00009,0.00000,0.00000
582.45001,0.62195,0.99982,0.00016,0.00000,0.00001
582.78003,0.62189,0.99986,0.00009,0.00000,0.00004
583.10999,0.62195,0.99966,0.00014,0.00000,0.00019
583.44000,0.62195,0.99989,0.00011,0.00000,0.00001
583.77002,0.62195,0.99994,0.00005,0.00000,0.00001
584.09998,0.62195,0.99991,0.00009,0.00000,0.00000
584.42999,0.62195,0.99994,0.00006,0.00000,0.00001
584.76001,0.62195,0.99984,0.00013,0.00000,0.00003
585.09003,0.62189,0.99997,0.00003,0.00000,0.00000
585.41998,0.62195,0.99978,0.00021,0.00000,0.00001
585.75000,0.62195,0.99995,0.00004,0.00000,0.00001
586.08002,0.62195,0.99994,0.00005,0.00000,0.00001
586.40997,0.62195,0.99994,0.00005,0.00000,0.00001
586.73999,0.62195,0.99995,0.00005,0.00000,0.00000
587.07001,0.62195,0.99997,0.00003,0.00000,0.00000
587.40002,0.62189,0.99994,0.00005,0.00000,0.00000
587.72998,0.62195,0.99997,0.00002,0.00000,0.00000
588.06000,0.62195,0.99997,0.00003,0.00000,0.00000
588.39001,0.62195,0.99996,0.00003,0.00000,0.00001
588.71997,0.62195,0.99994,0.00004,0.00000,0.00001
589.04999,0.62195,0.99997,0.00003,0.00000,0.00000
589.38000,0.62195,0.99998,0.00002,0.00000,0.00000
589.71002,0.62189,0.99997,0.00003,0.00000,0.00000
590.03998,0.62195,0.99997,0.00002,0.00000,0.00000
590.37000,0.62195,0.99998,0.00002,0.00000,0.00000
590.70001,0.62195,0.99999,0.00001,0.00000,0.00000
591.03003,0.62189,0.99999,0.00001,0.00000,0.00000
591.35999,0.62195,0.99996,0.00003,0.00000,0.00000
591.69000,0.62195,0.99997,0.00003,0.00000,0.00000
592.02002,0.62195,0.99997,0.00003,0.00000,0.00000
592.34998,0.62195,0.99998,0.00002,0.00000,0.00000
592.67999,0.62195,0.99997,0.00003,0.00000,0.00000
593.01001,0.62195,0.99994,0.00006,0.00000,0.00000
593.34003,0.62189,0.99996,0.00002,0.00000,0.00002
593.66998,0.62195,0.99997,0.00003,0.00000,0.00000
594.00000,0.62195,0.99997,0.00003,0.00000,0.00000
594.33002,0.62195,0.99997,0.00003,0.00000,0.00000
594.65997,0.62195,0.99992,0.00008,0.00000,0.00000
594.98999,0.62195,0.99998,0.00002,0.00000,0.00000
595.32001,0.62195,0.99995,0.00004,0.00000,0.00000
595.65002,0.62189,0.99996,0.00004,0.00000,0.00000
595.97998,0.62195,0.99994,0.00006,0.00000,0.00000
596.31000,0.62195,0.99996,0.00004,0.00000,0.00000
596.64001,0.62195,0.99991,0.00009,0.00000,0.00000
596.96997,0.62195,0.99996,0.00004,0.00000,0.00000
597.29999,0.62195,0.99990,0.00009,0.00000,0.00000
597.63000,0.62195,0.99988,0.00011,0.00000,0.00001
597.96002,0.62189,0.99986,0.00013,0.00000,0.00001
598.28998,0.62195,0.99988,0.00012,0.00000,0.00001
598.62000,0.62195,0.99991,0.00009,0.00000,0.00000
598.95001,0.62195,0.99995,0.00005,0.00000,0.00001
599.28003,0.62189,0.99993,0.00006,0.00000,0.00001
599.60999,0.62195,0.99982,0.00014,0.00000,0.00004
599.94000,0.62195,0.99987,0.00011,0.00001,0.00002
