Time (seconds), Duration (seconds),pred_(unlabeled),pred_brushing_teeth,pred_hair_drying,pred_showering
0.00000,0.62194,1.00000,0.00000,0.00000,0.00000
0.33000,0.62194,0.99088,0.00000,0.00056,0.00856
0.66000,0.62194,0.99685,0.00000,0.00092,0.00224
0.99000,0.62194,0.99978,0.00000,0.00008,0.00014
1.32000,0.62194,0.99879,0.00000,0.00044,0.00078
1.65000,0.62194,0.99919,0.00000,0.00040,0.00041
1.98000,0.62194,0.99931,0.00000,0.00034,0.00035
2.31000,0.62194,0.99948,0.00000,0.00028,0.00024
2.64000,0.62194,0.99919,0.00000,0.00035,0.00046
2.97000,0.62194,0.99947,0.00000,0.00032,0.00021
3.30000,0.62194,0.99980,0.00000,0.00008,0.00012
3.63000,0.62194,0.99974,0.00000,0.00009,0.00017
3.96000,0.62194,0.99866,0.00000,0.00048,0.00086
4.29000,0.62194,0.99850,0.00000,0.00047,0.00103
4.62000,0.62194,0.99636,0.00000,0.00116,0.00248
4.95000,0.62194,0.99817,0.00000,0.00066,0.00117
5.28000,0.62194,0.99878,0.00000,0.00058,0.00063
5.61000,0.62194,0.99922,0.00000,0.00040,0.00038
5.94000,0.62194,0.99733,0.00000,0.00086,0.00181
6.27000,0.62194,0.99669,0.00000,0.00112,0.00220
6.60000,0.62194,0.99856,0.00000,0.00048,0.00096
6.93000,0.62194,0.99903,0.00000,0.00034,0.00063
7.26000,0.62194,0.99969,0.00000,0.00015,0.00016
7.59000,0.62194,0.99906,0.00000,0.00038,0.00056
7.92000,0.62194,0.99890,0.00000,0.00045,0.00065
8.25000,0.62194,0.99954,0.00000,0.00027,0.00019
8.58000,0.62194,0.99993,0.00000,0.00006,0.00001
8.91000,0.62194,0.99994,0.00000,0.00004,0.00002
9.24000,0.62194,0.99950,0.00000,0.00026,0.00025
9.57000,0.62194,0.99893,0.00000,0.00040,0.00068
9.90000,0.62194,0.99733,0.00000,0.00092,0.00175
10.23000,0.62194,0.99555,0.00000,0.00139,0.00306
10.56000,0.62194,0.99845,0.00000,0.00068,0.00087
10.89000,0.62194,0.99785,0.00000,0.00071,0.00144
11.22000,0.62194,0.99876,0.00000,0.00054,0.00070
11.55000,0.62194,0.99860,0.00000,0.00052,0.00089
11.88000,0.62194,0.99947,0.00000,0.00028,0.00026
12.21000,0.62194,0.99957,0.00000,0.00019,0.00023
12.54000,0.62194,0.99911,0.00000,0.00037,0.00052
12.87000,0.62194,0.99840,0.00000,0.00062,0.00098
13.20000,0.62194,0.99768,0.00000,0.00075,0.00157
13.53000,0.62194,0.99620,0.00000,0.00146,0.00234
13.86000,0.62194,0.99783,0.00000,0.00093,0.00124
14.19000,0.62194,0.99609,0.00000,0.00108,0.00283
14.52000,0.62194,0.99897,0.00000,0.00035,0.00068
14.85000,0.62194,0.99768,0.00000,0.00094,0.00138
15.18000,0.62194,0.99855,0.00000,0.00054,0.00091
15.51000,0.62194,0.99627,0.00000,0.00103,0.00270
15.84000,0.62194,0.99960,0.00000,0.00021,0.00019
16.17000,0.62194,0.99970,0.00000,0.00016,0.00015
16.50000,0.62194,0.99966,0.00000,0.00017,0.00018
16.83000,0.62194,0.99833,0.00000,0.00048,0.00119
17.16000,0.62194,0.96769,0.00000,0.00491,0.02741
17.49000,0.62194,0.99640,0.00000,0.00145,0.00215
17.82000,0.62194,0.99613,0.00000,0.00120,0.00267
18.15000,0.62194,0.98927,0.00000,0.00191,0.00882
18.48000,0.62194,0.99843,0.00000,0.00058,0.00099
18.81000,0.62194,0.99548,0.00000,0.00135,0.00317
19.14000,0.62194,0.99920,0.00000,0.00034,0.00046
19.47000,0.62194,0.99972,0.00000,0.00013,0.00015
19.80000,0.62194,0.99957,0.00000,0.00017,0.00026
20.13000,0.62194,0.99909,0.00000,0.00035,0.00056
20.46000,0.62194,0.99961,0.00000,0.00022,0.00017
20.79000,0.62194,0.99966,0.00000,0.00017,0.00017
21.12000,0.62194,0.99685,0.00000,0.00110,0.00205
21.45000,0.62194,0.99950,0.00000,0.00022,0.00028
21.78000,0.62194,0.99987,0.00000,0.00009,0.00004
22.11000,0.62194,0.99869,0.00000,0.00052,0.00078
22.44000,0.62194,0.99874,0.00000,0.00064,0.00062
22.77000,0.62194,0.99936,0.00000,0.00030,0.00033
23.10000,0.62194,0.99948,0.00000,0.00029,0.00023
23.43000,0.62194,0.99966,0.00000,0.00016,0.00018
23.76000,0.62194,0.99991,0.00000,0.00004,0.00005
24.09000,0.62194,0.99979,0.00000,0.00012,0.00009
24.42000,0.62194,0.99902,0.00000,0.00034,0.00064
24.75000,0.62194,0.99849,0.00000,0.00057,0.00094
25.08000,0.62194,0.99773,0.00000,0.00086,0.00141
25.41000,0.62194,0.99746,0.00000,0.00072,0.00182
25.74000,0.62194,0.99905,0.00000,0.00043,0.00051
26.07000,0.62194,0.99886,0.00000,0.00052,0.00062
26.40000,0.62194,0.99672,0.00000,0.00098,0.00230
26.73000,0.62194,0.99852,0.00000,0.00052,0.00096
27.06000,0.62194,0.99839,0.00000,0.00064,0.00097
27.39000,0.62194,0.99767,0.00000,0.00081,0.00152
27.72000,0.62194,0.99907,0.00000,0.00038,0.00056
28.05000,0.62194,0.99949,0.00000,0.00029,0.00022
28.38000,0.62194,0.99963,0.00000,0.00023,0.00014
28.71000,0.62194,0.99951,0.00000,0.00025,0.00024
29.04000,0.62194,0.99915,0.00000,0.00034,0.00050
29.37000,0.62194,0.99879,0.00000,0.00048,0.00073
29.70000,0.62194,0.99824,0.00000,0.00062,0.00115
30.03000,0.62194,0.99747,0.00000,0.00095,0.00158
30.36000,0.62194,0.99838,0.00000,0.00054,0.00108
30.69000,0.62194,0.99872,0.00000,0.00031,0.00097
31.02000,0.62194,0.99957,0.00000,0.00020,0.00023
31.35000,0.62194,0.99991,0.00000,0.00005,0.00004
31.68000,0.62194,0.99853,0.00000,0.00063,0.00083
32.01000,0.62194,0.99770,0.00000,0.00089,0.00140
32.34000,0.62194,0.99888,0.00000,0.00048,0.00064
32.67000,0.62194,0.99983,0.00000,0.00011,0.00005
33.00000,0.62194,0.99973,0.00000,0.00015,0.00012
33.33000,0.62194,0.99876,0.00000,0.00053,0.00071
33.66000,0.62194,0.99709,0.00000,0.00089,0.00201
33.99000,0.62194,0.99552,0.00000,0.00118,0.00330
34.32000,0.62194,0.99864,0.00000,0.00053,0.00084
34.65000,0.62194,0.99962,0.00000,0.00020,0.00018
34.98000,0.62194,0.99718,0.00000,0.00102,0.00180
35.31000,0.62194,0.99900,0.00000,0.00044,0.00056
35.64000,0.62194,0.99968,0.00000,0.00019,0.00014
35.97000,0.62194,0.99978,0.00000,0.00014,0.00008
36.30000,0.62194,0.99948,0.00000,0.00028,0.00023
36.63000,0.62194,0.99912,0.00000,0.00035,0.00053
36.96000,0.62194,0.99909,0.00000,0.00025,0.00066
37.29000,0.62194,0.99826,0.00000,0.00062,0.00112
37.62000,0.62194,0.99896,0.00000,0.00041,0.00063
37.95000,0.62194,0.99933,0.00000,0.00027,0.00040
38.28000,0.62194,0.99924,0.00000,0.00044,0.00032
38.61000,0.62194,0.99931,0.00000,0.00045,0.00024
38.94000,0.62194,0.99930,0.00000,0.00036,0.00034
39.27000,0.62194,0.99973,0.00000,0.00014,0.00013
39.60000,0.62194,0.99949,0.00000,0.00027,0.00024
39.93000,0.62194,0.99973,0.00000,0.00019,0.00008
40.26000,0.62194,0.99963,0.00000,0.00024,0.00014
40.59000,0.62194,0.99935,0.00000,0.00027,0.00038
40.92000,0.62194,0.99804,0.00000,0.00074,0.00122
41.25000,0.62194,0.99678,0.00000,0.00094,0.00228
41.58000,0.62194,0.99945,0.00000,0.00030,0.00025
41.91000,0.62194,0.99954,0.00000,0.00023,0.00023
42.24000,0.62194,0.99800,0.00000,0.00069,0.00130
42.57000,0.62194,0.99671,0.00000,0.00111,0.00218
42.90000,0.62194,0.99687,0.00000,0.00090,0.00222
43.23000,0.62194,0.99599,0.00000,0.00105,0.00296
43.56000,0.62194,0.99642,0.00000,0.00105,0.00253
43.89000,0.62194,0.99630,0.00000,0.00100,0.00269
44.22000,0.62194,0.99805,0.00000,0.00067,0.00128
44.55000,0.62194,0.99774,0.00000,0.00067,0.00159
44.88000,0.62194,0.99957,0.00000,0.00027,0.00016
45.21000,0.62194,0.99989,0.00000,0.00007,0.00004
45.54000,0.62194,0.99934,0.00000,0.00035,0.00031
45.87000,0.62194,0.99902,0.00000,0.00041,0.00057
46.20000,0.62194,0.99890,0.00000,0.00047,0.00063
46.53000,0.62194,0.99938,0.00000,0.00027,0.00035
46.86000,0.62194,0.99906,0.00000,0.00042,0.00051
47.19000,0.62194,0.99836,0.00000,0.00072,0.00092
47.52000,0.62194,0.99659,0.00000,0.00102,0.00239
47.85000,0.62194,0.99920,0.00000,0.00032,0.00049
48.18000,0.62194,0.99947,0.00000,0.00022,0.00031
48.51000,0.62194,0.99801,0.00000,0.00078,0.00121
48.84000,0.62194,0.99751,0.00000,0.00076,0.00172
49.17000,0.62194,0.99730,0.00000,0.00076,0.00194
49.50000,0.62194,0.99934,0.00000,0.00031,0.00035
49.83000,0.62194,0.99924,0.00000,0.00034,0.00042
50.16000,0.62194,0.99869,0.00000,0.00058,0.00073
50.49000,0.62194,0.99891,0.00000,0.00046,0.00062
50.82000,0.62194,0.99835,0.00000,0.00053,0.00112
51.15000,0.62194,0.99834,0.00000,0.00061,0.00105
51.48000,0.62194,0.99683,0.00000,0.00119,0.00198
51.81000,0.62194,0.99797,0.00000,0.00074,0.00129
52.14000,0.62194,0.99745,0.00000,0.00078,0.00177
52.47000,0.62194,0.99884,0.00000,0.00059,0.00056
52.80000,0.62194,0.99980,0.00000,0.00012,0.00007
53.13000,0.62194,0.99888,0.00000,0.00043,0.00069
53.46000,0.62194,0.99761,0.00000,0.00075,0.00164
53.79000,0.62194,0.99921,0.00000,0.00038,0.00041
54.12000,0.62194,0.99962,0.00000,0.00020,0.00018
54.45000,0.62194,0.99991,0.00000,0.00006,0.00003
54.78000,0.62194,0.99973,0.00000,0.00016,0.00011
55.11000,0.62194,0.99912,0.00000,0.00036,0.00052
55.44000,0.62194,0.99924,0.00000,0.00034,0.00042
55.77000,0.62194,0.99774,0.00000,0.00072,0.00153
56.10000,0.62194,0.99672,0.00000,0.00139,0.00189
56.43000,0.62194,0.99959,0.00000,0.00026,0.00015
56.76000,0.62194,0.99985,0.00000,0.00009,0.00006
57.09000,0.62194,0.99924,0.00000,0.00032,0.00044
57.42000,0.62194,0.99646,0.00000,0.00109,0.00245
57.75000,0.62194,0.99874,0.00000,0.00052,0.00075
58.08000,0.62194,0.99867,0.00000,0.00044,0.00089
58.41000,0.62194,0.99882,0.00000,0.00030,0.00088
58.74000,0.62194,0.99718,0.00000,0.00103,0.00179
59.07000,0.62194,0.99832,0.00000,0.00074,0.00094
59.40000,0.62194,0.99909,0.00000,0.00033,0.00058
59.73000,0.62194,0.99985,0.00000,0.00007,0.00008
60.06000,0.62194,0.99977,0.00000,0.00011,0.00012
60.39000,0.62194,0.98836,0.00004,0.00250,0.00910
60.72000,0.62194,0.71906,0.00001,0.00893,0.27201
61.05000,0.62194,0.94085,0.00000,0.01011,0.04903
61.38000,0.62194,0.94738,0.00000,0.00451,0.04810
61.71000,0.62194,0.99678,0.00000,0.00093,0.00228
62.04000,0.62194,0.99895,0.00000,0.00041,0.00063
62.37000,0.62194,0.99708,0.00000,0.00115,0.00176
62.70000,0.62194,0.99852,0.00000,0.00059,0.00088
63.03000,0.62194,0.99894,0.00000,0.00035,0.00071
63.36000,0.62194,0.99908,0.00000,0.00031,0.00061
63.69000,0.62194,0.99665,0.00000,0.00103,0.00232
64.02000,0.62194,0.99931,0.00000,0.00027,0.00042
64.35000,0.62194,0.99978,0.00000,0.00014,0.00008
64.68000,0.62194,0.99984,0.00000,0.00007,0.00009
65.01000,0.62193,0.99970,0.00000,0.00015,0.00015
65.34000,0.62194,0.99860,0.00000,0.00065,0.00075
65.67000,0.62194,0.99818,0.00000,0.00060,0.00122
66.00000,0.62194,0.99747,0.00000,0.00087,0.00166
66.33000,0.62193,0.99968,0.00000,0.00023,0.00009
66.66000,0.62193,0.99972,0.00000,0.00018,0.00010
66.99000,0.62194,0.99934,0.00000,0.00024,0.00042
67.32000,0.62194,0.99953,0.00000,0.00016,0.00031
67.65000,0.62193,0.99821,0.00000,0.00067,0.00112
67.98000,0.62193,0.99877,0.00000,0.00051,0.00073
68.31000,0.62194,0.99914,0.00000,0.00037,0.00048
68.64000,0.62194,0.99906,0.00000,0.00041,0.00053
68.97000,0.62193,0.99961,0.00000,0.00020,0.00018
69.30000,0.62193,0.99874,0.00000,0.00047,0.00079
69.63000,0.62194,0.99750,0.00000,0.00092,0.00158
69.96000,0.62194,0.99944,0.00000,0.00030,0.00026
70.29000,0.62193,0.99925,0.00000,0.00027,0.00048
70.62000,0.62193,0.99862,0.00000,0.00041,0.00097
70.95000,0.62194,0.99699,0.00000,0.00086,0.00215
71.28000,0.62194,0.99804,0.00000,0.00055,0.00141
71.61000,0.62194,0.99954,0.00000,0.00018,0.00028
71.94000,0.62193,0.99938,0.00000,0.00031,0.00032
72.27000,0.62194,0.99838,0.00000,0.00057,0.00105
72.60000,0.62194,0.99876,0.00000,0.00051,0.00073
72.93000,0.62194,0.99898,0.00000,0.00040,0.00062
73.26000,0.62193,0.99937,0.00000,0.00031,0.00032
73.59000,0.62194,0.99970,0.00000,0.00018,0.00012
73.92000,0.62194,0.99980,0.00000,0.00012,0.00008
74.25000,0.62194,0.99917,0.00000,0.00033,0.00051
74.58000,0.62193,0.99730,0.00000,0.00075,0.00196
74.91000,0.62193,0.99928,0.00000,0.00025,0.00047
75.24000,0.62194,0.99884,0.00000,0.00049,0.00068
75.57000,0.62194,0.99927,0.00000,0.00032,0.00041
75.90000,0.62193,0.99933,0.00000,0.00022,0.00045
76.23000,0.62193,0.99909,0.00000,0.00029,0.00062
76.56000,0.62194,0.99816,0.00000,0.00050,0.00134
76.89000,0.62194,0.99692,0.00000,0.00098,0.00209
77.22000,0.62193,0.99880,0.00000,0.00044,0.00076
77.55000,0.62193,0.99924,0.00000,0.00029,0.00047
77.88000,0.62194,0.99929,0.00000,0.00026,0.00045
78.21000,0.62194,0.99890,0.00000,0.00047,0.00063
78.54000,0.62193,0.99765,0.00000,0.00097,0.00139
78.87000,0.62193,0.99815,0.00000,0.00077,0.00109
79.20000,0.62194,0.99840,0.00000,0.00062,0.00098
79.53000,0.62194,0.99788,0.00000,0.00085,0.00127
79.86000,0.62194,0.99828,0.00000,0.00058,0.00115
80.19000,0.62193,0.99751,0.00000,0.00101,0.00148
80.52000,0.62194,0.99937,0.00000,0.00031,0.00032
80.85000,0.62194,0.99854,0.00000,0.00069,0.00076
81.18000,0.62194,0.99937,0.00000,0.00041,0.00022
81.51000,0.62193,0.99972,0.00000,0.00014,0.00014
81.84000,0.62194,0.99816,0.00000,0.00062,0.00122
82.17000,0.62194,0.98963,0.00000,0.00202,0.00835
82.50000,0.62194,0.99700,0.00000,0.00134,0.00166
82.83000,0.62193,0.99928,0.00000,0.00032,0.00040
83.16000,0.62193,0.99640,0.00000,0.00117,0.00244
83.49000,0.62194,0.99658,0.00000,0.00119,0.00224
83.82000,0.62194,0.99903,0.00000,0.00037,0.00060
84.15000,0.62193,0.99842,0.00000,0.00060,0.00098
84.48000,0.62193,0.99963,0.00000,0.00020,0.00017
84.81000,0.62194,0.99957,0.00000,0.00023,0.00020
85.14000,0.62194,0.99895,0.00000,0.00036,0.00069
85.47000,0.62193,0.99914,0.00000,0.00039,0.00047
85.80000,0.62193,0.99986,0.00000,0.00007,0.00007
86.13000,0.62194,0.99924,0.00000,0.00030,0.00046
86.46000,0.62194,0.99942,0.00000,0.00026,0.00032
86.79000,0.62193,0.99883,0.00000,0.00056,0.00061
87.12000,0.62193,0.99976,0.00000,0.00014,0.00010
87.45000,0.62194,0.99975,0.00000,0.00015,0.00010
87.78000,0.62194,0.99971,0.00000,0.00017,0.00012
88.11000,0.62194,0.99978,0.00000,0.00013,0.00008
88.44000,0.62193,0.99940,0.00000,0.00031,0.00029
88.77000,0.62194,0.99960,0.00000,0.00018,0.00023
89.10000,0.62194,0.99848,0.00000,0.00058,0.00094
89.43000,0.62194,0.99606,0.00000,0.00129,0.00265
89.76000,0.62193,0.99848,0.00000,0.00046,0.00106
90.09000,0.62194,0.99952,0.00000,0.00022,0.00026
90.42000,0.62194,0.99808,0.00000,0.00065,0.00127
90.75000,0.62194,0.99799,0.00000,0.00065,0.00136
91.08000,0.62193,0.99954,0.00000,0.00024,0.00022
91.41000,0.62193,0.99898,0.00000,0.00035,0.00068
91.74000,0.62194,0.99664,0.00000,0.00095,0.00241
92.07000,0.62194,0.99900,0.00000,0.00030,0.00071
92.40000,0.62193,0.99970,0.00000,0.00017,0.00013
92.73000,0.62193,0.99825,0.00000,0.00061,0.00114
93.06000,0.62194,0.99628,0.00000,0.00107,0.00265
93.39000,0.62194,0.99893,0.00000,0.00050,0.00057
93.72000,0.62193,0.99896,0.00000,0.00036,0.00069
94.05000,0.62193,0.99935,0.00000,0.00032,0.00033
94.38000,0.62194,0.99927,0.00000,0.00034,0.00040
94.71000,0.62194,0.99877,0.00000,0.00046,0.00077
95.04000,0.62193,0.99945,0.00000,0.00028,0.00027
95.37000,0.62193,0.99971,0.00000,0.00015,0.00013
95.70000,0.62194,0.99946,0.00000,0.00031,0.00023
96.03000,0.62194,0.99837,0.00000,0.00056,0.00108
96.36000,0.62194,0.99871,0.00000,0.00043,0.00086
96.69000,0.62193,0.99289,0.00000,0.00194,0.00517
97.02000,0.62194,0.99452,0.00000,0.00153,0.00395
97.35000,0.62194,0.99737,0.00000,0.00117,0.00145
97.68000,0.62194,0.99877,0.00000,0.00046,0.00077
98.01000,0.62193,0.99939,0.00000,0.00029,0.00033
98.34000,0.62194,0.99891,0.00000,0.00040,0.00069
98.67000,0.62194,0.99896,0.00000,0.00044,0.00060
99.00000,0.62194,0.99857,0.00000,0.00058,0.00085
99.33000,0.62193,0.99776,0.00000,0.00073,0.00152
99.66000,0.62193,0.99792,0.00000,0.00058,0.00150
99.99000,0.62194,0.99934,0.00000,0.00032,0.00034
100.32000,0.62194,0.99874,0.00000,0.00051,0.00074
100.65000,0.62193,0.99909,0.00000,0.00037,0.00054
100.98000,0.62193,0.99952,0.00000,0.00024,0.00024
101.31000,0.62194,0.99977,0.00000,0.00009,0.00014
101.64000,0.62194,0.99937,0.00000,0.00028,0.00035
101.97000,0.62193,0.99926,0.00000,0.00032,0.00042
102.30000,0.62193,0.99942,0.00000,0.00033,0.00025
102.63000,0.62194,0.99697,0.00000,0.00088,0.00215
102.96000,0.62194,0.99987,0.00000,0.00007,0.00006
103.29000,0.62193,0.99994,0.00000,0.00004,0.00003
103.62000,0.62193,0.99962,0.00000,0.00020,0.00019
103.95000,0.62194,0.99945,0.00000,0.00024,0.00031
104.28000,0.62194,0.99945,0.00000,0.00029,0.00026
104.61000,0.62194,0.99875,0.00000,0.00056,0.00069
104.94000,0.62193,0.99463,0.00000,0.00136,0.00401
105.27000,0.62194,0.98566,0.00000,0.00332,0.01102
105.60000,0.62194,0.99769,0.00000,0.00093,0.00138
105.93000,0.62194,0.99965,0.00000,0.00020,0.00015
106.26000,0.62193,0.99875,0.00000,0.00062,0.00063
106.59000,0.62194,0.99873,0.00000,0.00049,0.00077
106.92000,0.62194,0.99967,0.00000,0.00015,0.00018
107.25000,0.62194,0.99985,0.00000,0.00009,0.00006
107.58000,0.62193,0.99851,0.00000,0.00073,0.00076
107.91000,0.62193,0.99839,0.00000,0.00099,0.00062
108.24000,0.62194,0.99957,0.00000,0.00030,0.00013
108.57000,0.62194,0.99939,0.00000,0.00034,0.00027
108.90000,0.62193,0.99775,0.00000,0.00094,0.00130
109.23000,0.62193,0.99505,0.00000,0.00207,0.00288
109.56000,0.62194,0.99610,0.00000,0.00149,0.00240
109.89000,0.62194,0.99994,0.00000,0.00004,0.00001
110.22000,0.62193,0.99996,0.00000,0.00003,0.00001
110.55000,0.62193,0.99973,0.00000,0.00010,0.00016
110.88000,0.62194,0.99488,0.00001,0.00167,0.00344
111.21000,0.62194,0.95442,0.00001,0.00455,0.04103
111.54000,0.62193,0.76424,0.00015,0.02269,0.21291
111.87000,0.62193,0.24515,0.00008,0.00125,0.75352
112.20000,0.62194,0.26578,0.00019,0.00226,0.73177
112.53000,0.62194,0.33362,0.00015,0.00522,0.66101
112.86000,0.62194,0.43998,0.00006,0.00754,0.55241
113.19000,0.62193,0.78036,0.00003,0.00347,0.21614
113.52000,0.62194,0.69464,0.00005,0.01066,0.29465
113.85000,0.62194,0.61869,0.00011,0.00693,0.37427
114.18000,0.62194,0.35427,0.00019,0.00325,0.64229
114.51000,0.62193,0.30796,0.00045,0.00118,0.69040
114.84000,0.62194,0.55530,0.00064,0.00045,0.44361
115.17000,0.62194,0.33432,0.00070,0.00131,0.66367
115.50000,0.62194,0.98855,0.00000,0.00071,0.01074
115.83000,0.62193,0.99988,0.00000,0.00009,0.00004
116.16000,0.62193,0.99992,0.00000,0.00005,0.00003
116.49000,0.62194,0.99993,0.00000,0.00005,0.00002
116.82000,0.62194,0.99987,0.00000,0.00008,0.00005
117.15000,0.62193,0.99994,0.00000,0.00004,0.00002
117.48000,0.62193,0.99997,0.00000,0.00002,0.00001
117.81000,0.62194,0.99997,0.00000,0.00002,0.00001
118.14000,0.62194,0.99997,0.00000,0.00002,0.00001
118.47000,0.62193,0.99989,0.00000,0.00006,0.00004
118.80000,0.62193,0.99997,0.00000,0.00002,0.00001
119.13000,0.62194,0.99998,0.00000,0.00001,0.00000
119.46000,0.62194,0.99997,0.00000,0.00003,0.00001
119.79000,0.62193,0.99997,0.00000,0.00002,0.00001
120.12000,0.62193,0.99998,0.00000,0.00002,0.00001
120.45000,0.62194,0.99982,0.00000,0.00011,0.00007
120.78000,0.62194,0.99960,0.00000,0.00022,0.00018
121.11000,0.62194,0.99993,0.00000,0.00005,0.00002
121.44000,0.62193,0.99997,0.00000,0.00002,0.00001
121.77000,0.62194,0.99984,0.00000,0.00011,0.00005
122.10000,0.62194,0.99989,0.00000,0.00008,0.00003
122.43000,0.62194,0.99948,0.00000,0.00034,0.00017
122.76000,0.62193,0.99823,0.00000,0.00080,0.00097
123.09000,0.62194,0.99540,0.00000,0.00108,0.00351
123.42000,0.62194,0.99283,0.00000,0.00212,0.00504
123.75000,0.62194,0.99269,0.00000,0.00121,0.00610
124.08000,0.62193,0.99987,0.00000,0.00007,0.00006
124.41000,0.62193,0.99994,0.00000,0.00003,0.00003
124.74000,0.62194,0.99734,0.00000,0.00132,0.00134
125.07000,0.62194,0.99865,0.00000,0.00071,0.00064
125.40000,0.62193,0.99994,0.00000,0.00004,0.00002
125.73000,0.62193,0.99998,0.00000,0.00001,0.00000
126.06000,0.62194,0.99999,0.00000,0.00001,0.00000
126.39000,0.62194,0.99999,0.00000,0.00001,0.00000
126.72000,0.62193,0.99941,0.00000,0.00031,0.00028
127.05000,0.62193,0.99907,0.00000,0.00054,0.00039
127.38000,0.62194,0.99999,0.00000,0.00001,0.00000
127.71000,0.62194,0.99997,0.00000,0.00002,0.00000
128.03999,0.62195,0.99998,0.00000,0.00002,0.00000
128.37000,0.62195,1.00000,0.00000,0.00000,0.00000
128.70000,0.62193,0.99999,0.00000,0.00001,0.00000
129.03000,0.62193,0.99999,0.00000,0.00001,0.00000
129.36000,0.62193,0.99998,0.00000,0.00002,0.00000
129.69000,0.62193,0.99998,0.00000,0.00002,0.00000
130.02000,0.62193,0.99999,0.00000,0.00001,0.00000
130.35001,0.62193,0.99999,0.00000,0.00001,0.00000
130.67999,0.62195,0.99999,0.00000,0.00000,0.00000
131.00999,0.62195,0.99993,0.00000,0.00005,0.00002
131.34000,0.62195,0.99990,0.00000,0.00006,0.00003
131.67000,0.62193,0.99996,0.00000,0.00003,0.00001
132.00000,0.62193,0.99998,0.00000,0.00002,0.00000
132.33000,0.62193,0.99993,0.00000,0.00005,0.00002
132.66000,0.62193,0.99986,0.00000,0.00010,0.00004
132.99001,0.62193,0.99998,0.00000,0.00001,0.00000
133.32001,0.62193,0.99999,0.00000,0.00001,0.00000
133.64999,0.62195,0.99998,0.00000,0.00001,0.00001
133.98000,0.62195,0.99994,0.00000,0.00004,0.00002
134.31000,0.62193,0.99995,0.00000,0.00003,0.00002
134.64000,0.62193,0.99988,0.00000,0.00006,0.00005
134.97000,0.62193,0.99991,0.00000,0.00007,0.00002
135.30000,0.62193,0.99998,0.00000,0.00002,0.00000
135.63000,0.62193,0.99991,0.00000,0.00006,0.00003
135.96001,0.62193,0.99974,0.00000,0.00016,0.00010
136.28999,0.62195,0.99980,0.00000,0.00009,0.00011
136.62000,0.62195,0.99941,0.00000,0.00024,0.00035
136.95000,0.62193,0.99885,0.00000,0.00063,0.00052
137.28000,0.62193,0.99445,0.00000,0.00188,0.00367
137.61000,0.62193,0.98050,0.00000,0.00472,0.01477
137.94000,0.62193,0.99151,0.00000,0.00261,0.00588
138.27000,0.62193,0.99811,0.00000,0.00054,0.00135
138.60001,0.62193,0.99326,0.00000,0.00189,0.00485
138.92999,0.62195,0.99824,0.00000,0.00068,0.00109
139.25999,0.62195,0.99965,0.00000,0.00025,0.00010
139.59000,0.62195,1.00000,0.00000,0.00000,0.00000
139.92000,0.62193,0.99985,0.00000,0.00015,0.00000
140.25000,0.62193,0.99589,0.00000,0.00378,0.00033
140.58000,0.62193,0.99594,0.00000,0.00391,0.00015
140.91000,0.62193,0.99732,0.00000,0.00242,0.00026
141.24001,0.62193,0.99903,0.00000,0.00032,0.00065
141.57001,0.62193,0.99436,0.00000,0.00112,0.00452
141.89999,0.62195,0.99294,0.00000,0.00120,0.00586
142.23000,0.62195,0.99932,0.00000,0.00038,0.00030
142.56000,0.62193,0.99955,0.00000,0.00019,0.00027
142.89000,0.62193,0.99522,0.00000,0.00158,0.00321
143.22000,0.62193,0.99975,0.00000,0.00017,0.00007
143.55000,0.62193,0.99963,0.00000,0.00022,0.00015
143.88000,0.62193,0.99985,0.00000,0.00008,0.00007
144.21001,0.62193,0.99989,0.00000,0.00007,0.00003
144.53999,0.62195,0.99958,0.00000,0.00022,0.00020
144.87000,0.62195,0.99971,0.00000,0.00016,0.00013
145.20000,0.62193,0.99976,0.00000,0.00013,0.00011
145.53000,0.62193,0.99964,0.00000,0.00019,0.00017
145.86000,0.62193,0.99971,0.00000,0.00014,0.00015
146.19000,0.62193,0.99978,0.00000,0.00013,0.00009
146.52000,0.62193,0.99989,0.00000,0.00007,0.00004
146.85001,0.62193,0.99927,0.00000,0.00036,0.00036
147.17999,0.62195,0.99923,0.00000,0.00028,0.00049
147.50999,0.62195,0.99956,0.00000,0.00021,0.00023
147.84000,0.62195,0.99974,0.00000,0.00014,0.00012
148.17000,0.62193,0.99991,0.00000,0.00005,0.00004
148.50000,0.62193,0.99996,0.00000,0.00003,0.00001
148.83000,0.62193,0.99993,0.00000,0.00005,0.00002
149.16000,0.62193,0.99988,0.00000,0.00008,0.00004
149.49001,0.62193,0.99986,0.00000,0.00009,0.00005
149.82001,0.62193,0.99980,0.00000,0.00010,0.00010
150.14999,0.62195,0.99989,0.00000,0.00007,0.00004
150.48000,0.62195,0.99993,0.00000,0.00004,0.00003
150.81000,0.62193,0.99972,0.00000,0.00014,0.00014
151.14000,0.62193,0.99950,0.00000,0.00024,0.00026
151.47000,0.62193,0.99977,0.00000,0.00012,0.00011
151.80000,0.62193,0.99936,0.00000,0.00041,0.00023
152.13000,0.62193,0.99985,0.00000,0.00008,0.00007
152.46001,0.62193,0.99977,0.00000,0.00013,0.00010
152.78999,0.62195,0.99990,0.00000,0.00007,0.00004
153.12000,0.62195,0.99987,0.00000,0.00007,0.00006
153.45000,0.62193,0.99955,0.00000,0.00021,0.00024
153.78000,0.62193,0.99981,0.00000,0.00007,0.00012
154.11000,0.62193,0.99956,0.00000,0.00023,0.00020
154.44000,0.62193,0.99987,0.00000,0.00008,0.00005
154.77000,0.62193,0.99969,0.00000,0.00016,0.00016
155.10001,0.62193,0.99992,0.00000,0.00005,0.00003
155.42999,0.62195,0.99976,0.00000,0.00012,0.00012
155.75999,0.62195,0.99948,0.00000,0.00028,0.00025
156.09000,0.62195,0.99928,0.00000,0.00038,0.00034
156.42000,0.62193,0.99888,0.00000,0.00040,0.00072
156.75000,0.62193,0.99947,0.00000,0.00023,0.00030
157.08000,0.62193,0.99987,0.00000,0.00010,0.00003
157.41000,0.62193,0.99984,0.00000,0.00013,0.00003
157.74001,0.62193,0.99977,0.00000,0.00014,0.00009
158.07001,0.62193,0.99931,0.00000,0.00039,0.00030
158.39999,0.62195,0.99967,0.00000,0.00020,0.00012
158.73000,0.62195,0.99995,0.00000,0.00004,0.00001
159.06000,0.62193,0.99987,0.00000,0.00006,0.00007
159.39000,0.62193,0.99976,0.00000,0.00012,0.00012
159.72000,0.62193,0.99928,0.00000,0.00024,0.00049
160.05000,0.62193,0.99894,0.00000,0.00050,0.00055
160.38000,0.62193,0.99945,0.00000,0.00032,0.00023
160.71001,0.62193,0.99984,0.00000,0.00010,0.00006
161.03999,0.62195,0.99988,0.00000,0.00007,0.00005
161.37000,0.62195,0.99978,0.00000,0.00010,0.00011
161.70000,0.62193,0.99986,0.00000,0.00007,0.00007
162.03000,0.62193,0.99934,0.00000,0.00029,0.00036
162.36000,0.62193,0.99933,0.00000,0.00031,0.00036
162.69000,0.62193,0.99994,0.00000,0.00004,0.00002
163.02000,0.62193,0.99987,0.00000,0.00009,0.00004
163.35001,0.62193,0.99990,0.00000,0.00006,0.00004
163.67999,0.62195,0.99964,0.00000,0.00021,0.00016
164.00999,0.62195,0.99979,0.00000,0.00012,0.00009
164.34000,0.62195,0.99964,0.00000,0.00018,0.00018
164.67000,0.62193,0.99986,0.00000,0.00008,0.00006
165.00000,0.62193,0.99984,0.00000,0.00009,0.00007
165.33000,0.62193,0.99986,0.00000,0.00009,0.00005
165.66000,0.62193,0.99981,0.00000,0.00012,0.00007
165.99001,0.62193,0.99955,0.00000,0.00027,0.00018
166.32001,0.62193,0.99911,0.00000,0.00044,0.00044
166.64999,0.62195,0.99962,0.00000,0.00022,0.00016
166.98000,0.62195,0.99996,0.00000,0.00003,0.00001
167.31000,0.62193,0.99923,0.00000,0.00033,0.00044
167.64000,0.62193,0.99681,0.00000,0.00106,0.00213
167.97000,0.62193,0.99872,0.00000,0.00063,0.00065
168.30000,0.62193,0.99966,0.00000,0.00019,0.00015
168.63000,0.62193,0.99985,0.00000,0.00009,0.00005
168.96001,0.62193,0.99964,0.00000,0.00019,0.00017
169.28999,0.62195,0.99977,0.00000,0.00019,0.00004
169.62000,0.62195,0.99969,0.00000,0.00018,0.00013
169.95000,0.62193,0.99967,0.00000,0.00023,0.00010
170.28000,0.62193,0.99984,0.00000,0.00012,0.00004
170.61000,0.62193,0.99959,0.00000,0.00019,0.00022
170.94000,0.62193,0.99907,0.00000,0.00032,0.00060
171.27000,0.62193,0.99658,0.00000,0.00098,0.00244
171.60001,0.62193,0.99474,0.00000,0.00177,0.00350
171.92999,0.62195,0.99944,0.00000,0.00024,0.00032
172.25999,0.62195,0.99971,0.00000,0.00017,0.00012
172.59000,0.62195,0.99925,0.00000,0.00034,0.00041
172.92000,0.62193,0.99939,0.00000,0.00030,0.00031
173.25000,0.62193,0.99986,0.00000,0.00011,0.00004
173.58000,0.62193,0.99976,0.00000,0.00016,0.00007
173.91000,0.62193,0.99967,0.00000,0.00015,0.00018
174.24001,0.62193,0.99966,0.00000,0.00015,0.00019
174.57001,0.62193,0.99984,0.00000,0.00007,0.00008
174.89999,0.62195,0.99969,0.00000,0.00015,0.00016
175.23000,0.62195,0.99979,0.00000,0.00013,0.00008
175.56000,0.62193,0.99987,0.00000,0.00007,0.00006
175.89000,0.62193,0.99997,0.00000,0.00002,0.00001
176.22000,0.62193,0.99994,0.00000,0.00003,0.00003
176.55000,0.62193,0.99933,0.00000,0.00028,0.00039
176.88000,0.62193,0.99908,0.00000,0.00048,0.00044
177.21001,0.62193,0.99923,0.00000,0.00036,0.00041
177.53999,0.62195,0.99982,0.00000,0.00011,0.00007
177.87000,0.62195,0.99975,0.00000,0.00014,0.00011
178.20000,0.62193,0.99973,0.00000,0.00014,0.00013
178.53000,0.62193,0.99970,0.00000,0.00016,0.00014
178.86000,0.62193,0.99973,0.00000,0.00015,0.00011
179.19000,0.62193,0.99980,0.00000,0.00013,0.00006
179.52000,0.62193,0.99974,0.00000,0.00017,0.00009
179.85001,0.62193,0.99979,0.00000,0.00011,0.00010
180.17999,0.62195,0.99845,0.00000,0.00069,0.00086
180.50999,0.62195,0.99955,0.00000,0.00023,0.00021
180.84000,0.62195,0.99978,0.00000,0.00010,0.00011
181.17000,0.62193,0.99969,0.00000,0.00014,0.00017
181.50000,0.62193,0.99956,0.00000,0.00016,0.00028
181.83000,0.62193,0.99986,0.00000,0.00007,0.00007
182.16000,0.62193,0.99965,0.00000,0.00017,0.00019
182.49001,0.62193,0.99988,0.00000,0.00006,0.00006
182.82001,0.62193,0.99962,0.00000,0.00022,0.00016
183.14999,0.62195,0.99977,0.00000,0.00015,0.00008
183.48000,0.62195,0.99882,0.00000,0.00063,0.00055
183.81000,0.62193,0.99980,0.00000,0.00014,0.00007
184.14000,0.62193,0.99890,0.00000,0.00062,0.00048
184.47000,0.62193,0.99894,0.00000,0.00050,0.00056
184.80000,0.62193,0.99983,0.00000,0.00011,0.00006
185.13000,0.62193,0.99993,0.00000,0.00006,0.00001
185.46001,0.62193,0.99992,0.00000,0.00006,0.00002
185.78999,0.62195,0.99918,0.00000,0.00042,0.00039
186.12000,0.62195,0.99990,0.00000,0.00008,0.00002
186.45000,0.62193,0.99995,0.00000,0.00004,0.00001
186.78000,0.62193,0.99990,0.00000,0.00007,0.00003
187.11000,0.62193,0.99981,0.00000,0.00013,0.00006
187.44000,0.62193,0.99962,0.00000,0.00020,0.00018
187.77000,0.62193,0.99966,0.00000,0.00019,0.00014
188.10001,0.62193,0.99776,0.00000,0.00088,0.00136
188.42999,0.62195,0.99743,0.00000,0.00085,0.00172
188.75999,0.62195,0.99685,0.00000,0.00100,0.00215
189.09000,0.62195,0.99950,0.00000,0.00029,0.00022
189.42000,0.62193,0.99932,0.00000,0.00031,0.00037
189.75000,0.62193,0.99920,0.00000,0.00030,0.00050
190.08000,0.62193,0.99981,0.00000,0.00003,0.00015
190.41000,0.62193,0.99922,0.00000,0.00041,0.00037
190.74001,0.62193,0.99995,0.00000,0.00003,0.00001
191.07001,0.62193,0.99928,0.00000,0.00034,0.00038
191.39999,0.62195,0.99770,0.00000,0.00085,0.00144
191.73000,0.62195,0.99645,0.00000,0.00097,0.00258
192.06000,0.62193,0.99631,0.00000,0.00136,0.00232
192.39000,0.62193,0.99706,0.00000,0.00078,0.00216
192.72000,0.62193,0.99965,0.00000,0.00011,0.00024
193.05000,0.62193,0.99962,0.00000,0.00022,0.00016
193.38000,0.62193,0.99972,0.00000,0.00014,0.00014
193.71001,0.62193,0.99959,0.00000,0.00019,0.00022
194.03999,0.62195,0.99947,0.00000,0.00040,0.00014
194.37000,0.62195,0.99957,0.00000,0.00023,0.00021
194.70000,0.62193,0.99711,0.00000,0.00077,0.00211
195.03000,0.62193,0.97992,0.00000,0.00335,0.01673
195.36000,0.62193,0.99922,0.00000,0.00030,0.00047
195.69000,0.62193,0.99987,0.00000,0.00009,0.00004
196.02000,0.62193,0.99984,0.00000,0.00012,0.00005
196.35001,0.62193,0.99829,0.00000,0.00061,0.00111
196.67999,0.62195,0.99743,0.00000,0.00088,0.00169
197.00999,0.62195,0.99930,0.00000,0.00035,0.00035
197.34000,0.62195,0.99926,0.00000,0.00043,0.00031
197.67000,0.62193,0.99862,0.00000,0.00062,0.00076
198.00000,0.62193,0.99865,0.00000,0.00066,0.00068
198.33000,0.62193,0.99927,0.00000,0.00033,0.00040
198.66000,0.62193,0.99975,0.00000,0.00014,0.00011
198.99001,0.62193,0.99932,0.00000,0.00044,0.00024
199.32001,0.62193,0.99571,0.00000,0.00080,0.00349
199.64999,0.62195,0.99806,0.00000,0.00067,0.00127
199.98000,0.62195,0.99396,0.00000,0.00169,0.00435
200.31000,0.62193,0.88756,0.00005,0.00573,0.10667
200.64000,0.62193,0.95344,0.00000,0.00133,0.04522
200.97000,0.62193,0.99698,0.00000,0.00225,0.00078
201.30000,0.62193,1.00000,0.00000,0.00000,0.00000
201.63000,0.62193,0.99999,0.00000,0.00000,0.00000
201.96001,0.62193,0.99998,0.00000,0.00001,0.00000
202.28999,0.62195,0.99963,0.00000,0.00024,0.00013
202.62000,0.62195,0.90207,0.00000,0.01349,0.08444
202.95000,0.62193,0.95183,0.00000,0.00656,0.04161
203.28000,0.62193,0.99930,0.00000,0.00039,0.00031
203.61000,0.62193,0.99984,0.00000,0.00009,0.00008
203.94000,0.62193,0.99996,0.00000,0.00003,0.00001
204.27000,0.62193,0.99999,0.00000,0.00001,0.00000
204.60001,0.62193,0.99995,0.00000,0.00003,0.00001
204.92999,0.62195,0.99995,0.00000,0.00004,0.00001
205.25999,0.62195,0.99991,0.00000,0.00006,0.00003
205.59000,0.62195,0.99986,0.00000,0.00009,0.00006
205.92000,0.62193,0.99989,0.00000,0.00007,0.00003
206.25000,0.62193,0.99997,0.00000,0.00002,0.00001
206.58000,0.62193,0.99924,0.00000,0.00033,0.00043
206.91000,0.62193,0.99944,0.00000,0.00024,0.00031
207.24001,0.62193,0.99886,0.00000,0.00037,0.00078
207.57001,0.62193,0.99702,0.00000,0.00155,0.00143
207.89999,0.62195,0.99950,0.00000,0.00027,0.00023
208.23000,0.62195,0.99993,0.00000,0.00000,0.00007
208.56000,0.62193,0.99594,0.00000,0.00141,0.00265
208.89000,0.62193,0.99989,0.00000,0.00006,0.00004
209.22000,0.62193,0.99981,0.00000,0.00010,0.00008
209.55000,0.62193,0.99962,0.00000,0.00020,0.00018
209.88000,0.62193,0.99944,0.00000,0.00025,0.00031
210.21001,0.62193,0.99971,0.00000,0.00009,0.00020
210.53999,0.62195,0.99903,0.00000,0.00036,0.00061
210.87000,0.62195,0.99783,0.00000,0.00081,0.00136
211.20000,0.62193,0.99816,0.00000,0.00107,0.00077
211.53000,0.62193,0.99828,0.00000,0.00087,0.00084
211.86000,0.62193,0.99948,0.00000,0.00024,0.00028
212.19000,0.62193,0.99984,0.00000,0.00011,0.00004
212.52000,0.62193,0.99941,0.00000,0.00037,0.00022
212.85001,0.62193,0.99735,0.00000,0.00082,0.00183
213.17999,0.62195,0.99957,0.00000,0.00022,0.00021
213.50999,0.62195,0.99991,0.00000,0.00006,0.00003
213.84000,0.62195,0.99997,0.00000,0.00002,0.00001
214.17000,0.62193,0.99974,0.00000,0.00013,0.00013
214.50000,0.62193,0.99988,0.00000,0.00008,0.00003
214.83000,0.62193,0.99766,0.00016,0.00155,0.00063
215.16000,0.62193,0.46552,0.52648,0.00000,0.00800
215.49001,0.62193,0.04760,0.95125,0.00000,0.00115
215.82001,0.62193,0.09822,0.89921,0.00000,0.00256
216.14999,0.62195,0.06087,0.93774,0.00000,0.00140
216.48000,0.62195,0.18557,0.80491,0.00000,0.00953
216.81000,0.62193,0.44738,0.52840,0.00000,0.02422
217.14000,0.62193,0.28989,0.70434,0.00000,0.00576
217.47000,0.62193,0.16382,0.83579,0.00000,0.00039
217.80000,0.62193,0.27012,0.72888,0.00000,0.00100
218.13000,0.62193,0.35378,0.64397,0.00000,0.00225
218.46001,0.62193,0.18822,0.81070,0.00000,0.00108
218.78999,0.62195,0.37355,0.61142,0.00000,0.01503
219.12000,0.62195,0.36717,0.61797,0.00000,0.01486
219.45000,0.62193,0.22605,0.76869,0.00000,0.00526
219.78000,0.62193,0.24276,0.75181,0.00000,0.00543
220.11000,0.62193,0.44016,0.55621,0.00000,0.00363
220.44000,0.62193,0.37423,0.62328,0.00000,0.00249
220.77000,0.62193,0.07350,0.92613,0.00000,0.00037
221.10001,0.62193,0.15053,0.84909,0.00000,0.00038
221.42999,0.62195,0.18085,0.81853,0.00000,0.00062
221.75999,0.62195,0.18451,0.81277,0.00000,0.00271
222.09000,0.62195,0.09352,0.90546,0.00000,0.00102
222.42000,0.62193,0.02465,0.97518,0.00000,0.00017
222.75000,0.62193,0.08314,0.91406,0.00000,0.00280
223.08000,0.62193,0.08266,0.85918,0.00000,0.05815
223.41000,0.62193,0.07006,0.92431,0.00000,0.00563
223.74001,0.62193,0.21815,0.76800,0.00000,0.01385
224.07001,0.62193,0.12893,0.82539,0.00000,0.04568
224.39999,0.62195,0.34418,0.59567,0.00000,0.06015
224.73000,0.62195,0.05909,0.90996,0.00000,0.03095
225.06000,0.62193,0.18526,0.66024,0.00000,0.15450
225.39000,0.62193,0.38541,0.46247,0.00001,0.15211
225.72000,0.62193,0.10198,0.76470,0.00000,0.13331
226.05000,0.62193,0.08778,0.49845,0.00001,0.41376
226.38000,0.62193,0.04074,0.94658,0.00000,0.01268
226.71001,0.62193,0.05256,0.92903,0.00000,0.01841
227.03999,0.62195,0.15856,0.81394,0.00000,0.02750
227.37000,0.62195,0.20364,0.79213,0.00000,0.00423
227.70000,0.62193,0.09384,0.90262,0.00000,0.00353
228.03000,0.62193,0.05671,0.94240,0.00000,0.00088
228.36000,0.62193,0.15712,0.83986,0.00000,0.00302
228.69000,0.62193,0.06818,0.93061,0.00000,0.00121
229.02000,0.62193,0.43132,0.55040,0.00000,0.01828
229.35001,0.62193,0.11048,0.86835,0.00000,0.02117
229.67999,0.62195,0.02388,0.97400,0.00000,0.00212
230.00999,0.62195,0.04708,0.95082,0.00000,0.00210
230.34000,0.62195,0.05920,0.93755,0.00000,0.00325
230.67000,0.62193,0.06428,0.92839,0.00000,0.00733
231.00000,0.62193,0.04020,0.95213,0.00000,0.00766
231.33000,0.62193,0.05053,0.94215,0.00000,0.00732
231.66000,0.62193,0.08543,0.91214,0.00000,0.00242
231.99001,0.62193,0.05710,0.93789,0.00000,0.00501
232.32001,0.62193,0.02706,0.97232,0.00000,0.00062
232.64999,0.62195,0.14637,0.85164,0.00000,0.00199
232.98000,0.62195,0.17215,0.82573,0.00000,0.00212
233.31000,0.62193,0.05798,0.94015,0.00000,0.00187
233.64000,0.62193,0.17319,0.82184,0.00000,0.00497
233.97000,0.62193,0.35818,0.62662,0.00000,0.01520
234.30000,0.62193,0.23679,0.73834,0.00000,0.02486
234.63000,0.62193,0.38034,0.61372,0.00000,0.00594
234.96001,0.62193,0.13691,0.85938,0.00000,0.00371
235.28999,0.62195,0.24744,0.74959,0.00000,0.00297
235.62000,0.62195,0.35213,0.64699,0.00000,0.00088
235.95000,0.62193,0.08250,0.91710,0.00000,0.00041
236.28000,0.62193,0.31738,0.67682,0.00000,0.00580
236.61000,0.62193,0.37558,0.62210,0.00000,0.00233
236.94000,0.62193,0.26057,0.73875,0.00000,0.00068
237.27000,0.62193,0.06257,0.93738,0.00000,0.00005
237.60001,0.62193,0.07997,0.91999,0.00000,0.00004
237.92999,0.62195,0.01492,0.98507,0.00000,0.00001
238.25999,0.62195,0.12682,0.86959,0.00000,0.00359
238.59000,0.62195,0.08660,0.89512,0.00000,0.01828
238.92000,0.62193,0.25787,0.73642,0.00000,0.00571
239.25000,0.62193,0.32408,0.67112,0.00000,0.00480
239.58000,0.62193,0.04384,0.95507,0.00000,0.00109
239.91000,0.62193,0.10134,0.88953,0.00000,0.00913
240.24001,0.62193,0.23944,0.71560,0.00000,0.04496
240.57001,0.62193,0.35472,0.60714,0.00000,0.03814
240.89999,0.62195,0.56955,0.42345,0.00000,0.00699
241.23000,0.62195,0.13423,0.86565,0.00000,0.00012
241.56000,0.62193,0.23626,0.76359,0.00000,0.00015
241.89000,0.62193,0.34157,0.65220,0.00000,0.00623
242.22000,0.62193,0.31003,0.66385,0.00000,0.02611
242.55000,0.62193,0.14297,0.82285,0.00000,0.03418
242.88000,0.62193,0.16506,0.79367,0.00000,0.04127
243.21001,0.62193,0.14722,0.84496,0.00000,0.00783
243.53999,0.62195,0.16020,0.80667,0.00000,0.03313
243.87000,0.62195,0.08502,0.86872,0.00000,0.04626
244.20000,0.62193,0.18359,0.49697,0.00001,0.31942
244.53000,0.62193,0.43295,0.49736,0.00000,0.06968
