Time (seconds),Length,f0
0,0.25,477.68115234375
0.015625,0.25,477.6796875
0.03125,0.25,477.6794738769531
0.046875,0.25,477.67974853515625
0.0625,0.25,477.67938232421875
0.078125,0.25,477.6797790527344
0.09375,0.25,477.67962646484375
0.109375,0.25,477.6791076660156
0.125,0.25,477.6791687011719
0.140625,0.25,477.6793212890625
0.15625,0.25,477.67913818359375
0.171875,0.25,477.67889404296875
0.1875,0.25,477.6787109375
0.203125,0.25,477.6793518066406
0.21875,0.25,477.6796875
0.234375,0.25,477.6795654296875
0.25,0.25,477.679443359375
0.265625,0.25,477.67999267578125
0.28125,0.25,477.67987060546875
0.296875,0.25,477.679443359375
0.3125,0.25,477.6793518066406
0.328125,0.25,477.6789855957031
0.34375,0.25,477.67938232421875
0.359375,0.25,477.6800231933594
0.375,0.25,477.68011474609375
0.390625,0.25,477.67999267578125
0.40625,0.25,477.6794738769531
0.421875,0.25,477.67987060546875
0.4375,0.25,477.679931640625
0.453125,0.25,477.6792907714844
0.46875,0.25,477.6792297363281
0.484375,0.25,477.68011474609375
0.5,0.25,477.679931640625
0.515625,0.25,477.6800842285156
0.53125,0.25,477.6807556152344
0.546875,0.25,477.6804504394531
0.5625,0.25,477.6806640625
0.578125,0.25,477.68072509765625
0.59375,0.25,477.68017578125
0.609375,0.25,477.68023681640625
0.625,0.25,477.6799011230469
0.640625,0.25,477.6802062988281
0.65625,0.25,477.68133544921875
0.671875,0.25,477.6813049316406
0.6875,0.25,477.68145751953125
0.703125,0.25,477.6814880371094
0.71875,0.25,477.6809997558594
0.734375,0.25,477.68035888671875
0.75,0.25,477.6799621582031
0.765625,0.25,477.6799621582031
0.78125,0.25,477.679443359375
0.796875,0.25,477.6794128417969
0.8125,0.25,477.67962646484375
0.828125,0.25,477.67962646484375
0.84375,0.25,477.67999267578125
0.859375,0.25,477.6794738769531
0.875,0.25,477.6792297363281
0.890625,0.25,477.6790771484375
0.90625,0.25,477.6787414550781
0.921875,0.25,477.6788635253906
0.9375,0.25,477.6790466308594
0.953125,0.25,477.67974853515625
0.96875,0.25,477.6800231933594
0.984375,0.25,477.6806640625
1,0.25,477.68084716796875
1.015625,0.25,477.68115234375
1.03125,0.25,477.68170166015625
1.046875,0.25,477.68170166015625
1.0625,0.25,477.68194580078125
1.078125,0.25,477.6826171875
1.09375,0.25,477.6829528808594
1.109375,0.25,477.6829528808594
1.125,0.25,477.68353271484375
1.140625,0.25,477.68426513671875
1.15625,0.25,477.6848449707031
1.171875,0.25,477.68499755859375
1.1875,0.25,477.68536376953125
1.203125,0.25,477.6855163574219
1.21875,0.25,477.6856384277344
1.234375,0.25,477.685302734375
1.25,0.25,477.685791015625
1.265625,0.25,477.6848449707031
1.28125,0.25,477.6842956542969
1.296875,0.25,477.6850891113281
1.3125,0.25,477.6850891113281
1.328125,0.25,477.6849670410156
1.34375,0.25,477.68463134765625
1.359375,0.25,477.6845397949219
1.375,0.25,477.68499755859375
1.390625,0.25,477.68499755859375
1.40625,0.25,477.684814453125
1.421875,0.25,477.6846923828125
1.4375,0.25,477.6845397949219
1.453125,0.25,477.68402099609375
1.46875,0.25,477.6841125488281
1.484375,0.25,477.6839294433594
1.5,0.25,477.68328857421875
1.515625,0.25,477.6842041015625
1.53125,0.25,477.685302734375
1.546875,0.25,477.6852111816406
1.5625,0.25,477.6846923828125
1.578125,0.25,477.68365478515625
1.59375,0.25,477.6839294433594
1.609375,0.25,477.6847229003906
1.625,0.25,477.6852111816406
1.640625,0.25,477.6849060058594
1.65625,0.25,477.6845703125
1.671875,0.25,477.68463134765625
1.6875,0.25,477.68463134765625
1.703125,0.25,477.6849060058594
1.71875,0.25,477.6846923828125
1.734375,0.25,477.6847839355469
1.75,0.25,477.6855773925781
1.765625,0.25,477.6853332519531
1.78125,0.25,477.68487548828125
1.796875,0.25,477.6847839355469
1.8125,0.25,477.6854553222656
1.828125,0.25,477.6863708496094
1.84375,0.25,477.6862487792969
1.859375,0.25,477.68621826171875
1.875,0.25,477.6853942871094
1.890625,0.25,477.6853942871094
1.90625,0.25,477.6856994628906
1.921875,0.25,477.6860656738281
1.9375,0.25,477.68621826171875
1.953125,0.25,477.6861267089844
1.96875,0.25,477.68585205078125
1.984375,0.25,477.68621826171875
2,0.25,477.6861877441406
2.015625,0.25,477.6861572265625
2.03125,0.25,477.6860656738281
2.046875,0.25,477.68609619140625
2.0625,0.25,477.68621826171875
2.078125,0.25,477.68658447265625
2.09375,0.25,477.6869201660156
2.109375,0.25,477.6868896484375
2.125,0.25,477.687255859375
2.140625,0.25,477.6883544921875
2.15625,0.25,477.68853759765625
2.171875,0.25,477.68798828125
2.1875,0.25,477.6884460449219
2.203125,0.25,477.68865966796875
2.21875,0.25,477.68927001953125
2.234375,0.25,477.6894836425781
2.25,0.25,477.68890380859375
2.265625,0.25,477.6892395019531
2.28125,0.25,477.68902587890625
2.296875,0.25,477.6888122558594
2.3125,0.25,477.68902587890625
2.328125,0.25,477.6890869140625
2.34375,0.25,477.6884460449219
2.359375,0.25,477.6884460449219
2.375,0.25,477.6883544921875
2.390625,0.25,477.6875915527344
2.40625,0.25,477.6876525878906
2.421875,0.25,477.6879577636719
2.4375,0.25,477.6874694824219
2.453125,0.25,477.687255859375
2.46875,0.25,477.6873474121094
2.484375,0.25,477.6873779296875
2.5,0.25,477.6876525878906
2.515625,0.25,477.6873474121094
2.53125,0.25,477.6877136230469
2.546875,0.25,477.68817138671875
2.5625,0.25,477.6882019042969
2.578125,0.25,477.68798828125
2.59375,0.25,477.6884460449219
2.609375,0.25,477.6884460449219
2.625,0.25,477.6883544921875
2.640625,0.25,477.6886291503906
2.65625,0.25,477.6887512207031
2.671875,0.25,477.68902587890625
2.6875,0.25,477.6890869140625
2.703125,0.25,477.68951416015625
2.71875,0.25,477.68975830078125
2.734375,0.25,477.6895446777344
2.75,0.25,477.6902770996094
2.765625,0.25,477.69036865234375
2.78125,0.25,477.6904602050781
2.796875,0.25,477.6904296875
2.8125,0.25,477.6904602050781
2.828125,0.25,477.69140625
2.84375,0.25,477.6911926269531
2.859375,0.25,477.6913146972656
2.875,0.25,477.6920471191406
2.890625,0.25,477.6912841796875
2.90625,0.25,477.691650390625
2.921875,0.25,477.6915283203125
2.9375,0.25,477.6917724609375
2.953125,0.25,477.6919250488281
2.96875,0.25,477.6919250488281
2.984375,0.25,477.6924133300781
3,0.25,477.69232177734375
3.015625,0.25,477.69171142578125
3.03125,0.25,477.6919860839844
3.046875,0.25,477.6922912597656
3.0625,0.25,477.6918640136719
3.078125,0.25,477.69122314453125
3.09375,0.25,477.69146728515625
3.109375,0.25,477.6914978027344
3.125,0.25,477.6911315917969
3.140625,0.25,477.69183349609375
3.15625,0.25,477.6917724609375
3.171875,0.25,477.6919860839844
3.1875,0.25,477.6920471191406
3.203125,0.25,477.6919860839844
3.21875,0.25,477.6919860839844
3.234375,0.25,477.6919860839844
3.25,0.25,477.69146728515625
3.265625,0.25,477.69232177734375
3.28125,0.25,477.6918029785156
3.296875,0.25,477.6914367675781
3.3125,0.25,477.69207763671875
3.328125,0.25,477.6915283203125
3.34375,0.25,477.69171142578125
3.359375,0.25,477.6913757324219
3.375,0.25,477.6913146972656
3.390625,0.25,477.6908874511719
3.40625,0.25,477.6905822753906
3.421875,0.25,477.6903381347656
3.4375,0.25,477.6902770996094
3.453125,0.25,477.6905822753906
3.46875,0.25,477.6903076171875
3.484375,0.25,477.69061279296875
3.5,0.25,477.6906433105469
3.515625,0.25,477.69049072265625
3.53125,0.25,477.6905212402344
3.546875,0.25,477.6903076171875
3.5625,0.25,477.6902770996094
3.578125,0.25,477.6907653808594
3.59375,0.25,477.69146728515625
3.609375,0.25,477.6920471191406
3.625,0.25,477.6924133300781
3.640625,0.25,477.69232177734375
3.65625,0.25,477.6925964355469
3.671875,0.25,477.6927490234375
3.6875,0.25,477.6925354003906
3.703125,0.25,477.69305419921875
3.71875,0.25,477.6936340332031
3.734375,0.25,477.6933898925781
3.75,0.25,477.6935119628906
3.765625,0.25,477.6940612792969
3.78125,0.25,477.6947021484375
3.796875,0.25,477.6954650878906
3.8125,0.25,477.6956787109375
3.828125,0.25,477.6962890625
3.84375,0.25,477.6954345703125
3.859375,0.25,477.69512939453125
3.875,0.25,477.6947326660156
3.890625,0.25,477.6956481933594
3.90625,0.25,477.6960754394531
3.921875,0.25,477.6957092285156
3.9375,0.25,477.69622802734375
3.953125,0.25,477.6960144042969
3.96875,0.25,477.69561767578125
3.984375,0.25,477.6954650878906
4,0.25,477.6953125
4.015625,0.25,477.6950378417969
4.03125,0.25,477.6947021484375
4.046875,0.25,477.6942138671875
4.0625,0.25,477.6938781738281
4.078125,0.25,477.6932678222656
4.09375,0.25,477.694091796875
4.109375,0.25,477.6944274902344
4.125,0.25,477.69427490234375
4.140625,0.25,477.6937255859375
4.15625,0.25,477.69354248046875
4.171875,0.25,477.6941833496094
4.1875,0.25,477.6944580078125
4.203125,0.25,477.6940612792969
4.21875,0.25,477.6941223144531
4.234375,0.25,477.6943664550781
4.25,0.25,477.6946716308594
4.265625,0.25,477.6939697265625
4.28125,0.25,477.6941833496094
4.296875,0.25,477.6941223144531
4.3125,0.25,477.6939697265625
4.328125,0.25,477.6943359375
4.34375,0.25,477.6937255859375
4.359375,0.25,477.69354248046875
4.375,0.25,477.6934814453125
4.390625,0.25,477.6939697265625
4.40625,0.25,477.69427490234375
4.421875,0.25,477.6943664550781
4.4375,0.25,477.69390869140625
4.453125,0.25,477.6936340332031
4.46875,0.25,477.6937561035156
4.484375,0.25,477.69354248046875
4.5,0.25,477.6939392089844
4.515625,0.25,477.694580078125
4.53125,0.25,477.69439697265625
4.546875,0.25,477.6946716308594
4.5625,0.25,477.6955261230469
4.578125,0.25,477.6957092285156
4.59375,0.25,477.6960754394531
4.609375,0.25,477.69622802734375
4.625,0.25,477.6961364746094
4.640625,0.25,477.6960144042969
4.65625,0.25,477.6954345703125
4.671875,0.25,477.69500732421875
4.6875,0.25,477.6949768066406
4.703125,0.25,477.69561767578125
4.71875,0.25,477.6956787109375
4.734375,0.25,477.69586181640625
4.75,0.25,477.6958312988281
4.765625,0.25,477.69586181640625
4.78125,0.25,477.6967468261719
4.796875,0.25,477.6974182128906
4.8125,0.25,477.6966552734375
4.828125,0.25,477.6963806152344
4.84375,0.25,477.69677734375
4.859375,0.25,477.69683837890625
4.875,0.25,477.6970520019531
4.890625,0.25,477.6972961425781
4.90625,0.25,477.6975402832031
4.921875,0.25,477.69818115234375
4.9375,0.25,477.698486328125
4.953125,0.25,477.69854736328125
4.96875,0.25,477.698974609375
4.984375,0.25,477.6991271972656
5,0.25,477.6990661621094
5.015625,0.25,477.6992492675781
5.03125,0.25,477.6988220214844
5.046875,0.25,477.6983337402344
5.0625,0.25,477.69854736328125
5.078125,0.25,477.6988525390625
5.09375,0.25,477.6981506347656
5.109375,0.25,477.6983947753906
5.125,0.25,477.6990661621094
5.140625,0.25,477.69891357421875
5.15625,0.25,477.6989440917969
5.171875,0.25,477.6987609863281
5.1875,0.25,477.6986083984375
5.203125,0.25,477.6983947753906
5.21875,0.25,477.69805908203125
5.234375,0.25,477.6980895996094
5.25,0.25,477.6979675292969
5.265625,0.25,477.6981201171875
5.28125,0.25,477.6985168457031
5.296875,0.25,477.6988525390625
5.3125,0.25,477.7001037597656
5.328125,0.25,477.69976806640625
5.34375,0.25,477.7002258300781
5.359375,0.25,477.70001220703125
5.375,0.25,477.7000732421875
5.390625,0.25,477.7000732421875
5.40625,0.25,477.6994934082031
5.421875,0.25,477.6993408203125
5.4375,0.25,477.69927978515625
5.453125,0.25,477.6994323730469
5.46875,0.25,477.6987609863281
5.484375,0.25,477.69854736328125
5.5,0.25,477.6985778808594
5.515625,0.25,477.6980285644531
5.53125,0.25,477.6974792480469
5.546875,0.25,477.6968688964844
5.5625,0.25,477.69622802734375
5.578125,0.25,477.69647216796875
5.59375,0.25,477.6967468261719
5.609375,0.25,477.6969299316406
5.625,0.25,477.696533203125
5.640625,0.25,477.69622802734375
5.65625,0.25,477.697021484375
5.671875,0.25,477.6972961425781
5.6875,0.25,477.6978454589844
5.703125,0.25,477.69744873046875
5.71875,0.25,477.6981506347656
5.734375,0.25,477.69830322265625
5.75,0.25,477.6991271972656
5.765625,0.25,477.69921875
5.78125,0.25,477.69940185546875
5.796875,0.25,477.6999206542969
5.8125,0.25,477.69952392578125
5.828125,0.25,477.69970703125
5.84375,0.25,477.70025634765625
5.859375,0.25,477.69989013671875
5.875,0.25,477.69970703125
5.890625,0.25,477.7003173828125
5.90625,0.25,477.700439453125
5.921875,0.25,477.7002868652344
5.9375,0.25,477.6997375488281
5.953125,0.25,477.6998596191406
5.96875,0.25,477.6994323730469
5.984375,0.25,477.6994323730469
6,0.25,477.6982421875
6.015625,0.25,477.6983947753906
6.03125,0.25,477.69818115234375
6.046875,0.25,477.6980285644531
6.0625,0.25,477.6979064941406
6.078125,0.25,477.6979675292969
6.09375,0.25,477.6969909667969
6.109375,0.25,477.6974792480469
6.125,0.25,477.6969299316406
6.140625,0.25,477.6965026855469
6.15625,0.25,477.69635009765625
6.171875,0.25,477.6958923339844
6.1875,0.25,477.6964111328125
6.203125,0.25,477.696533203125
6.21875,0.25,477.6966552734375
6.234375,0.25,477.696044921875
6.25,0.25,477.6965637207031
6.265625,0.25,477.6964111328125
6.28125,0.25,477.69671630859375
6.296875,0.25,477.6969299316406
6.3125,0.25,477.69732666015625
6.328125,0.25,477.6968688964844
6.34375,0.25,477.6966857910156
6.359375,0.25,477.6970520019531
6.375,0.25,477.6978759765625
6.390625,0.25,477.698486328125
6.40625,0.25,477.6981201171875
6.421875,0.25,477.6988830566406
6.4375,0.25,477.6990966796875
6.453125,0.25,477.698974609375
6.46875,0.25,477.6988525390625
6.484375,0.25,477.6990051269531
6.5,0.25,477.6986083984375
6.515625,0.25,477.6986389160156
6.53125,0.25,477.69921875
6.546875,0.25,477.6994323730469
6.5625,0.25,477.6993103027344
6.578125,0.25,477.6990966796875
6.59375,0.25,477.6993713378906
6.609375,0.25,477.69891357421875
6.625,0.25,477.6988220214844
6.640625,0.25,477.6986999511719
6.65625,0.25,477.6995849609375
6.671875,0.25,477.69921875
6.6875,0.25,477.6984558105469
6.703125,0.25,477.6991271972656
6.71875,0.25,477.6994323730469
6.734375,0.25,477.6996765136719
6.75,0.25,477.69976806640625
6.765625,0.25,477.7003479003906
6.78125,0.25,477.69964599609375
6.796875,0.25,477.6991882324219
6.8125,0.25,477.6986083984375
6.828125,0.25,477.6990661621094
6.84375,0.25,477.6993103027344
6.859375,0.25,477.6991271972656
6.875,0.25,477.6995849609375
6.890625,0.25,477.6995849609375
6.90625,0.25,477.69940185546875
6.921875,0.25,477.69940185546875
6.9375,0.25,477.70037841796875
6.953125,0.25,477.7003479003906
6.96875,0.25,477.7007751464844
6.984375,0.25,477.7010803222656
7,0.25,477.7013244628906
7.015625,0.25,477.70159912109375
7.03125,0.25,477.70184326171875
7.046875,0.25,477.7015075683594
7.0625,0.25,477.7019958496094
7.078125,0.25,477.70172119140625
7.09375,0.25,477.7022399902344
7.109375,0.25,477.7027893066406
7.125,0.25,477.70233154296875
7.140625,0.25,477.7020568847656
7.15625,0.25,477.7012939453125
7.171875,0.25,477.7015075683594
7.1875,0.25,477.7013854980469
7.203125,0.25,477.70147705078125
7.21875,0.25,477.70147705078125
7.234375,0.25,477.7015686035156
7.25,0.25,477.70135498046875
7.265625,0.25,477.7012939453125
7.28125,0.25,477.70159912109375
7.296875,0.25,477.7021484375
7.3125,0.25,477.70257568359375
7.328125,0.25,477.7026672363281
7.34375,0.25,477.7018127441406
7.359375,0.25,477.70147705078125
7.375,0.25,477.7020263671875
7.390625,0.25,477.70196533203125
7.40625,0.25,477.7026062011719
7.421875,0.25,477.7025146484375
7.4375,0.25,477.7023010253906
7.453125,0.25,477.7018737792969
7.46875,0.25,477.7018737792969
7.484375,0.25,477.7016296386719
7.5,0.25,477.7020568847656
7.515625,0.25,477.7016296386719
7.53125,0.25,477.70098876953125
7.546875,0.25,477.7008972167969
7.5625,0.25,477.7004699707031
7.578125,0.25,477.70025634765625
7.59375,0.25,477.7001953125
7.609375,0.25,477.7002258300781
7.625,0.25,477.7001953125
7.640625,0.25,477.6996154785156
7.65625,0.25,477.6988525390625
7.671875,0.25,477.6997375488281
7.6875,0.25,477.6991882324219
7.703125,0.25,477.6988830566406
7.71875,0.25,477.6988525390625
7.734375,0.25,477.6999206542969
7.75,0.25,477.6993408203125
7.765625,0.25,477.6995544433594
7.78125,0.25,477.6998291015625
7.796875,0.25,477.69964599609375
7.8125,0.25,477.6997375488281
7.828125,0.25,477.7001647949219
7.84375,0.25,477.7003479003906
7.859375,0.25,477.6999816894531
7.875,0.25,477.6998291015625
7.890625,0.25,477.70037841796875
7.90625,0.25,477.70074462890625
7.921875,0.25,477.7001037597656
7.9375,0.25,477.6999816894531
7.953125,0.25,477.70062255859375
7.96875,0.25,477.7003479003906
7.984375,0.25,477.699462890625
8,0.25,477.7000427246094
8.015625,0.25,477.7002258300781
8.03125,0.25,477.6999816894531
8.046875,0.25,477.70123291015625
8.0625,0.25,477.7010803222656
8.078125,0.25,477.70111083984375
8.09375,0.25,477.7012939453125
8.109375,0.25,477.7014465332031
8.125,0.25,477.7012023925781
8.140625,0.25,477.7012023925781
8.15625,0.25,477.70166015625
8.171875,0.25,477.70208740234375
8.1875,0.25,477.70257568359375
8.203125,0.25,477.7028503417969
8.21875,0.25,477.70330810546875
8.234375,0.25,477.7037048339844
8.25,0.25,477.7035827636719
8.265625,0.25,477.70379638671875
8.28125,0.25,477.7040710449219
8.296875,0.25,477.7031555175781
8.3125,0.25,477.7039489746094
8.328125,0.25,477.7042236328125
8.34375,0.25,477.7040710449219
8.359375,0.25,477.7049865722656
8.375,0.25,477.705078125
8.390625,0.25,477.7051696777344
8.40625,0.25,477.7053527832031
8.421875,0.25,477.70550537109375
8.4375,0.25,477.7061462402344
8.453125,0.25,477.70538330078125
8.46875,0.25,477.70501708984375
8.484375,0.25,477.704833984375
8.5,0.25,477.70501708984375
8.515625,0.25,477.7046203613281
8.53125,0.25,477.70477294921875
8.546875,0.25,477.7046203613281
8.5625,0.25,477.7033996582031
8.578125,0.25,477.7037048339844
8.59375,0.25,477.7043762207031
8.609375,0.25,477.7037658691406
8.625,0.25,477.70458984375
8.640625,0.25,477.70477294921875
8.65625,0.25,477.7046813964844
8.671875,0.25,477.7043151855469
8.6875,0.25,477.7038269042969
8.703125,0.25,477.7042236328125
8.71875,0.25,477.7042541503906
8.734375,0.25,477.70452880859375
8.75,0.25,477.7051696777344
8.765625,0.25,477.7052001953125
8.78125,0.25,477.7054748535156
8.796875,0.25,477.7057800292969
8.8125,0.25,477.7071838378906
8.828125,0.25,477.70751953125
8.84375,0.25,477.7070617675781
8.859375,0.25,477.7071228027344
8.875,0.25,477.7061767578125
8.890625,0.25,477.7061462402344
8.90625,0.25,477.7060852050781
8.921875,0.25,477.7062072753906
8.9375,0.25,477.7065734863281
8.953125,0.25,477.70721435546875
8.96875,0.25,477.7078552246094
8.984375,0.25,477.7071838378906
9,0.25,477.70660400390625
9.015625,0.25,477.7074279785156
9.03125,0.25,477.706787109375
9.046875,0.25,477.7071228027344
9.0625,0.25,477.70654296875
9.078125,0.25,477.7060852050781
9.09375,0.25,477.7062683105469
9.109375,0.25,477.7065734863281
9.125,0.25,477.70697021484375
9.140625,0.25,477.70745849609375
9.15625,0.25,477.7075500488281
9.171875,0.25,477.7077331542969
9.1875,0.25,477.7078552246094
9.203125,0.25,477.7081298828125
9.21875,0.25,477.7082214355469
9.234375,0.25,477.70843505859375
9.25,0.25,477.7088317871094
9.265625,0.25,477.7086486816406
9.28125,0.25,477.70904541015625
9.296875,0.25,477.708984375
9.3125,0.25,477.709228515625
9.328125,0.25,477.7094421386719
9.34375,0.25,477.7093505859375
9.359375,0.25,477.7094421386719
9.375,0.25,477.7091979980469
9.390625,0.25,477.708984375
9.40625,0.25,477.7092590332031
9.421875,0.25,477.7087707519531
9.4375,0.25,477.7083435058594
9.453125,0.25,477.7073974609375
9.46875,0.25,477.70709228515625
9.484375,0.25,477.70709228515625
9.5,0.25,477.70684814453125
9.515625,0.25,477.70648193359375
9.53125,0.25,477.7060852050781
9.546875,0.25,477.7059631347656
9.5625,0.25,477.7053527832031
9.578125,0.25,477.7054443359375
9.59375,0.25,477.7056579589844
9.609375,0.25,477.7053527832031
9.625,0.25,477.7056884765625
9.640625,0.25,477.7057189941406
9.65625,0.25,477.7060852050781
9.671875,0.25,477.70654296875
9.6875,0.25,477.70697021484375
9.703125,0.25,477.70721435546875
9.71875,0.25,477.70770263671875
9.734375,0.25,477.7080993652344
9.75,0.25,477.708251953125
9.765625,0.25,477.70867919921875
9.78125,0.25,477.70880126953125
9.796875,0.25,477.70855712890625
9.8125,0.25,477.7094421386719
9.828125,0.25,477.70916748046875
9.84375,0.25,477.7090759277344
9.859375,0.25,477.7099914550781
9.875,0.25,477.7099609375
9.890625,0.25,477.7099304199219
9.90625,0.25,477.7095031738281
9.921875,0.25,477.70916748046875
9.9375,0.25,477.7093200683594
9.953125,0.25,477.7091369628906
9.96875,0.25,477.70904541015625
9.984375,0.25,477.7086486816406
10,0.25,477.7085876464844
10.015625,0.25,477.7081604003906
10.03125,0.25,477.7088623046875
10.046875,0.25,477.7088623046875
10.0625,0.25,477.7083740234375
10.078125,0.25,477.70794677734375
10.09375,0.25,477.70770263671875
10.109375,0.25,477.7065124511719
10.125,0.25,477.7066345214844
10.140625,0.25,477.7064208984375
10.15625,0.25,477.7065124511719
10.171875,0.25,477.70684814453125
10.1875,0.25,477.70660400390625
10.203125,0.25,477.7066650390625
10.21875,0.25,477.7062683105469
10.234375,0.25,477.7063903808594
10.25,0.25,477.7060546875
10.265625,0.25,477.70562744140625
10.28125,0.25,477.7062683105469
10.296875,0.25,477.7065734863281
10.3125,0.25,477.70654296875
10.328125,0.25,477.70709228515625
10.34375,0.25,477.70684814453125
10.359375,0.25,477.7073059082031
10.375,0.25,477.7074279785156
10.390625,0.25,477.7077941894531
10.40625,0.25,477.70794677734375
10.421875,0.25,477.70794677734375
10.4375,0.25,477.7077331542969
10.453125,0.25,477.7078857421875
10.46875,0.25,477.708251953125
10.484375,0.25,477.7081298828125
10.5,0.25,477.70831298828125
10.515625,0.25,477.7090759277344
10.53125,0.25,477.70819091796875
10.546875,0.25,477.7081604003906
10.5625,0.25,477.7082214355469
10.578125,0.25,477.708251953125
10.59375,0.25,477.70880126953125
10.609375,0.25,477.7093811035156
10.625,0.25,477.7095642089844
10.640625,0.25,477.70977783203125
10.65625,0.25,477.7098388671875
10.671875,0.25,477.70953369140625
10.6875,0.25,477.70977783203125
10.703125,0.25,477.7100524902344
10.71875,0.25,477.7098083496094
10.734375,0.25,477.7107238769531
10.75,0.25,477.7107238769531
10.765625,0.25,477.7101745605469
10.78125,0.25,477.710693359375
10.796875,0.25,477.7103576660156
10.8125,0.25,477.7105407714844
10.828125,0.25,477.71026611328125
10.84375,0.25,477.710205078125
10.859375,0.25,477.70953369140625
10.875,0.25,477.70947265625
10.890625,0.25,477.70892333984375
10.90625,0.25,477.7084655761719
10.921875,0.25,477.7087097167969
10.9375,0.25,477.7086486816406
10.953125,0.25,477.70892333984375
10.96875,0.25,477.7090148925781
10.984375,0.25,477.7086486816406
11,0.25,477.70916748046875
11.015625,0.25,477.71002197265625
11.03125,0.25,477.70953369140625
11.046875,0.25,477.7103271484375
11.0625,0.25,477.710205078125
11.078125,0.25,477.7109375
11.09375,0.25,477.7109680175781
11.109375,0.25,477.7112121582031
11.125,0.25,477.71136474609375
11.140625,0.25,477.71124267578125
11.15625,0.25,477.7112121582031
11.171875,0.25,477.71124267578125
11.1875,0.25,477.71142578125
11.203125,0.25,477.7109069824219
11.21875,0.25,477.7109375
11.234375,0.25,477.7111511230469
11.25,0.25,477.711181640625
11.265625,0.25,477.7103576660156
11.28125,0.25,477.7102966308594
11.296875,0.25,477.7095642089844
11.3125,0.25,477.71014404296875
11.328125,0.25,477.7097473144531
11.34375,0.25,477.70989990234375
11.359375,0.25,477.7102966308594
11.375,0.25,477.7096252441406
11.390625,0.25,477.7101135253906
11.40625,0.25,477.7104797363281
11.421875,0.25,477.7100524902344
11.4375,0.25,477.7099914550781
11.453125,0.25,477.71002197265625
11.46875,0.25,477.7103271484375
11.484375,0.25,477.71026611328125
11.5,0.25,477.71038818359375
11.515625,0.25,477.7113952636719
11.53125,0.25,477.7117614746094
11.546875,0.25,477.71258544921875
11.5625,0.25,477.71234130859375
11.578125,0.25,477.71246337890625
11.59375,0.25,477.7131042480469
11.609375,0.25,477.7129211425781
11.625,0.25,477.7142333984375
11.640625,0.25,477.7145690917969
11.65625,0.25,477.7144775390625
11.671875,0.25,477.7150573730469
11.6875,0.25,477.71502685546875
11.703125,0.25,477.7156677246094
11.71875,0.25,477.7153625488281
11.734375,0.25,477.7153015136719
11.75,0.25,477.71514892578125
11.765625,0.25,477.7144470214844
11.78125,0.25,477.7142639160156
11.796875,0.25,477.7139892578125
11.8125,0.25,477.7140808105469
11.828125,0.25,477.7138366699219
11.84375,0.25,477.71295166015625
11.859375,0.25,477.713134765625
11.875,0.25,477.7124938964844
11.890625,0.25,477.71246337890625
11.90625,0.25,477.71258544921875
11.921875,0.25,477.7125244140625
11.9375,0.25,477.7122802734375
11.953125,0.25,477.71221923828125
11.96875,0.25,477.71295166015625
11.984375,0.25,477.71417236328125
12,0.25,477.7146911621094
12.015625,0.25,477.71514892578125
12.03125,0.25,477.7149658203125
12.046875,0.25,477.7142639160156
12.0625,0.25,477.7134704589844
12.078125,0.25,477.71307373046875
12.09375,0.25,477.7132263183594
12.109375,0.25,477.71331787109375
12.125,0.25,477.7130432128906
12.140625,0.25,477.71270751953125
12.15625,0.25,477.7123107910156
12.171875,0.25,477.71240234375
12.1875,0.25,477.7131042480469
12.203125,0.25,477.71319580078125
12.21875,0.25,477.7124328613281
12.234375,0.25,477.7113952636719
12.25,0.25,477.7106628417969
12.265625,0.25,477.7104797363281
12.28125,0.25,477.7109375
12.296875,0.25,477.7113037109375
12.3125,0.25,477.7118225097656
12.328125,0.25,477.7122497558594
12.34375,0.25,477.7124328613281
12.359375,0.25,477.7116394042969
12.375,0.25,477.7122497558594
12.390625,0.25,477.7125244140625
12.40625,0.25,477.7127380371094
12.421875,0.25,477.7127990722656
12.4375,0.25,477.712158203125
12.453125,0.25,477.7112121582031
12.46875,0.25,477.7095031738281
12.484375,0.25,477.7074279785156
12.5,0.25,477.7042236328125
12.515625,0.25,477.7000427246094
12.53125,0.25,477.69464111328125
12.546875,0.25,477.68780517578125
12.5625,0.25,477.6800842285156
12.578125,0.25,477.6706848144531
12.59375,0.25,477.65924072265625
12.609375,0.25,477.6498718261719
12.625,0.25,477.64129638671875
12.640625,0.25,477.6348571777344
12.65625,0.25,477.6304016113281
12.671875,0.25,477.6258239746094
12.6875,0.25,477.62274169921875
12.703125,0.25,477.6202697753906
12.71875,0.25,477.6191711425781
12.734375,0.25,477.6193542480469
12.75,0.25,477.6207580566406
12.765625,0.25,477.62335205078125
12.78125,0.25,477.6272888183594
12.796875,0.25,477.6339111328125
12.8125,0.25,477.64068603515625
12.828125,0.25,477.6488952636719
12.84375,0.25,477.659423828125
12.859375,0.25,477.6678771972656
12.875,0.25,477.6753845214844
12.890625,0.25,477.68060302734375
12.90625,0.25,477.6846618652344
12.921875,0.25,477.68878173828125
12.9375,0.25,477.69207763671875
12.953125,0.25,477.6953430175781
12.96875,0.25,477.6983642578125
12.984375,0.25,477.70062255859375
13,0.25,477.7026062011719
13.015625,0.25,477.7042541503906
13.03125,0.25,477.7060852050781
13.046875,0.25,477.70709228515625
13.0625,0.25,477.70892333984375
13.078125,0.25,477.710693359375
13.09375,0.25,477.7120056152344
13.109375,0.25,477.7134094238281
13.125,0.25,477.7139587402344
13.140625,0.25,477.7156982421875
13.15625,0.25,477.7170104980469
13.171875,0.25,477.71783447265625
13.1875,0.25,477.7186279296875
13.203125,0.25,477.71905517578125
13.21875,0.25,477.71868896484375
13.234375,0.25,477.71905517578125
13.25,0.25,477.7195129394531
13.265625,0.25,477.7195129394531
13.28125,0.25,477.7195739746094
13.296875,0.25,477.7198181152344
13.3125,0.25,477.7200927734375
13.328125,0.25,477.7196960449219
13.34375,0.25,477.7197265625
13.359375,0.25,477.720458984375
13.375,0.25,477.7209777832031
13.390625,0.25,477.7209777832031
13.40625,0.25,477.7211608886719
13.421875,0.25,477.7215576171875
13.4375,0.25,477.721923828125
13.453125,0.25,477.7223815917969
13.46875,0.25,477.7234191894531
13.484375,0.25,477.7231140136719
13.5,0.25,477.7229919433594
13.515625,0.25,477.7230224609375
13.53125,0.25,477.72271728515625
13.546875,0.25,477.72314453125
13.5625,0.25,477.7237548828125
13.578125,0.25,477.72381591796875
13.59375,0.25,477.7243347167969
13.609375,0.25,477.72418212890625
13.625,0.25,477.7240905761719
13.640625,0.25,477.724365234375
13.65625,0.25,477.7243957519531
13.671875,0.25,477.7238464355469
13.6875,0.25,477.7231750488281
13.703125,0.25,477.7230224609375
13.71875,0.25,477.7221374511719
13.734375,0.25,477.7221984863281
13.75,0.25,477.7225646972656
13.765625,0.25,477.72344970703125
13.78125,0.25,477.72503662109375
13.796875,0.25,477.7252197265625
13.8125,0.25,477.7240295410156
13.828125,0.25,477.72418212890625
13.84375,0.25,477.72412109375
13.859375,0.25,477.7245178222656
13.875,0.25,477.7254943847656
13.890625,0.25,477.7259826660156
13.90625,0.25,477.7257995605469
13.921875,0.25,477.7259216308594
13.9375,0.25,477.72625732421875
13.953125,0.25,477.7257385253906
13.96875,0.25,477.7265930175781
13.984375,0.25,477.7271728515625
14,0.25,477.72735595703125
14.015625,0.25,477.72705078125
14.03125,0.25,477.72650146484375
14.046875,0.25,477.7256774902344
14.0625,0.25,477.7257080078125
14.078125,0.25,477.7264099121094
14.09375,0.25,477.7255859375
14.109375,0.25,477.7252502441406
14.125,0.25,477.7250671386719
14.140625,0.25,477.7253723144531
14.15625,0.25,477.7253723144531
14.171875,0.25,477.725341796875
14.1875,0.25,477.7251281738281
14.203125,0.25,477.72454833984375
14.21875,0.25,477.724365234375
14.234375,0.25,477.7237243652344
14.25,0.25,477.723876953125
14.265625,0.25,477.7245788574219
14.28125,0.25,477.724365234375
14.296875,0.25,477.72491455078125
14.3125,0.25,477.7249755859375
14.328125,0.25,477.7242431640625
14.34375,0.25,477.7245788574219
14.359375,0.25,477.7233581542969
14.375,0.25,477.7226867675781
14.390625,0.25,477.7214050292969
14.40625,0.25,477.7215270996094
14.421875,0.25,477.7218322753906
14.4375,0.25,477.7222900390625
14.453125,0.25,477.723388671875
14.46875,0.25,477.72381591796875
14.484375,0.25,477.72357177734375
14.5,0.25,477.7227783203125
14.515625,0.25,477.7220458984375
14.53125,0.25,477.7223815917969
14.546875,0.25,477.7227478027344
14.5625,0.25,477.7240905761719
14.578125,0.25,477.7243347167969
14.59375,0.25,477.7246398925781
14.609375,0.25,477.7265930175781
14.625,0.25,477.72711181640625
14.640625,0.25,477.72821044921875
14.65625,0.25,477.7275390625
14.671875,0.25,477.72784423828125
14.6875,0.25,477.72802734375
14.703125,0.25,477.72821044921875
14.71875,0.25,477.728271484375
14.734375,0.25,477.72857666015625
14.75,0.25,477.7292785644531
14.765625,0.25,477.729736328125
14.78125,0.25,477.729736328125
14.796875,0.25,477.7294616699219
14.8125,0.25,477.7283935546875
14.828125,0.25,477.72906494140625
14.84375,0.25,477.7288513183594
14.859375,0.25,477.72869873046875
14.875,0.25,477.7283935546875
14.890625,0.25,477.7277526855469
14.90625,0.25,477.72882080078125
14.921875,0.25,477.72930908203125
14.9375,0.25,477.7292175292969
14.953125,0.25,477.72900390625
14.96875,0.25,477.7293395996094
14.984375,0.25,477.7297668457031
15,0.25,477.72930908203125
15.015625,0.25,477.7289123535156
15.03125,0.25,477.7291564941406
15.046875,0.25,477.7292785644531
15.0625,0.25,477.7298889160156
15.078125,0.25,477.7294006347656
15.09375,0.25,477.72943115234375
15.109375,0.25,477.7296142578125
15.125,0.25,477.7300720214844
15.140625,0.25,477.7310485839844
15.15625,0.25,477.7308044433594
15.171875,0.25,477.7307434082031
15.1875,0.25,477.731201171875
15.203125,0.25,477.7310791015625
15.21875,0.25,477.7304382324219
15.234375,0.25,477.730224609375
15.25,0.25,477.73138427734375
15.265625,0.25,477.73150634765625
15.28125,0.25,477.7308654785156
15.296875,0.25,477.7305908203125
15.3125,0.25,477.7307434082031
15.328125,0.25,477.73065185546875
15.34375,0.25,477.7313537597656
15.359375,0.25,477.73126220703125
15.375,0.25,477.7304992675781
15.390625,0.25,477.7296447753906
15.40625,0.25,477.72943115234375
15.421875,0.25,477.728271484375
15.4375,0.25,477.72808837890625
15.453125,0.25,477.7282409667969
15.46875,0.25,477.7291259765625
15.484375,0.25,477.7293701171875
15.5,0.25,477.7289733886719
15.515625,0.25,477.72882080078125
15.53125,0.25,477.72869873046875
15.546875,0.25,477.7293395996094
15.5625,0.25,477.729248046875
15.578125,0.25,477.72979736328125
15.59375,0.25,477.7298278808594
15.609375,0.25,477.7290954589844
15.625,0.25,477.7306213378906
15.640625,0.25,477.73089599609375
15.65625,0.25,477.73089599609375
15.671875,0.25,477.7317810058594
15.6875,0.25,477.73187255859375
15.703125,0.25,477.7320556640625
15.71875,0.25,477.7315673828125
15.734375,0.25,477.7316589355469
15.75,0.25,477.7321472167969
15.765625,0.25,477.7333068847656
15.78125,0.25,477.7338562011719
15.796875,0.25,477.7336120605469
15.8125,0.25,477.7334899902344
15.828125,0.25,477.7345275878906
15.84375,0.25,477.7344665527344
15.859375,0.25,477.7359619140625
15.875,0.25,477.7360534667969
15.890625,0.25,477.7373962402344
15.90625,0.25,477.7391662597656
15.921875,0.25,477.7406921386719
15.9375,0.25,477.74224853515625
15.953125,0.25,477.7447814941406
15.96875,0.25,477.74688720703125
15.984375,0.25,477.75079345703125
16,0.25,477.7538146972656
16.015625,0.25,477.7569274902344
16.03125,0.25,477.7605895996094
16.046875,0.25,477.76336669921875
16.0625,0.25,477.7659606933594
16.078125,0.25,477.76727294921875
16.09375,0.25,477.7690734863281
16.109375,0.25,477.77093505859375
16.125,0.25,477.7723388671875
16.140625,0.25,477.77301025390625
16.15625,0.25,477.77154541015625
16.171875,0.25,477.7657470703125
16.1875,0.25,477.75897216796875
16.203125,0.25,477.7546691894531
16.21875,0.25,477.75146484375
16.234375,0.25,477.7482604980469
16.25,0.25,477.7455749511719
16.265625,0.25,477.7420349121094
16.28125,0.25,477.73687744140625
16.296875,0.25,477.7327575683594
16.3125,0.25,477.7301940917969
16.328125,0.25,477.727294921875
16.34375,0.25,477.7247314453125
16.359375,0.25,477.7216491699219
16.375,0.25,477.7192687988281
16.390625,0.25,477.7166748046875
16.40625,0.25,477.7160949707031
16.421875,0.25,477.7202453613281
16.4375,0.25,477.7248229980469
16.453125,0.25,477.726806640625
16.46875,0.25,477.7273254394531
16.484375,0.25,477.7264404296875
16.5,0.25,477.72503662109375
16.515625,0.25,477.7240905761719
16.53125,0.25,477.7254333496094
16.546875,0.25,477.7261657714844
16.5625,0.25,477.7259216308594
16.578125,0.25,477.7272644042969
16.59375,0.25,477.7279357910156
16.609375,0.25,477.7281494140625
16.625,0.25,477.7280578613281
16.640625,0.25,477.72882080078125
16.65625,0.25,477.7294616699219
16.671875,0.25,477.7299499511719
16.6875,0.25,477.730224609375
16.703125,0.25,477.72979736328125
16.71875,0.25,477.7299499511719
16.734375,0.25,477.7303771972656
16.75,0.25,477.73077392578125
16.765625,0.25,477.7316589355469
16.78125,0.25,477.7316589355469
16.796875,0.25,477.73150634765625
16.8125,0.25,477.7320251464844
16.828125,0.25,477.73126220703125
16.84375,0.25,477.731201171875
16.859375,0.25,477.7312927246094
16.875,0.25,477.7311706542969
16.890625,0.25,477.73095703125
16.90625,0.25,477.7311706542969
16.921875,0.25,477.73052978515625
16.9375,0.25,477.7308044433594
16.953125,0.25,477.731689453125
16.96875,0.25,477.7319641113281
16.984375,0.25,477.73193359375
17,0.25,477.7320556640625
17.015625,0.25,477.73193359375
17.03125,0.25,477.7323303222656
17.046875,0.25,477.7333679199219
17.0625,0.25,477.7330017089844
17.078125,0.25,477.7330627441406
17.09375,0.25,477.7337341308594
17.109375,0.25,477.7340393066406
17.125,0.25,477.73443603515625
17.140625,0.25,477.7346496582031
17.15625,0.25,477.7348327636719
17.171875,0.25,477.735595703125
17.1875,0.25,477.73590087890625
17.203125,0.25,477.7355041503906
17.21875,0.25,477.73565673828125
17.234375,0.25,477.7359619140625
17.25,0.25,477.7359924316406
17.265625,0.25,477.7356872558594
17.28125,0.25,477.7354431152344
17.296875,0.25,477.73492431640625
17.3125,0.25,477.73492431640625
17.328125,0.25,477.7355041503906
17.34375,0.25,477.7353515625
17.359375,0.25,477.7353515625
17.375,0.25,477.73480224609375
17.390625,0.25,477.7351379394531
17.40625,0.25,477.73431396484375
17.421875,0.25,477.7344055175781
17.4375,0.25,477.7341003417969
17.453125,0.25,477.7344055175781
17.46875,0.25,477.7346496582031
17.484375,0.25,477.7342529296875
17.5,0.25,477.734619140625
17.515625,0.25,477.7352294921875
17.53125,0.25,477.7352294921875
17.546875,0.25,477.7353210449219
17.5625,0.25,477.7353210449219
17.578125,0.25,477.7342224121094
17.59375,0.25,477.73406982421875
17.609375,0.25,477.73382568359375
17.625,0.25,477.7340087890625
17.640625,0.25,477.73431396484375
17.65625,0.25,477.73492431640625
17.671875,0.25,477.7346496582031
17.6875,0.25,477.7347412109375
17.703125,0.25,477.734619140625
17.71875,0.25,477.7348327636719
17.734375,0.25,477.7358703613281
17.75,0.25,477.73541259765625
17.765625,0.25,477.735595703125
17.78125,0.25,477.73577880859375
17.796875,0.25,477.7362060546875
17.8125,0.25,477.7367248535156
17.828125,0.25,477.7379455566406
17.84375,0.25,477.7381896972656
17.859375,0.25,477.73876953125
17.875,0.25,477.73956298828125
17.890625,0.25,477.7393493652344
17.90625,0.25,477.7396545410156
17.921875,0.25,477.73974609375
17.9375,0.25,477.7401428222656
17.953125,0.25,477.74072265625
17.96875,0.25,477.74066162109375
17.984375,0.25,477.7406311035156
18,0.25,477.74102783203125
18.015625,0.25,477.7405090332031
18.03125,0.25,477.7406311035156
18.046875,0.25,477.7406311035156
18.0625,0.25,477.74127197265625
18.078125,0.25,477.7407531738281
18.09375,0.25,477.7412109375
18.109375,0.25,477.74127197265625
18.125,0.25,477.7410888671875
18.140625,0.25,477.7419738769531
18.15625,0.25,477.7422180175781
18.171875,0.25,477.7422790527344
18.1875,0.25,477.7428894042969
18.203125,0.25,477.7430114746094
18.21875,0.25,477.74365234375
18.234375,0.25,477.7434387207031
18.25,0.25,477.7437438964844
18.265625,0.25,477.744384765625
18.28125,0.25,477.74432373046875
18.296875,0.25,477.744384765625
18.3125,0.25,477.7439880371094
18.328125,0.25,477.744384765625
18.34375,0.25,477.7437438964844
18.359375,0.25,477.7432556152344
18.375,0.25,477.7436828613281
18.390625,0.25,477.74298095703125
18.40625,0.25,477.7430725097656
18.421875,0.25,477.7436828613281
18.4375,0.25,477.74346923828125
18.453125,0.25,477.7437744140625
18.46875,0.25,477.7432861328125
18.484375,0.25,477.74359130859375
18.5,0.25,477.7435607910156
18.515625,0.25,477.74407958984375
18.53125,0.25,477.74456787109375
18.546875,0.25,477.74493408203125
18.5625,0.25,477.7452697753906
18.578125,0.25,477.7452697753906
18.59375,0.25,477.7463684082031
18.609375,0.25,477.74639892578125
18.625,0.25,477.746826171875
18.640625,0.25,477.7474670410156
18.65625,0.25,477.74774169921875
18.671875,0.25,477.7474670410156
18.6875,0.25,477.7476806640625
18.703125,0.25,477.7474670410156
18.71875,0.25,477.7481689453125
18.734375,0.25,477.7475280761719
18.75,0.25,477.7476806640625
18.765625,0.25,477.74755859375
18.78125,0.25,477.7474670410156
18.796875,0.25,477.7472839355469
18.8125,0.25,477.74774169921875
18.828125,0.25,477.7476501464844
18.84375,0.25,477.74700927734375
18.859375,0.25,477.74786376953125
18.875,0.25,477.74774169921875
18.890625,0.25,477.7475891113281
18.90625,0.25,477.7481994628906
18.921875,0.25,477.7478942871094
18.9375,0.25,477.7474670410156
18.953125,0.25,477.74761962890625
18.96875,0.25,477.7478942871094
18.984375,0.25,477.74859619140625
19,0.25,477.7494201660156
19.015625,0.25,477.74908447265625
19.03125,0.25,477.7496643066406
19.046875,0.25,477.74993896484375
19.0625,0.25,477.7493591308594
19.078125,0.25,477.7491149902344
19.09375,0.25,477.7493591308594
19.109375,0.25,477.7490539550781
19.125,0.25,477.7489318847656
19.140625,0.25,477.74847412109375
19.15625,0.25,477.7476501464844
19.171875,0.25,477.7482604980469
19.1875,0.25,477.74810791015625
19.203125,0.25,477.7479248046875
19.21875,0.25,477.747314453125
19.234375,0.25,477.7471923828125
19.25,0.25,477.7464294433594
19.265625,0.25,477.7474060058594
19.28125,0.25,477.7467956542969
19.296875,0.25,477.7474670410156
19.3125,0.25,477.7477111816406
19.328125,0.25,477.7489318847656
19.34375,0.25,477.74896240234375
19.359375,0.25,477.748291015625
19.375,0.25,477.7474365234375
19.390625,0.25,477.7467041015625
19.40625,0.25,477.7463073730469
19.421875,0.25,477.74542236328125
19.4375,0.25,477.74578857421875
19.453125,0.25,477.74664306640625
19.46875,0.25,477.7472839355469
19.484375,0.25,477.7471923828125
19.5,0.25,477.74591064453125
19.515625,0.25,477.7441101074219
19.53125,0.25,477.7433166503906
19.546875,0.25,477.7408752441406
19.5625,0.25,477.7391052246094
19.578125,0.25,477.7361755371094
19.59375,0.25,477.7335510253906
19.609375,0.25,477.7309265136719
19.625,0.25,477.7284851074219
19.640625,0.25,477.7248229980469
19.65625,0.25,477.72119140625
19.671875,0.25,477.7169494628906
19.6875,0.25,477.7121887207031
19.703125,0.25,477.70684814453125
19.71875,0.25,477.7021484375
19.734375,0.25,477.6988830566406
19.75,0.25,477.6983947753906
19.765625,0.25,477.6978759765625
19.78125,0.25,477.69677734375
19.796875,0.25,477.6971435546875
19.8125,0.25,477.6972351074219
19.828125,0.25,477.6986999511719
19.84375,0.25,477.6996765136719
19.859375,0.25,477.7023010253906
19.875,0.25,477.7050476074219
19.890625,0.25,477.7094421386719
19.90625,0.25,477.712890625
19.921875,0.25,477.716796875
19.9375,0.25,477.7207336425781
19.953125,0.25,477.72479248046875
19.96875,0.25,477.728759765625
19.984375,0.25,477.7310485839844
20,0.25,477.73236083984375
20.015625,0.25,477.733642578125
20.03125,0.25,477.735107421875
20.046875,0.25,477.7364196777344
20.0625,0.25,477.7378234863281
20.078125,0.25,477.7391052246094
20.09375,0.25,477.7406921386719
20.109375,0.25,477.74090576171875
20.125,0.25,477.7414245605469
20.140625,0.25,477.7415771484375
20.15625,0.25,477.7422790527344
20.171875,0.25,477.74334716796875
20.1875,0.25,477.74420166015625
20.203125,0.25,477.7444152832031
20.21875,0.25,477.74444580078125
20.234375,0.25,477.74578857421875
20.25,0.25,477.7464294433594
20.265625,0.25,477.7467956542969
20.28125,0.25,477.74725341796875
20.296875,0.25,477.7480163574219
20.3125,0.25,477.7485046386719
20.328125,0.25,477.7483825683594
20.34375,0.25,477.74859619140625
20.359375,0.25,477.7491455078125
20.375,0.25,477.7493591308594
20.390625,0.25,477.7498779296875
20.40625,0.25,477.74981689453125
20.421875,0.25,477.7503967285156
20.4375,0.25,477.7514343261719
20.453125,0.25,477.75189208984375
20.46875,0.25,477.7526550292969
20.484375,0.25,477.75347900390625
20.5,0.25,477.753662109375
20.515625,0.25,477.7543640136719
20.53125,0.25,477.7549743652344
20.546875,0.25,477.7551574707031
20.5625,0.25,477.7548522949219
20.578125,0.25,477.7554016113281
20.59375,0.25,477.755859375
20.609375,0.25,477.7564697265625
20.625,0.25,477.7561950683594
20.640625,0.25,477.756591796875
20.65625,0.25,477.7576904296875
20.671875,0.25,477.7574157714844
20.6875,0.25,477.7569885253906
20.703125,0.25,477.756103515625
20.71875,0.25,477.7555236816406
20.734375,0.25,477.75482177734375
20.75,0.25,477.75482177734375
20.765625,0.25,477.75396728515625
20.78125,0.25,477.7545166015625
20.796875,0.25,477.7545471191406
20.8125,0.25,477.7550354003906
20.828125,0.25,477.7547302246094
20.84375,0.25,477.7542724609375
20.859375,0.25,477.7543029785156
20.875,0.25,477.7552490234375
20.890625,0.25,477.7549133300781
20.90625,0.25,477.7542724609375
20.921875,0.25,477.7551574707031
20.9375,0.25,477.7550354003906
20.953125,0.25,477.7561340332031
20.96875,0.25,477.7564392089844
20.984375,0.25,477.7572021484375
21,0.25,477.757568359375
21.015625,0.25,477.7574462890625
21.03125,0.25,477.7569580078125
21.046875,0.25,477.7567443847656
21.0625,0.25,477.75640869140625
21.078125,0.25,477.7560729980469
21.09375,0.25,477.7566833496094
21.109375,0.25,477.75640869140625
21.125,0.25,477.7561340332031
21.140625,0.25,477.7564697265625
21.15625,0.25,477.75726318359375
21.171875,0.25,477.7567138671875
21.1875,0.25,477.7564697265625
21.203125,0.25,477.75653076171875
21.21875,0.25,477.7568359375
21.234375,0.25,477.75616455078125
21.25,0.25,477.75592041015625
21.265625,0.25,477.7569274902344
21.28125,0.25,477.75665283203125
21.296875,0.25,477.756591796875
21.3125,0.25,477.75653076171875
21.328125,0.25,477.7567443847656
21.34375,0.25,477.75714111328125
21.359375,0.25,477.757568359375
21.375,0.25,477.7569885253906
21.390625,0.25,477.7562255859375
21.40625,0.25,477.755859375
21.421875,0.25,477.75494384765625
21.4375,0.25,477.7547912597656
21.453125,0.25,477.7539978027344
21.46875,0.25,477.7540283203125
21.484375,0.25,477.7539367675781
21.5,0.25,477.75396728515625
21.515625,0.25,477.7536315917969
21.53125,0.25,477.7539367675781
21.546875,0.25,477.75384521484375
21.5625,0.25,477.7542419433594
21.578125,0.25,477.7544250488281
21.59375,0.25,477.7536926269531
21.609375,0.25,477.7532958984375
21.625,0.25,477.7536926269531
21.640625,0.25,477.7543640136719
21.65625,0.25,477.7539367675781
21.671875,0.25,477.7537841796875
21.6875,0.25,477.75445556640625
21.703125,0.25,477.7552185058594
21.71875,0.25,477.7549743652344
21.734375,0.25,477.7550964355469
21.75,0.25,477.7552185058594
21.765625,0.25,477.7557067871094
21.78125,0.25,477.7552795410156
21.796875,0.25,477.7557678222656
21.8125,0.25,477.75628662109375
21.828125,0.25,477.7561340332031
21.84375,0.25,477.75634765625
21.859375,0.25,477.75677490234375
21.875,0.25,477.7568054199219
21.890625,0.25,477.7564697265625
21.90625,0.25,477.75592041015625
21.921875,0.25,477.75689697265625
21.9375,0.25,477.7568359375
21.953125,0.25,477.7566833496094
21.96875,0.25,477.75714111328125
21.984375,0.25,477.75689697265625
22,0.25,477.7569885253906
22.015625,0.25,477.7566833496094
22.03125,0.25,477.7570495605469
22.046875,0.25,477.7569274902344
22.0625,0.25,477.75634765625
22.078125,0.25,477.7564697265625
22.09375,0.25,477.7572326660156
22.109375,0.25,477.75689697265625
22.125,0.25,477.75701904296875
22.140625,0.25,477.75732421875
22.15625,0.25,477.7580871582031
22.171875,0.25,477.7582702636719
22.1875,0.25,477.7587890625
22.203125,0.25,477.7587890625
22.21875,0.25,477.75860595703125
22.234375,0.25,477.75921630859375
22.25,0.25,477.7590637207031
22.265625,0.25,477.759033203125
22.28125,0.25,477.7591552734375
22.296875,0.25,477.7586975097656
22.3125,0.25,477.7587890625
22.328125,0.25,477.75830078125
22.34375,0.25,477.7572937011719
22.359375,0.25,477.7579040527344
22.375,0.25,477.7583923339844
22.390625,0.25,477.7577209472656
22.40625,0.25,477.7576599121094
22.421875,0.25,477.7571716308594
22.4375,0.25,477.7566833496094
22.453125,0.25,477.7566223144531
22.46875,0.25,477.7568359375
22.484375,0.25,477.7567138671875
22.5,0.25,477.7571105957031
22.515625,0.25,477.7574768066406
22.53125,0.25,477.7574768066406
22.546875,0.25,477.7577819824219
22.5625,0.25,477.7579650878906
22.578125,0.25,477.7588806152344
22.59375,0.25,477.759765625
22.609375,0.25,477.7596740722656
22.625,0.25,477.7599792480469
22.640625,0.25,477.7601318359375
22.65625,0.25,477.7611389160156
22.671875,0.25,477.7615661621094
22.6875,0.25,477.7611389160156
22.703125,0.25,477.7614440917969
22.71875,0.25,477.76171875
22.734375,0.25,477.76251220703125
22.75,0.25,477.76251220703125
22.765625,0.25,477.76190185546875
22.78125,0.25,477.7625732421875
22.796875,0.25,477.7624816894531
22.8125,0.25,477.7630920410156
22.828125,0.25,477.7637023925781
22.84375,0.25,477.7633972167969
22.859375,0.25,477.7634582519531
22.875,0.25,477.76348876953125
22.890625,0.25,477.7640075683594
22.90625,0.25,477.7633361816406
22.921875,0.25,477.76385498046875
22.9375,0.25,477.76446533203125
22.953125,0.25,477.7650451660156
22.96875,0.25,477.76507568359375
22.984375,0.25,477.764892578125
23,0.25,477.7647399902344
23.015625,0.25,477.76544189453125
23.03125,0.25,477.76495361328125
23.046875,0.25,477.7649230957031
23.0625,0.25,477.76446533203125
23.078125,0.25,477.76373291015625
23.09375,0.25,477.7641906738281
23.109375,0.25,477.7645568847656
23.125,0.25,477.7646789550781
23.140625,0.25,477.7648010253906
23.15625,0.25,477.7655944824219
23.171875,0.25,477.7656555175781
23.1875,0.25,477.7660217285156
23.203125,0.25,477.7661437988281
23.21875,0.25,477.76678466796875
23.234375,0.25,477.766845703125
23.25,0.25,477.76763916015625
23.265625,0.25,477.7676696777344
23.28125,0.25,477.7684326171875
23.296875,0.25,477.7693786621094
23.3125,0.25,477.7701110839844
23.328125,0.25,477.77093505859375
23.34375,0.25,477.77142333984375
23.359375,0.25,477.77227783203125
23.375,0.25,477.7727355957031
23.390625,0.25,477.7744445800781
23.40625,0.25,477.775634765625
23.421875,0.25,477.7770080566406
23.4375,0.25,477.779052734375
23.453125,0.25,477.7814025878906
23.46875,0.25,477.7847595214844
23.484375,0.25,477.7891845703125
23.5,0.25,477.79400634765625
23.515625,0.25,477.8007507324219
23.53125,0.25,477.80743408203125
23.546875,0.25,477.8131408691406
23.5625,0.25,477.8186950683594
23.578125,0.25,477.8242492675781
23.59375,0.25,477.828125
23.609375,0.25,477.8315734863281
23.625,0.25,477.8346862792969
23.640625,0.25,477.8359375
23.65625,0.25,477.8334655761719
23.671875,0.25,477.8270263671875
23.6875,0.25,477.8200988769531
23.703125,0.25,477.8152160644531
23.71875,0.25,477.8100280761719
23.734375,0.25,477.80615234375
23.75,0.25,477.8023986816406
23.765625,0.25,477.7969055175781
23.78125,0.25,477.7883605957031
23.796875,0.25,477.7811584472656
23.8125,0.25,477.7738342285156
23.828125,0.25,477.76708984375
23.84375,0.25,477.761962890625
23.859375,0.25,477.7574768066406
23.875,0.25,477.7541198730469
23.890625,0.25,477.75042724609375
23.90625,0.25,477.75079345703125
23.921875,0.25,477.7550354003906
23.9375,0.25,477.7598571777344
23.953125,0.25,477.7617492675781
23.96875,0.25,477.7623596191406
23.984375,0.25,477.76104736328125
24,0.25,477.759521484375
24.015625,0.25,477.7578125
24.03125,0.25,477.7588195800781
24.046875,0.25,477.76025390625
24.0625,0.25,477.7616882324219
24.078125,0.25,477.7618103027344
24.09375,0.25,477.7617492675781
24.109375,0.25,477.7614440917969
24.125,0.25,477.7607421875
24.140625,0.25,477.76080322265625
24.15625,0.25,477.76080322265625
24.171875,0.25,477.7613525390625
24.1875,0.25,477.7612609863281
24.203125,0.25,477.7616882324219
24.21875,0.25,477.7613830566406
24.234375,0.25,477.7618713378906
24.25,0.25,477.76165771484375
24.265625,0.25,477.761962890625
24.28125,0.25,477.76190185546875
24.296875,0.25,477.76153564453125
24.3125,0.25,477.7613220214844
24.328125,0.25,477.7626037597656
24.34375,0.25,477.7628173828125
24.359375,0.25,477.762939453125
24.375,0.25,477.76287841796875
24.390625,0.25,477.76361083984375
24.40625,0.25,477.7632141113281
24.421875,0.25,477.763671875
24.4375,0.25,477.7645568847656
24.453125,0.25,477.7649230957031
24.46875,0.25,477.7652587890625
24.484375,0.25,477.7653503417969
24.5,0.25,477.7663269042969
24.515625,0.25,477.76617431640625
24.53125,0.25,477.7666931152344
24.546875,0.25,477.7665100097656
24.5625,0.25,477.7662658691406
24.578125,0.25,477.76568603515625
24.59375,0.25,477.7657165527344
24.609375,0.25,477.7666015625
24.625,0.25,477.7675476074219
24.640625,0.25,477.7679748535156
24.65625,0.25,477.7685546875
24.671875,0.25,477.7684020996094
24.6875,0.25,477.76763916015625
24.703125,0.25,477.7675476074219
24.71875,0.25,477.7678527832031
24.734375,0.25,477.76776123046875
24.75,0.25,477.7674560546875
24.765625,0.25,477.76776123046875
24.78125,0.25,477.7675476074219
24.796875,0.25,477.76861572265625
24.8125,0.25,477.7691345214844
24.828125,0.25,477.769287109375
24.84375,0.25,477.7695007324219
24.859375,0.25,477.7681579589844
24.875,0.25,477.76727294921875
24.890625,0.25,477.7674255371094
24.90625,0.25,477.7675476074219
24.921875,0.25,477.7671813964844
24.9375,0.25,477.7677307128906
24.953125,0.25,477.7676086425781
24.96875,0.25,477.7679138183594
24.984375,0.25,477.7681579589844
25,0.25,477.7677001953125
25.015625,0.25,477.7676086425781
25.03125,0.25,477.7676696777344
25.046875,0.25,477.7669982910156
25.0625,0.25,477.7666320800781
25.078125,0.25,477.7664794921875
25.09375,0.25,477.7669372558594
25.109375,0.25,477.7679443359375
25.125,0.25,477.7688903808594
25.140625,0.25,477.7685546875
25.15625,0.25,477.7691955566406
25.171875,0.25,477.7695617675781
25.1875,0.25,477.7686767578125
25.203125,0.25,477.7685241699219
25.21875,0.25,477.7681884765625
25.234375,0.25,477.76812744140625
25.25,0.25,477.767578125
25.265625,0.25,477.7678527832031
25.28125,0.25,477.7682800292969
25.296875,0.25,477.76788330078125
25.3125,0.25,477.767822265625
25.328125,0.25,477.7682189941406
25.34375,0.25,477.7682189941406
25.359375,0.25,477.7681884765625
25.375,0.25,477.7669677734375
25.390625,0.25,477.76678466796875
25.40625,0.25,477.76593017578125
25.421875,0.25,477.766845703125
25.4375,0.25,477.7669982910156
25.453125,0.25,477.7664489746094
25.46875,0.25,477.7670593261719
25.484375,0.25,477.7668762207031
25.5,0.25,477.7679748535156
25.515625,0.25,477.7677001953125
25.53125,0.25,477.76739501953125
25.546875,0.25,477.76800537109375
25.5625,0.25,477.7684326171875
25.578125,0.25,477.7683410644531
25.59375,0.25,477.7679443359375
25.609375,0.25,477.7679748535156
25.625,0.25,477.7677917480469
25.640625,0.25,477.7676696777344
25.65625,0.25,477.7684326171875
25.671875,0.25,477.7671813964844
25.6875,0.25,477.7674560546875
25.703125,0.25,477.7684020996094
25.71875,0.25,477.76806640625
25.734375,0.25,477.7684631347656
25.75,0.25,477.7691650390625
25.765625,0.25,477.769287109375
25.78125,0.25,477.7692565917969
25.796875,0.25,477.76873779296875
25.8125,0.25,477.7691345214844
25.828125,0.25,477.76910400390625
25.84375,0.25,477.7696533203125
25.859375,0.25,477.7695007324219
25.875,0.25,477.7702331542969
25.890625,0.25,477.7705078125
25.90625,0.25,477.769287109375
25.921875,0.25,477.7701416015625
25.9375,0.25,477.770263671875
25.953125,0.25,477.7698059082031
25.96875,0.25,477.769775390625
25.984375,0.25,477.7698059082031
26,0.25,477.7685546875
26.015625,0.25,477.768310546875
26.03125,0.25,477.76806640625
26.046875,0.25,477.7684020996094
26.0625,0.25,477.76776123046875
26.078125,0.25,477.7677917480469
26.09375,0.25,477.7676086425781
26.109375,0.25,477.7680969238281
26.125,0.25,477.76800537109375
26.140625,0.25,477.7679748535156
26.15625,0.25,477.76934814453125
26.171875,0.25,477.7685241699219
26.1875,0.25,477.76885986328125
26.203125,0.25,477.7695007324219
26.21875,0.25,477.77032470703125
26.234375,0.25,477.7702941894531
26.25,0.25,477.7709655761719
26.265625,0.25,477.77239990234375
26.28125,0.25,477.7729797363281
26.296875,0.25,477.77276611328125
26.3125,0.25,477.7733154296875
26.328125,0.25,477.7740173339844
26.34375,0.25,477.7747497558594
26.359375,0.25,477.7750244140625
26.375,0.25,477.7756042480469
26.390625,0.25,477.775634765625
26.40625,0.25,477.7748107910156
26.421875,0.25,477.7756652832031
26.4375,0.25,477.7756652832031
26.453125,0.25,477.7754821777344
26.46875,0.25,477.7748107910156
26.484375,0.25,477.7750244140625
26.5,0.25,477.7741394042969
26.515625,0.25,477.7730712890625
26.53125,0.25,477.77337646484375
26.546875,0.25,477.77337646484375
26.5625,0.25,477.7738342285156
26.578125,0.25,477.7730712890625
26.59375,0.25,477.77197265625
26.609375,0.25,477.7716064453125
26.625,0.25,477.77178955078125
26.640625,0.25,477.7722473144531
26.65625,0.25,477.77349853515625
26.671875,0.25,477.7732849121094
26.6875,0.25,477.77386474609375
26.703125,0.25,477.7744445800781
26.71875,0.25,477.7747802734375
26.734375,0.25,477.77471923828125
26.75,0.25,477.776123046875
26.765625,0.25,477.7762451171875
26.78125,0.25,477.77685546875
26.796875,0.25,477.777099609375
26.8125,0.25,477.7769775390625
26.828125,0.25,477.777099609375
26.84375,0.25,477.7775573730469
26.859375,0.25,477.77716064453125
26.875,0.25,477.7769775390625
26.890625,0.25,477.7773132324219
26.90625,0.25,477.77703857421875
26.921875,0.25,477.7764587402344
26.9375,0.25,477.7767333984375
26.953125,0.25,477.7762451171875
26.96875,0.25,477.7764587402344
26.984375,0.25,477.77642822265625
27,0.25,477.7763671875
27.015625,0.25,477.7763977050781
27.03125,0.25,477.77593994140625
27.046875,0.25,477.77606201171875
27.0625,0.25,477.7759094238281
27.078125,0.25,477.7764892578125
27.09375,0.25,477.7769775390625
27.109375,0.25,477.77740478515625
27.125,0.25,477.7777099609375
27.140625,0.25,477.7778015136719
27.15625,0.25,477.77734375
27.171875,0.25,477.7777099609375
27.1875,0.25,477.7765808105469
27.203125,0.25,477.77593994140625
27.21875,0.25,477.775634765625
27.234375,0.25,477.77545166015625
27.25,0.25,477.7755432128906
27.265625,0.25,477.7754211425781
27.28125,0.25,477.7749938964844
27.296875,0.25,477.77557373046875
27.3125,0.25,477.775634765625
27.328125,0.25,477.77508544921875
27.34375,0.25,477.7750549316406
27.359375,0.25,477.775390625
27.375,0.25,477.7752380371094
27.390625,0.25,477.7747802734375
27.40625,0.25,477.7748107910156
27.421875,0.25,477.7753601074219
27.4375,0.25,477.7751770019531
27.453125,0.25,477.7760925292969
27.46875,0.25,477.77667236328125
27.484375,0.25,477.7770080566406
27.5,0.25,477.77655029296875
27.515625,0.25,477.7763671875
27.53125,0.25,477.77618408203125
27.546875,0.25,477.77569580078125
27.5625,0.25,477.7755126953125
27.578125,0.25,477.7760009765625
27.59375,0.25,477.77520751953125
27.609375,0.25,477.77459716796875
27.625,0.25,477.7743225097656
27.640625,0.25,477.77496337890625
27.65625,0.25,477.7749328613281
27.671875,0.25,477.77435302734375
27.6875,0.25,477.77496337890625
27.703125,0.25,477.77459716796875
27.71875,0.25,477.7738342285156
27.734375,0.25,477.7735290527344
27.75,0.25,477.7730712890625
27.765625,0.25,477.7735290527344
27.78125,0.25,477.7737731933594
27.796875,0.25,477.77398681640625
27.8125,0.25,477.77337646484375
27.828125,0.25,477.77252197265625
27.84375,0.25,477.7729187011719
27.859375,0.25,477.7728271484375
27.875,0.25,477.77313232421875
27.890625,0.25,477.7727355957031
27.90625,0.25,477.7724914550781
27.921875,0.25,477.7726135253906
27.9375,0.25,477.7729797363281
27.953125,0.25,477.772705078125
27.96875,0.25,477.77294921875
27.984375,0.25,477.773193359375
28,0.25,477.7740173339844
28.015625,0.25,477.7735900878906
28.03125,0.25,477.7733459472656
28.046875,0.25,477.7734069824219
28.0625,0.25,477.7735900878906
28.078125,0.25,477.7740173339844
28.09375,0.25,477.7741394042969
28.109375,0.25,477.774169921875
28.125,0.25,477.77392578125
28.140625,0.25,477.7729187011719
28.15625,0.25,477.7726135253906
28.171875,0.25,477.7724914550781
28.1875,0.25,477.77142333984375
28.203125,0.25,477.7717590332031
28.21875,0.25,477.77191162109375
28.234375,0.25,477.77197265625
28.25,0.25,477.7709655761719
28.265625,0.25,477.77130126953125
28.28125,0.25,477.77227783203125
28.296875,0.25,477.77203369140625
28.3125,0.25,477.7718505859375
28.328125,0.25,477.7716979980469
28.34375,0.25,477.7714538574219
28.359375,0.25,477.77154541015625
28.375,0.25,477.77166748046875
28.390625,0.25,477.7723083496094
28.40625,0.25,477.7723693847656
28.421875,0.25,477.7725524902344
28.4375,0.25,477.7734069824219
28.453125,0.25,477.7730712890625
28.46875,0.25,477.77215576171875
28.484375,0.25,477.7716979980469
28.5,0.25,477.7720642089844
28.515625,0.25,477.77252197265625
28.53125,0.25,477.7724609375
28.546875,0.25,477.7730712890625
28.5625,0.25,477.77349853515625
28.578125,0.25,477.7735290527344
28.59375,0.25,477.7737121582031
28.609375,0.25,477.77386474609375
28.625,0.25,477.7743835449219
28.640625,0.25,477.7743835449219
28.65625,0.25,477.7748107910156
28.671875,0.25,477.77471923828125
28.6875,0.25,477.7750549316406
28.703125,0.25,477.7751159667969
28.71875,0.25,477.7755126953125
28.734375,0.25,477.7756652832031
28.75,0.25,477.7755432128906
28.765625,0.25,477.7755126953125
28.78125,0.25,477.7742919921875
28.796875,0.25,477.7735900878906
28.8125,0.25,477.7737731933594
28.828125,0.25,477.7743225097656
28.84375,0.25,477.7738037109375
28.859375,0.25,477.77325439453125
28.875,0.25,477.7724304199219
28.890625,0.25,477.772216796875
28.90625,0.25,477.7730712890625
28.921875,0.25,477.7735900878906
28.9375,0.25,477.7733459472656
28.953125,0.25,477.7738342285156
28.96875,0.25,477.773681640625
28.984375,0.25,477.77410888671875
29,0.25,477.77374267578125
29.015625,0.25,477.7737731933594
29.03125,0.25,477.77484130859375
29.046875,0.25,477.7745666503906
29.0625,0.25,477.774169921875
29.078125,0.25,477.7734375
29.09375,0.25,477.7734375
29.109375,0.25,477.7740783691406
29.125,0.25,477.77435302734375
29.140625,0.25,477.7746887207031
29.15625,0.25,477.77398681640625
29.171875,0.25,477.7736511230469
29.1875,0.25,477.7740783691406
29.203125,0.25,477.7735595703125
29.21875,0.25,477.7734069824219
29.234375,0.25,477.7731628417969
29.25,0.25,477.7738037109375
29.265625,0.25,477.773681640625
29.28125,0.25,477.7736511230469
29.296875,0.25,477.7735290527344
29.3125,0.25,477.7733459472656
29.328125,0.25,477.7738952636719
29.34375,0.25,477.7742919921875
29.359375,0.25,477.7740783691406
29.375,0.25,477.77392578125
29.390625,0.25,477.7734680175781
29.40625,0.25,477.7734069824219
29.421875,0.25,477.7734680175781
29.4375,0.25,477.7726135253906
29.453125,0.25,477.7735595703125
29.46875,0.25,477.7733154296875
29.484375,0.25,477.7735595703125
29.5,0.25,477.77398681640625
29.515625,0.25,477.7735900878906
29.53125,0.25,477.77252197265625
29.546875,0.25,477.77337646484375
29.5625,0.25,477.77362060546875
29.578125,0.25,477.77294921875
29.59375,0.25,477.7731018066406
29.609375,0.25,477.7736511230469
29.625,0.25,477.7731628417969
29.640625,0.25,477.77398681640625
29.65625,0.25,477.7745666503906
29.671875,0.25,477.7743835449219
29.6875,0.25,477.7748107910156
29.703125,0.25,477.774658203125
29.71875,0.25,477.7750549316406
29.734375,0.25,477.7749328613281
29.75,0.25,477.7740783691406
29.765625,0.25,477.7752380371094
29.78125,0.25,477.7753601074219
29.796875,0.25,477.775634765625
29.8125,0.25,477.77545166015625
29.828125,0.25,477.7755126953125
29.84375,0.25,477.77581787109375
29.859375,0.25,477.775390625
29.875,0.25,477.7763671875
29.890625,0.25,477.7756042480469
29.90625,0.25,477.7751159667969
29.921875,0.25,477.774658203125
29.9375,0.25,477.77398681640625
29.953125,0.25,477.773193359375
29.96875,0.25,477.77337646484375
29.984375,0.25,477.7726135253906
30,0.25,477.7729187011719
30.015625,0.25,477.77178955078125
30.03125,0.25,477.7715148925781
30.046875,0.25,477.77099609375
30.0625,0.25,477.7710876464844
30.078125,0.25,477.7712707519531
30.09375,0.25,477.7706604003906
30.109375,0.25,477.7704772949219
30.125,0.25,477.76934814453125
30.140625,0.25,477.7702331542969
30.15625,0.25,477.7699890136719
30.171875,0.25,477.7704162597656
30.1875,0.25,477.7707214355469
30.203125,0.25,477.77001953125
30.21875,0.25,477.77044677734375
30.234375,0.25,477.7709655761719
30.25,0.25,477.771484375
30.265625,0.25,477.77142333984375
30.28125,0.25,477.7724914550781
30.296875,0.25,477.7720642089844
30.3125,0.25,477.7720642089844
30.328125,0.25,477.7718200683594
30.34375,0.25,477.77191162109375
30.359375,0.25,477.77191162109375
30.375,0.25,477.77239990234375
30.390625,0.25,477.7713317871094
30.40625,0.25,477.77203369140625
30.421875,0.25,477.7726745605469
30.4375,0.25,477.77239990234375
30.453125,0.25,477.77362060546875
30.46875,0.25,477.7737121582031
30.484375,0.25,477.773193359375
30.5,0.25,477.7724914550781
30.515625,0.25,477.77252197265625
30.53125,0.25,477.77197265625
30.546875,0.25,477.7725524902344
30.5625,0.25,477.7728576660156
30.578125,0.25,477.7727355957031
30.59375,0.25,477.7729797363281
30.609375,0.25,477.7730712890625
30.625,0.25,477.772705078125
30.640625,0.25,477.7736511230469
30.65625,0.25,477.77313232421875
30.671875,0.25,477.7723388671875
30.6875,0.25,477.77197265625
30.703125,0.25,477.7718505859375
30.71875,0.25,477.771240234375
30.734375,0.25,477.7713623046875
30.75,0.25,477.7713317871094
