Time (seconds), Duration (seconds),pred_(unlabeled),pred_brushing_teeth,pred_hair_drying,pred_showering
0.00000,0.62194,1.00000,0.00000,0.00000,0.00000
0.33000,0.62194,0.83967,0.00000,0.00000,0.16032
0.66000,0.62194,0.89534,0.00000,0.00001,0.10465
0.99000,0.62194,0.90827,0.00055,0.03865,0.05254
1.32000,0.62194,0.90607,0.00000,0.00268,0.09125
1.65000,0.62194,0.93447,0.00000,0.01220,0.05333
1.98000,0.62194,0.94454,0.00000,0.01203,0.04343
2.31000,0.62194,0.94777,0.00000,0.01224,0.03998
2.64000,0.62194,0.91669,0.00000,0.01575,0.06756
2.97000,0.62194,0.87402,0.00005,0.02885,0.09708
3.30000,0.62194,0.96872,0.00000,0.00684,0.02445
3.63000,0.62194,0.94614,0.00000,0.01234,0.04152
3.96000,0.62194,0.92591,0.00000,0.01323,0.06085
4.29000,0.62194,0.91831,0.00000,0.01431,0.06738
4.62000,0.62194,0.89788,0.00000,0.01864,0.08347
4.95000,0.62194,0.87794,0.00001,0.02004,0.10201
5.28000,0.62194,0.90454,0.00000,0.01586,0.07960
5.61000,0.62194,0.90296,0.00001,0.01881,0.07823
5.94000,0.62194,0.90487,0.00000,0.01935,0.07577
6.27000,0.62194,0.91091,0.00000,0.01767,0.07142
6.60000,0.62194,0.89447,0.00000,0.01587,0.08966
6.93000,0.62194,0.71119,0.00097,0.03314,0.25470
7.26000,0.62194,0.97260,0.00034,0.00012,0.02694
7.59000,0.62194,0.90262,0.01896,0.00002,0.07840
7.92000,0.62194,0.98891,0.00146,0.00000,0.00963
8.25000,0.62194,0.95769,0.00113,0.00006,0.04113
8.58000,0.62194,0.99949,0.00037,0.00000,0.00013
8.91000,0.62194,0.98750,0.00530,0.00645,0.00075
9.24000,0.62194,0.97778,0.00317,0.00377,0.01528
9.57000,0.62194,0.51187,0.00386,0.00009,0.48419
9.90000,0.62194,0.70262,0.06838,0.00007,0.22893
10.23000,0.62194,0.98878,0.00314,0.00003,0.00805
10.56000,0.62194,0.61208,0.11871,0.00054,0.26867
10.89000,0.62194,0.49347,0.49498,0.00000,0.01154
11.22000,0.62194,0.78395,0.00085,0.00000,0.21520
11.55000,0.62194,0.43126,0.00001,0.00000,0.56873
11.88000,0.62194,0.30216,0.00001,0.00134,0.69649
12.21000,0.62194,0.61879,0.00009,0.02777,0.35334
12.54000,0.62194,0.92120,0.00005,0.00182,0.07693
12.87000,0.62194,0.99686,0.00000,0.00004,0.00309
13.20000,0.62194,0.99061,0.00000,0.00053,0.00887
13.53000,0.62194,0.80550,0.00003,0.02403,0.17044
13.86000,0.62194,0.93198,0.00000,0.01170,0.05632
14.19000,0.62194,0.88441,0.00000,0.01910,0.09649
14.52000,0.62194,0.82230,0.00001,0.02623,0.15147
14.85000,0.62194,0.81598,0.00019,0.04099,0.14284
15.18000,0.62194,0.97720,0.01367,0.00055,0.00859
15.51000,0.62194,0.05075,0.03071,0.00023,0.91831
15.84000,0.62194,0.00301,0.00129,0.00000,0.99569
16.17000,0.62194,0.00482,0.00225,0.00001,0.99292
16.50000,0.62194,0.00339,0.00068,0.00000,0.99594
16.83000,0.62194,0.00383,0.00190,0.00000,0.99426
17.16000,0.62194,0.00381,0.00115,0.00000,0.99504
17.49000,0.62194,0.01614,0.01365,0.00001,0.97020
17.82000,0.62194,0.02251,0.02307,0.00001,0.95441
18.15000,0.62194,0.00816,0.00381,0.00001,0.98803
18.48000,0.62194,0.01775,0.01307,0.00001,0.96917
18.81000,0.62194,0.02487,0.01863,0.00001,0.95649
19.14000,0.62194,0.07295,0.19147,0.00001,0.73557
19.47000,0.62194,0.03687,0.08674,0.00001,0.87638
19.80000,0.62194,0.00427,0.00036,0.00000,0.99537
20.13000,0.62194,0.00359,0.00074,0.00000,0.99566
20.46000,0.62194,0.00428,0.00378,0.00001,0.99193
20.79000,0.62194,0.00594,0.00301,0.00000,0.99105
21.12000,0.62194,0.00555,0.00699,0.00001,0.98745
21.45000,0.62194,0.01473,0.00155,0.00002,0.98370
21.78000,0.62194,0.00493,0.00248,0.00001,0.99258
22.11000,0.62194,0.00960,0.00862,0.00001,0.98178
22.44000,0.62194,0.04048,0.05925,0.00001,0.90026
22.77000,0.62194,0.01510,0.01941,0.00001,0.96547
23.10000,0.62194,0.00910,0.00347,0.00001,0.98742
23.43000,0.62194,0.00764,0.01007,0.00001,0.98229
23.76000,0.62194,0.00536,0.00231,0.00001,0.99233
24.09000,0.62194,0.00404,0.00255,0.00000,0.99340
24.42000,0.62194,0.00624,0.00287,0.00001,0.99089
24.75000,0.62194,0.00645,0.00412,0.00001,0.98942
25.08000,0.62194,0.01383,0.00338,0.00002,0.98277
25.41000,0.62194,0.00997,0.00616,0.00001,0.98386
25.74000,0.62194,0.01892,0.02410,0.00001,0.95697
26.07000,0.62194,0.01756,0.00720,0.00001,0.97523
26.40000,0.62194,0.01084,0.00494,0.00002,0.98421
26.73000,0.62194,0.01644,0.01709,0.00002,0.96644
27.06000,0.62194,0.03024,0.03407,0.00002,0.93568
27.39000,0.62194,0.00777,0.00687,0.00001,0.98535
27.72000,0.62194,0.00890,0.00159,0.00001,0.98949
28.05000,0.62194,0.00638,0.00496,0.00001,0.98866
28.38000,0.62194,0.01270,0.01143,0.00001,0.97587
28.71000,0.62194,0.01165,0.01499,0.00001,0.97335
29.04000,0.62194,0.00458,0.00306,0.00001,0.99236
29.37000,0.62194,0.02186,0.02138,0.00001,0.95675
29.70000,0.62194,0.04184,0.14981,0.00001,0.80835
30.03000,0.62194,0.05618,0.07310,0.00001,0.87071
30.36000,0.62194,0.07628,0.14085,0.00003,0.78284
30.69000,0.62194,0.08264,0.20155,0.00003,0.71578
31.02000,0.62194,0.11494,0.05976,0.00002,0.82529
31.35000,0.62194,0.09799,0.11629,0.00002,0.78570
31.68000,0.62194,0.10854,0.22834,0.00001,0.66311
32.01000,0.62194,0.05076,0.13564,0.00001,0.81358
32.34000,0.62194,0.10045,0.40062,0.00001,0.49893
32.67000,0.62194,0.11947,0.06075,0.00003,0.81975
33.00000,0.62194,0.50524,0.36178,0.00001,0.13297
33.33000,0.62194,0.11046,0.18318,0.00002,0.70634
33.66000,0.62194,0.03983,0.04397,0.00002,0.91618
33.99000,0.62194,0.02474,0.00503,0.00001,0.97022
34.32000,0.62194,0.03102,0.03163,0.00003,0.93733
34.65000,0.62194,0.00592,0.00569,0.00001,0.98838
34.98000,0.62194,0.02229,0.00700,0.00002,0.97068
35.31000,0.62194,0.01979,0.00484,0.00001,0.97535
35.64000,0.62194,0.00414,0.00079,0.00001,0.99507
35.97000,0.62194,0.03385,0.00156,0.00001,0.96458
36.30000,0.62194,0.01395,0.02337,0.00001,0.96268
36.63000,0.62194,0.01784,0.01116,0.00000,0.97099
36.96000,0.62194,0.03951,0.07267,0.00001,0.88781
37.29000,0.62194,0.02712,0.01857,0.00002,0.95429
37.62000,0.62194,0.05378,0.01169,0.00001,0.93451
37.95000,0.62194,0.03044,0.00915,0.00002,0.96039
38.28000,0.62194,0.04604,0.01719,0.00001,0.93676
38.61000,0.62194,0.01417,0.01273,0.00001,0.97309
38.94000,0.62194,0.03375,0.04738,0.00003,0.91883
39.27000,0.62194,0.01158,0.00651,0.00001,0.98190
39.60000,0.62194,0.01565,0.00611,0.00001,0.97823
39.93000,0.62194,0.01586,0.01474,0.00002,0.96938
40.26000,0.62194,0.02940,0.03776,0.00000,0.93284
40.59000,0.62194,0.01115,0.00107,0.00001,0.98777
40.92000,0.62194,0.01186,0.00243,0.00002,0.98569
41.25000,0.62194,0.04548,0.01198,0.00003,0.94251
41.58000,0.62194,0.26818,0.23659,0.00001,0.49523
41.91000,0.62194,0.11544,0.43780,0.00001,0.44674
42.24000,0.62194,0.26566,0.00594,0.00046,0.72795
42.57000,0.62194,0.10933,0.00149,0.00048,0.88870
42.90000,0.62194,0.00454,0.00089,0.00001,0.99456
43.23000,0.62194,0.00677,0.00108,0.00001,0.99214
43.56000,0.62194,0.00277,0.00004,0.00000,0.99719
43.89000,0.62194,0.00788,0.00005,0.00000,0.99206
44.22000,0.62194,0.01389,0.00055,0.00002,0.98554
44.55000,0.62194,0.00643,0.00016,0.00001,0.99340
44.88000,0.62194,0.02157,0.04017,0.00001,0.93825
45.21000,0.62194,0.02181,0.02173,0.00003,0.95643
45.54000,0.62194,0.00590,0.00188,0.00002,0.99220
45.87000,0.62194,0.00788,0.00232,0.00003,0.98976
46.20000,0.62194,0.00604,0.00121,0.00002,0.99273
46.53000,0.62194,0.00846,0.00164,0.00004,0.98986
46.86000,0.62194,0.00497,0.00022,0.00001,0.99481
47.19000,0.62194,0.00376,0.00001,0.00000,0.99622
47.52000,0.62194,0.00923,0.00006,0.00002,0.99069
47.85000,0.62194,0.00483,0.00068,0.00001,0.99448
48.18000,0.62194,0.00531,0.00138,0.00002,0.99329
48.51000,0.62194,0.00483,0.00026,0.00001,0.99490
48.84000,0.62194,0.00715,0.00154,0.00002,0.99129
49.17000,0.62194,0.01520,0.00054,0.00004,0.98421
49.50000,0.62194,0.01585,0.00069,0.00004,0.98342
49.83000,0.62194,0.01178,0.00255,0.00004,0.98563
50.16000,0.62194,0.02722,0.11151,0.00001,0.86126
50.49000,0.62194,0.08942,0.64386,0.00001,0.26671
50.82000,0.62194,0.04291,0.89423,0.00001,0.06286
51.15000,0.62194,0.03190,0.89952,0.00002,0.06857
51.48000,0.62194,0.07881,0.64777,0.00005,0.27337
51.81000,0.62194,0.02166,0.04978,0.00003,0.92853
52.14000,0.62194,0.00528,0.01100,0.00001,0.98372
52.47000,0.62194,0.03317,0.23586,0.00001,0.73096
52.80000,0.62194,0.08005,0.71867,0.00003,0.20125
53.13000,0.62194,0.05793,0.31098,0.00002,0.63107
53.46000,0.62194,0.03382,0.14417,0.00001,0.82200
53.79000,0.62194,0.04883,0.46428,0.00001,0.48689
54.12000,0.62194,0.02893,0.22805,0.00003,0.74300
54.45000,0.62194,0.01598,0.06263,0.00001,0.92138
54.78000,0.62194,0.01407,0.05255,0.00001,0.93337
55.11000,0.62194,0.05615,0.45691,0.00004,0.48689
55.44000,0.62194,0.01358,0.03721,0.00001,0.94920
55.77000,0.62194,0.05693,0.65163,0.00003,0.29141
56.10000,0.62194,0.05771,0.21061,0.00003,0.73165
56.43000,0.62194,0.03483,0.28719,0.00002,0.67796
56.76000,0.62194,0.05259,0.36769,0.00003,0.57970
57.09000,0.62194,0.01185,0.01842,0.00002,0.96971
57.42000,0.62194,0.01949,0.13291,0.00002,0.84759
57.75000,0.62194,0.03666,0.36769,0.00002,0.59563
58.08000,0.62194,0.00737,0.01329,0.00001,0.97933
58.41000,0.62194,0.00842,0.03042,0.00001,0.96115
58.74000,0.62194,0.03644,0.30979,0.00003,0.65374
59.07000,0.62194,0.02108,0.05565,0.00003,0.92324
59.40000,0.62194,0.01256,0.05455,0.00001,0.93287
59.73000,0.62194,0.04929,0.46910,0.00005,0.48156
60.06000,0.62194,0.01070,0.01940,0.00001,0.96989
60.39000,0.62194,0.00265,0.00407,0.00000,0.99327
60.72000,0.62194,0.00238,0.00135,0.00000,0.99626
61.05000,0.62194,0.00838,0.00021,0.00006,0.99135
61.38000,0.62194,0.00556,0.00188,0.00001,0.99255
61.71000,0.62194,0.00305,0.00284,0.00000,0.99410
62.04000,0.62194,0.00388,0.00084,0.00001,0.99527
62.37000,0.62194,0.00301,0.00224,0.00000,0.99475
62.70000,0.62194,0.00364,0.00212,0.00001,0.99423
63.03000,0.62194,0.01573,0.04695,0.00001,0.93732
63.36000,0.62194,0.03090,0.22318,0.00002,0.74591
63.69000,0.62194,0.00385,0.00664,0.00000,0.98951
64.02000,0.62194,0.00467,0.00933,0.00001,0.98600
64.35000,0.62194,0.00817,0.02616,0.00001,0.96566
64.68000,0.62194,0.03308,0.32850,0.00001,0.63840
65.01000,0.62193,0.04416,0.45536,0.00002,0.50046
65.34000,0.62194,0.02836,0.19366,0.00001,0.77797
65.67000,0.62194,0.00629,0.00841,0.00001,0.98528
66.00000,0.62194,0.00547,0.01461,0.00001,0.97991
66.33000,0.62193,0.00614,0.00377,0.00001,0.99008
66.66000,0.62193,0.00296,0.00322,0.00000,0.99382
66.99000,0.62194,0.00680,0.01494,0.00001,0.97825
67.32000,0.62194,0.00372,0.00617,0.00000,0.99010
67.65000,0.62193,0.00355,0.00802,0.00000,0.98844
67.98000,0.62193,0.01269,0.08671,0.00001,0.90059
68.31000,0.62194,0.00696,0.00639,0.00001,0.98664
68.64000,0.62194,0.00226,0.00241,0.00000,0.99533
68.97000,0.62193,0.00237,0.00103,0.00000,0.99660
69.30000,0.62193,0.00677,0.00058,0.00004,0.99261
69.63000,0.62194,0.00413,0.00073,0.00000,0.99514
69.96000,0.62194,0.00283,0.00175,0.00000,0.99541
70.29000,0.62193,0.00549,0.00353,0.00000,0.99097
70.62000,0.62193,0.00961,0.00033,0.00000,0.99006
70.95000,0.62194,0.00323,0.00092,0.00000,0.99584
71.28000,0.62194,0.00526,0.00935,0.00001,0.98538
71.61000,0.62194,0.02326,0.01537,0.00009,0.96128
71.94000,0.62193,0.00777,0.01743,0.00001,0.97478
72.27000,0.62194,0.00690,0.01297,0.00002,0.98012
72.60000,0.62194,0.04723,0.03972,0.00061,0.91245
72.93000,0.62194,0.01201,0.02466,0.00005,0.96328
73.26000,0.62193,0.04077,0.25468,0.00001,0.70454
73.59000,0.62194,0.03667,0.12022,0.00006,0.84306
73.92000,0.62194,0.00327,0.00604,0.00000,0.99069
74.25000,0.62194,0.00400,0.00701,0.00000,0.98898
74.58000,0.62193,0.00666,0.00962,0.00001,0.98372
74.91000,0.62193,0.00398,0.00147,0.00000,0.99454
75.24000,0.62194,0.00738,0.00025,0.00002,0.99235
75.57000,0.62194,0.00522,0.00030,0.00000,0.99448
75.90000,0.62193,0.00426,0.00131,0.00001,0.99442
76.23000,0.62193,0.01140,0.00273,0.00008,0.98579
76.56000,0.62194,0.00657,0.00070,0.00002,0.99272
76.89000,0.62194,0.00755,0.00151,0.00004,0.99090
77.22000,0.62193,0.00593,0.00366,0.00002,0.99038
77.55000,0.62193,0.01103,0.00401,0.00009,0.98487
77.88000,0.62194,0.00367,0.00315,0.00001,0.99317
78.21000,0.62194,0.00680,0.00275,0.00001,0.99044
78.54000,0.62193,0.00985,0.03735,0.00001,0.95279
78.87000,0.62193,0.00910,0.00555,0.00002,0.98533
79.20000,0.62194,0.00254,0.00160,0.00000,0.99586
79.53000,0.62194,0.00661,0.02507,0.00000,0.96832
79.86000,0.62194,0.00774,0.00512,0.00001,0.98712
80.19000,0.62193,0.00254,0.00041,0.00000,0.99705
80.52000,0.62194,0.00267,0.00369,0.00000,0.99363
80.85000,0.62194,0.00543,0.01446,0.00001,0.98010
81.18000,0.62194,0.00390,0.00593,0.00000,0.99016
81.51000,0.62193,0.00466,0.00140,0.00001,0.99393
81.84000,0.62194,0.00466,0.00048,0.00000,0.99486
82.17000,0.62194,0.00645,0.00203,0.00000,0.99152
82.50000,0.62194,0.00477,0.00561,0.00001,0.98962
82.83000,0.62193,0.00694,0.00685,0.00003,0.98617
83.16000,0.62193,0.00705,0.01191,0.00001,0.98103
83.49000,0.62194,0.00720,0.01363,0.00002,0.97916
83.82000,0.62194,0.00737,0.01405,0.00000,0.97857
84.15000,0.62193,0.01976,0.12940,0.00003,0.85081
84.48000,0.62193,0.01866,0.12878,0.00004,0.85252
84.81000,0.62194,0.06055,0.57729,0.00010,0.36206
85.14000,0.62194,0.03206,0.09978,0.00005,0.86810
85.47000,0.62193,0.00951,0.00953,0.00001,0.98096
85.80000,0.62193,0.01942,0.06409,0.00002,0.91647
86.13000,0.62194,0.01171,0.02457,0.00001,0.96371
86.46000,0.62194,0.00434,0.00452,0.00001,0.99113
86.79000,0.62193,0.00389,0.00273,0.00001,0.99337
87.12000,0.62193,0.00481,0.01485,0.00000,0.98034
87.45000,0.62194,0.00932,0.02701,0.00001,0.96367
87.78000,0.62194,0.01020,0.00843,0.00001,0.98136
88.11000,0.62194,0.00281,0.00293,0.00000,0.99427
88.44000,0.62193,0.00366,0.00661,0.00000,0.98973
88.77000,0.62194,0.00487,0.00289,0.00001,0.99224
89.10000,0.62194,0.00474,0.00800,0.00001,0.98725
89.43000,0.62194,0.00859,0.00199,0.00001,0.98940
89.76000,0.62193,0.00441,0.00444,0.00000,0.99115
90.09000,0.62194,0.00830,0.00228,0.00001,0.98940
90.42000,0.62194,0.00311,0.00135,0.00001,0.99554
90.75000,0.62194,0.00528,0.00179,0.00000,0.99292
91.08000,0.62193,0.00566,0.00639,0.00001,0.98794
91.41000,0.62193,0.00675,0.01172,0.00000,0.98152
91.74000,0.62194,0.00722,0.01602,0.00000,0.97676
92.07000,0.62194,0.00451,0.01068,0.00000,0.98481
92.40000,0.62193,0.00372,0.00305,0.00000,0.99322
92.73000,0.62193,0.00201,0.00101,0.00000,0.99698
93.06000,0.62194,0.00165,0.00139,0.00000,0.99695
93.39000,0.62194,0.00324,0.00104,0.00001,0.99572
93.72000,0.62193,0.00287,0.00041,0.00000,0.99672
94.05000,0.62193,0.00276,0.00154,0.00000,0.99570
94.38000,0.62194,0.00202,0.00132,0.00000,0.99666
94.71000,0.62194,0.01524,0.05754,0.00000,0.92722
95.04000,0.62193,0.01925,0.11459,0.00002,0.86614
95.37000,0.62193,0.01907,0.06013,0.00001,0.92079
95.70000,0.62194,0.00323,0.00490,0.00000,0.99186
96.03000,0.62194,0.00635,0.00518,0.00001,0.98847
96.36000,0.62194,0.00550,0.00057,0.00001,0.99392
96.69000,0.62193,0.00187,0.00077,0.00000,0.99736
97.02000,0.62194,0.00432,0.00191,0.00001,0.99376
97.35000,0.62194,0.00246,0.00194,0.00000,0.99559
97.68000,0.62194,0.00259,0.00256,0.00000,0.99484
98.01000,0.62193,0.00280,0.00382,0.00000,0.99338
98.34000,0.62194,0.00487,0.00492,0.00002,0.99019
98.67000,0.62194,0.00661,0.00396,0.00003,0.98940
99.00000,0.62194,0.02066,0.05505,0.00003,0.92426
99.33000,0.62193,0.02146,0.07730,0.00001,0.90123
99.66000,0.62193,0.04376,0.39724,0.00001,0.55899
99.99000,0.62194,0.02858,0.07245,0.00002,0.89894
100.32000,0.62194,0.00239,0.00123,0.00000,0.99637
100.65000,0.62193,0.00188,0.00146,0.00000,0.99666
100.98000,0.62193,0.00849,0.02480,0.00001,0.96670
101.31000,0.62194,0.00826,0.01305,0.00003,0.97866
101.64000,0.62194,0.00421,0.00112,0.00001,0.99466
101.97000,0.62193,0.00250,0.00077,0.00000,0.99673
102.30000,0.62193,0.00212,0.00055,0.00000,0.99733
102.63000,0.62194,0.00328,0.00092,0.00000,0.99580
102.96000,0.62194,0.00385,0.00263,0.00001,0.99351
103.29000,0.62193,0.00285,0.00475,0.00000,0.99240
103.62000,0.62193,0.01048,0.00706,0.00001,0.98245
103.95000,0.62194,0.00440,0.00067,0.00001,0.99492
104.28000,0.62194,0.00610,0.00142,0.00001,0.99247
104.61000,0.62194,0.00253,0.00083,0.00000,0.99664
104.94000,0.62193,0.00587,0.00758,0.00000,0.98655
105.27000,0.62194,0.01695,0.00801,0.00007,0.97497
105.60000,0.62194,0.00500,0.00428,0.00001,0.99070
105.93000,0.62194,0.00796,0.00176,0.00002,0.99026
106.26000,0.62193,0.00629,0.00052,0.00001,0.99318
106.59000,0.62194,0.00532,0.00197,0.00001,0.99270
106.92000,0.62194,0.00399,0.00162,0.00001,0.99438
107.25000,0.62194,0.00480,0.00554,0.00000,0.98966
107.58000,0.62193,0.02182,0.14759,0.00003,0.83057
107.91000,0.62193,0.03664,0.22241,0.00006,0.74089
108.24000,0.62194,0.02344,0.06616,0.00004,0.91036
108.57000,0.62194,0.00629,0.00081,0.00002,0.99288
108.90000,0.62193,0.00309,0.00143,0.00000,0.99547
109.23000,0.62193,0.01407,0.01004,0.00008,0.97581
109.56000,0.62194,0.00311,0.00408,0.00000,0.99281
109.89000,0.62194,0.00303,0.00415,0.00000,0.99282
110.22000,0.62193,0.00471,0.00196,0.00001,0.99331
110.55000,0.62193,0.00346,0.00219,0.00001,0.99434
110.88000,0.62194,0.00464,0.00941,0.00000,0.98595
111.21000,0.62194,0.00893,0.01422,0.00001,0.97685
111.54000,0.62193,0.00341,0.00572,0.00001,0.99086
111.87000,0.62193,0.00312,0.00465,0.00000,0.99222
112.20000,0.62194,0.00523,0.01198,0.00002,0.98278
112.53000,0.62194,0.00531,0.00359,0.00002,0.99109
112.86000,0.62194,0.00186,0.00152,0.00000,0.99662
113.19000,0.62193,0.00262,0.00220,0.00000,0.99518
113.52000,0.62194,0.00347,0.00163,0.00000,0.99489
113.85000,0.62194,0.00316,0.00208,0.00000,0.99476
114.18000,0.62194,0.00412,0.00449,0.00001,0.99138
114.51000,0.62193,0.00423,0.00445,0.00001,0.99131
114.84000,0.62194,0.01710,0.04368,0.00000,0.93921
115.17000,0.62194,0.01257,0.00928,0.00001,0.97814
115.50000,0.62194,0.00480,0.00242,0.00002,0.99276
115.83000,0.62193,0.00245,0.00091,0.00000,0.99664
116.16000,0.62193,0.00627,0.00182,0.00001,0.99189
116.49000,0.62194,0.00432,0.00655,0.00001,0.98912
116.82000,0.62194,0.00677,0.00334,0.00001,0.98988
117.15000,0.62193,0.00403,0.00697,0.00000,0.98900
117.48000,0.62193,0.00571,0.01480,0.00000,0.97949
117.81000,0.62194,0.00390,0.00300,0.00000,0.99309
118.14000,0.62194,0.00309,0.00234,0.00000,0.99458
118.47000,0.62193,0.01301,0.01664,0.00000,0.97035
118.80000,0.62193,0.02417,0.13482,0.00002,0.84099
119.13000,0.62194,0.01841,0.11501,0.00001,0.86657
119.46000,0.62194,0.03105,0.34531,0.00001,0.62363
119.79000,0.62193,0.01025,0.03158,0.00001,0.95816
120.12000,0.62193,0.00829,0.02091,0.00000,0.97079
120.45000,0.62194,0.00987,0.04034,0.00000,0.94979
120.78000,0.62194,0.01187,0.05743,0.00001,0.93070
121.11000,0.62194,0.01452,0.05668,0.00002,0.92878
121.44000,0.62193,0.03670,0.34036,0.00002,0.62291
121.77000,0.62194,0.04374,0.42614,0.00004,0.53008
122.10000,0.62194,0.02211,0.22504,0.00004,0.75281
122.43000,0.62194,0.01854,0.10062,0.00007,0.88077
122.76000,0.62193,0.00376,0.00793,0.00000,0.98831
123.09000,0.62194,0.01063,0.04810,0.00001,0.94126
123.42000,0.62194,0.01814,0.09092,0.00006,0.89088
123.75000,0.62194,0.03050,0.05240,0.00006,0.91704
124.08000,0.62193,0.02292,0.09567,0.00000,0.88141
124.41000,0.62193,0.03743,0.09088,0.00006,0.87163
124.74000,0.62194,0.01343,0.04037,0.00001,0.94620
125.07000,0.62194,0.00991,0.03615,0.00001,0.95393
125.40000,0.62193,0.00404,0.00739,0.00000,0.98857
125.73000,0.62193,0.00793,0.00800,0.00002,0.98405
126.06000,0.62194,0.02167,0.05796,0.00007,0.92030
126.39000,0.62194,0.01849,0.05724,0.00003,0.92423
126.72000,0.62193,0.00614,0.01344,0.00001,0.98041
127.05000,0.62193,0.00387,0.00883,0.00000,0.98729
127.38000,0.62194,0.01756,0.06085,0.00004,0.92155
127.71000,0.62194,0.01984,0.10972,0.00002,0.87042
128.03999,0.62195,0.01631,0.13562,0.00001,0.84807
128.37000,0.62195,0.01211,0.05815,0.00001,0.92973
128.70000,0.62193,0.00723,0.02416,0.00001,0.96861
129.03000,0.62193,0.00933,0.04370,0.00001,0.94696
129.36000,0.62193,0.03043,0.29810,0.00001,0.67145
129.69000,0.62193,0.03484,0.17134,0.00001,0.79381
130.02000,0.62193,0.00552,0.00378,0.00002,0.99068
130.35001,0.62193,0.00257,0.00268,0.00000,0.99475
130.67999,0.62195,0.00473,0.00836,0.00001,0.98690
131.00999,0.62195,0.00401,0.00166,0.00001,0.99433
131.34000,0.62195,0.00404,0.00124,0.00000,0.99472
131.67000,0.62193,0.00610,0.02392,0.00001,0.96998
132.00000,0.62193,0.01462,0.03980,0.00004,0.94554
132.33000,0.62193,0.00392,0.00363,0.00001,0.99244
132.66000,0.62193,0.01319,0.00459,0.00008,0.98215
132.99001,0.62193,0.01688,0.00203,0.00008,0.98100
133.32001,0.62193,0.00870,0.00396,0.00014,0.98720
133.64999,0.62195,0.00790,0.00665,0.00004,0.98541
133.98000,0.62195,0.01013,0.01304,0.00003,0.97680
134.31000,0.62193,0.00349,0.00551,0.00000,0.99100
134.64000,0.62193,0.00387,0.00391,0.00000,0.99222
134.97000,0.62193,0.00701,0.00943,0.00003,0.98353
135.30000,0.62193,0.00372,0.00207,0.00001,0.99421
135.63000,0.62193,0.00359,0.00727,0.00001,0.98913
135.96001,0.62193,0.00910,0.02301,0.00001,0.96787
136.28999,0.62195,0.00345,0.00378,0.00000,0.99276
136.62000,0.62195,0.00933,0.02382,0.00001,0.96684
136.95000,0.62193,0.01157,0.05313,0.00001,0.93528
137.28000,0.62193,0.00892,0.00751,0.00002,0.98355
137.61000,0.62193,0.00436,0.00613,0.00001,0.98950
137.94000,0.62193,0.00293,0.00107,0.00000,0.99599
138.27000,0.62193,0.00269,0.00151,0.00000,0.99579
138.60001,0.62193,0.00451,0.00370,0.00002,0.99177
138.92999,0.62195,0.00402,0.00384,0.00001,0.99213
139.25999,0.62195,0.00430,0.00379,0.00001,0.99189
139.59000,0.62195,0.00616,0.01481,0.00003,0.97900
139.92000,0.62193,0.01837,0.00422,0.00016,0.97725
140.25000,0.62193,0.00492,0.00039,0.00000,0.99468
140.58000,0.62193,0.00262,0.00137,0.00000,0.99600
140.91000,0.62193,0.00436,0.00360,0.00000,0.99204
141.24001,0.62193,0.00730,0.00640,0.00001,0.98629
141.57001,0.62193,0.00354,0.00177,0.00001,0.99467
141.89999,0.62195,0.00330,0.00329,0.00001,0.99341
142.23000,0.62195,0.00510,0.01518,0.00001,0.97972
142.56000,0.62193,0.01700,0.06961,0.00002,0.91336
142.89000,0.62193,0.00618,0.00641,0.00001,0.98740
143.22000,0.62193,0.00301,0.00468,0.00000,0.99231
143.55000,0.62193,0.00537,0.01170,0.00001,0.98293
143.88000,0.62193,0.01294,0.01214,0.00003,0.97488
144.21001,0.62193,0.00284,0.00113,0.00000,0.99602
144.53999,0.62195,0.00385,0.00429,0.00001,0.99184
144.87000,0.62195,0.00372,0.00173,0.00001,0.99455
145.20000,0.62193,0.00409,0.00584,0.00001,0.99006
145.53000,0.62193,0.01223,0.03499,0.00002,0.95277
145.86000,0.62193,0.00392,0.00374,0.00000,0.99233
146.19000,0.62193,0.00230,0.00104,0.00000,0.99666
146.52000,0.62193,0.00311,0.00710,0.00000,0.98980
146.85001,0.62193,0.00819,0.01338,0.00001,0.97843
147.17999,0.62195,0.00361,0.00386,0.00000,0.99252
147.50999,0.62195,0.00436,0.00440,0.00000,0.99124
147.84000,0.62195,0.00300,0.00368,0.00000,0.99331
148.17000,0.62193,0.00311,0.00161,0.00000,0.99527
148.50000,0.62193,0.00253,0.00294,0.00000,0.99452
148.83000,0.62193,0.00480,0.01076,0.00000,0.98444
149.16000,0.62193,0.01069,0.01234,0.00001,0.97696
149.49001,0.62193,0.00713,0.01578,0.00000,0.97708
149.82001,0.62193,0.01057,0.03296,0.00001,0.95646
150.14999,0.62195,0.00666,0.01843,0.00001,0.97491
150.48000,0.62195,0.01575,0.04045,0.00002,0.94379
150.81000,0.62193,0.00528,0.00184,0.00001,0.99287
151.14000,0.62193,0.00284,0.00374,0.00000,0.99341
151.47000,0.62193,0.01315,0.01743,0.00002,0.96940
151.80000,0.62193,0.00594,0.01804,0.00000,0.97602
152.13000,0.62193,0.00591,0.02031,0.00000,0.97378
152.46001,0.62193,0.01596,0.02773,0.00006,0.95626
152.78999,0.62195,0.00459,0.00775,0.00001,0.98765
153.12000,0.62195,0.00341,0.00407,0.00000,0.99251
153.45000,0.62193,0.00421,0.01159,0.00001,0.98420
153.78000,0.62193,0.00834,0.02980,0.00001,0.96185
154.11000,0.62193,0.01353,0.05657,0.00003,0.92987
154.44000,0.62193,0.00655,0.02396,0.00000,0.96949
154.77000,0.62193,0.00389,0.00804,0.00001,0.98806
155.10001,0.62193,0.00591,0.01466,0.00000,0.97943
155.42999,0.62195,0.00604,0.01730,0.00001,0.97665
155.75999,0.62195,0.01023,0.04791,0.00001,0.94186
156.09000,0.62195,0.01463,0.06580,0.00001,0.91956
156.42000,0.62193,0.00627,0.01216,0.00001,0.98157
156.75000,0.62193,0.00888,0.02590,0.00000,0.96522
157.08000,0.62193,0.01927,0.08441,0.00002,0.89630
157.41000,0.62193,0.00531,0.00242,0.00001,0.99226
157.74001,0.62193,0.00330,0.00296,0.00001,0.99373
158.07001,0.62193,0.00404,0.00506,0.00001,0.99089
158.39999,0.62195,0.00508,0.00486,0.00000,0.99005
158.73000,0.62195,0.01380,0.05519,0.00001,0.93100
159.06000,0.62193,0.01576,0.01090,0.00005,0.97329
159.39000,0.62193,0.00481,0.01094,0.00000,0.98425
159.72000,0.62193,0.01178,0.01759,0.00001,0.97063
160.05000,0.62193,0.00306,0.00409,0.00000,0.99285
160.38000,0.62193,0.00599,0.01416,0.00001,0.97984
160.71001,0.62193,0.00554,0.02560,0.00000,0.96886
161.03999,0.62195,0.01568,0.09838,0.00002,0.88592
161.37000,0.62195,0.02463,0.06347,0.00007,0.91182
161.70000,0.62193,0.00786,0.01439,0.00000,0.97775
162.03000,0.62193,0.00455,0.00654,0.00000,0.98891
162.36000,0.62193,0.00629,0.00955,0.00002,0.98415
162.69000,0.62193,0.02010,0.01820,0.00021,0.96149
163.02000,0.62193,0.00658,0.00198,0.00001,0.99144
163.35001,0.62193,0.00708,0.00952,0.00003,0.98336
163.67999,0.62195,0.00550,0.00696,0.00003,0.98751
164.00999,0.62195,0.01130,0.02937,0.00011,0.95922
164.34000,0.62195,0.00643,0.01090,0.00001,0.98265
164.67000,0.62193,0.00580,0.01145,0.00001,0.98274
165.00000,0.62193,0.01817,0.08066,0.00012,0.90105
165.33000,0.62193,0.02814,0.03454,0.00027,0.93705
165.66000,0.62193,0.00789,0.00724,0.00004,0.98483
165.99001,0.62193,0.03452,0.00615,0.00231,0.95701
166.32001,0.62193,0.04515,0.03333,0.00217,0.91935
166.64999,0.62195,0.00810,0.01377,0.00005,0.97808
166.98000,0.62195,0.00437,0.01543,0.00000,0.98020
167.31000,0.62193,0.01385,0.06305,0.00002,0.92309
167.64000,0.62193,0.01693,0.07459,0.00002,0.90846
167.97000,0.62193,0.01051,0.05034,0.00002,0.93913
168.30000,0.62193,0.01708,0.05756,0.00005,0.92530
168.63000,0.62193,0.00494,0.00557,0.00001,0.98947
168.96001,0.62193,0.00368,0.00182,0.00001,0.99449
169.28999,0.62195,0.00261,0.00099,0.00000,0.99639
169.62000,0.62195,0.00713,0.00243,0.00000,0.99043
169.95000,0.62193,0.01479,0.08506,0.00001,0.90014
170.28000,0.62193,0.01571,0.02642,0.00002,0.95785
170.61000,0.62193,0.00754,0.00767,0.00001,0.98478
170.94000,0.62193,0.00561,0.00695,0.00001,0.98743
171.27000,0.62193,0.00487,0.00212,0.00000,0.99301
171.60001,0.62193,0.00946,0.00560,0.00000,0.98494
171.92999,0.62195,0.02034,0.14638,0.00002,0.83327
172.25999,0.62195,0.01228,0.01872,0.00002,0.96898
172.59000,0.62195,0.00226,0.00279,0.00000,0.99494
172.92000,0.62193,0.00611,0.01124,0.00003,0.98262
173.25000,0.62193,0.00669,0.00243,0.00003,0.99085
173.58000,0.62193,0.00883,0.01818,0.00000,0.97299
173.91000,0.62193,0.01646,0.02371,0.00001,0.95981
174.24001,0.62193,0.00881,0.01814,0.00000,0.97305
174.57001,0.62193,0.01355,0.05993,0.00005,0.92648
174.89999,0.62195,0.04261,0.03530,0.00037,0.92172
175.23000,0.62195,0.00867,0.00817,0.00004,0.98312
175.56000,0.62193,0.00413,0.00599,0.00001,0.98987
175.89000,0.62193,0.01038,0.03825,0.00009,0.95128
176.22000,0.62193,0.07925,0.32882,0.00037,0.59157
176.55000,0.62193,0.00870,0.01342,0.00001,0.97787
176.88000,0.62193,0.00614,0.01751,0.00001,0.97634
177.21001,0.62193,0.03461,0.16404,0.00005,0.80129
177.53999,0.62195,0.02232,0.12754,0.00004,0.85010
177.87000,0.62195,0.02383,0.13208,0.00012,0.84397
178.20000,0.62193,0.02977,0.13664,0.00020,0.83339
178.53000,0.62193,0.02074,0.05421,0.00004,0.92500
178.86000,0.62193,0.00781,0.02208,0.00000,0.97010
179.19000,0.62193,0.01024,0.03109,0.00001,0.95865
179.52000,0.62193,0.01131,0.01243,0.00005,0.97622
179.85001,0.62193,0.00248,0.00148,0.00000,0.99603
180.17999,0.62195,0.00539,0.00470,0.00001,0.98990
180.50999,0.62195,0.00783,0.02292,0.00001,0.96925
180.84000,0.62195,0.00782,0.02127,0.00001,0.97090
181.17000,0.62193,0.00843,0.03478,0.00000,0.95679
181.50000,0.62193,0.01142,0.00993,0.00002,0.97863
181.83000,0.62193,0.00806,0.02258,0.00001,0.96935
182.16000,0.62193,0.02042,0.06975,0.00002,0.90981
182.49001,0.62193,0.01077,0.02858,0.00001,0.96064
182.82001,0.62193,0.01586,0.06567,0.00002,0.91845
183.14999,0.62195,0.01649,0.01912,0.00006,0.96432
183.48000,0.62195,0.00966,0.03463,0.00000,0.95571
183.81000,0.62193,0.01335,0.03489,0.00002,0.95173
184.14000,0.62193,0.00246,0.00288,0.00000,0.99465
184.47000,0.62193,0.00921,0.00479,0.00010,0.98590
184.80000,0.62193,0.00583,0.00702,0.00001,0.98715
185.13000,0.62193,0.01025,0.00357,0.00002,0.98616
185.46001,0.62193,0.00543,0.00031,0.00001,0.99425
185.78999,0.62195,0.00528,0.00465,0.00000,0.99007
186.12000,0.62195,0.00993,0.03463,0.00002,0.95543
186.45000,0.62193,0.02486,0.15850,0.00003,0.81661
186.78000,0.62193,0.01546,0.02506,0.00002,0.95946
187.11000,0.62193,0.00309,0.00158,0.00000,0.99533
187.44000,0.62193,0.00282,0.00183,0.00000,0.99534
187.77000,0.62193,0.01150,0.04306,0.00000,0.94543
188.10001,0.62193,0.00970,0.02682,0.00001,0.96348
188.42999,0.62195,0.01472,0.01567,0.00004,0.96957
188.75999,0.62195,0.00298,0.00370,0.00000,0.99332
189.09000,0.62195,0.00542,0.01580,0.00001,0.97877
189.42000,0.62193,0.00495,0.00924,0.00000,0.98581
189.75000,0.62193,0.02224,0.06807,0.00005,0.90964
190.08000,0.62193,0.01861,0.08031,0.00009,0.90099
190.41000,0.62193,0.04901,0.43033,0.00017,0.52049
190.74001,0.62193,0.03512,0.32337,0.00005,0.64145
191.07001,0.62193,0.04399,0.39703,0.00011,0.55886
191.39999,0.62195,0.02391,0.14965,0.00004,0.82641
191.73000,0.62195,0.01672,0.13705,0.00001,0.84621
192.06000,0.62193,0.04680,0.19778,0.00002,0.75539
192.39000,0.62193,0.01195,0.02196,0.00006,0.96603
192.72000,0.62193,0.02605,0.37144,0.00001,0.60250
193.05000,0.62193,0.03588,0.23988,0.00002,0.72421
193.38000,0.62193,0.00994,0.05054,0.00002,0.93951
193.71001,0.62193,0.04282,0.09088,0.00077,0.86554
194.03999,0.62195,0.01905,0.05658,0.00019,0.92418
194.37000,0.62195,0.02728,0.07455,0.00008,0.89809
194.70000,0.62193,0.01275,0.01860,0.00001,0.96864
195.03000,0.62193,0.00550,0.00722,0.00001,0.98727
195.36000,0.62193,0.01106,0.04032,0.00002,0.94859
195.69000,0.62193,0.01295,0.02950,0.00002,0.95753
196.02000,0.62193,0.01128,0.04542,0.00001,0.94329
196.35001,0.62193,0.01588,0.06685,0.00001,0.91725
196.67999,0.62195,0.00496,0.01013,0.00000,0.98492
197.00999,0.62195,0.00407,0.00623,0.00001,0.98968
197.34000,0.62195,0.00612,0.00985,0.00002,0.98401
197.67000,0.62193,0.01942,0.08097,0.00006,0.89956
198.00000,0.62193,0.01045,0.03782,0.00001,0.95172
198.33000,0.62193,0.00906,0.03356,0.00001,0.95737
198.66000,0.62193,0.02996,0.32631,0.00001,0.64372
198.99001,0.62193,0.04611,0.29391,0.00006,0.65992
199.32001,0.62193,0.02726,0.23863,0.00003,0.73407
199.64999,0.62195,0.00606,0.00830,0.00000,0.98563
199.98000,0.62195,0.00252,0.00332,0.00000,0.99415
200.31000,0.62193,0.00495,0.00284,0.00001,0.99220
200.64000,0.62193,0.00299,0.00174,0.00000,0.99526
200.97000,0.62193,0.00625,0.00189,0.00003,0.99183
201.30000,0.62193,0.00828,0.00425,0.00004,0.98743
201.63000,0.62193,0.00686,0.00640,0.00001,0.98673
201.96001,0.62193,0.01549,0.02269,0.00010,0.96173
202.28999,0.62195,0.00907,0.03433,0.00003,0.95657
202.62000,0.62195,0.07715,0.65343,0.00013,0.26929
202.95000,0.62193,0.01948,0.00668,0.00009,0.97375
203.28000,0.62193,0.01064,0.00395,0.00003,0.98538
203.61000,0.62193,0.01352,0.02100,0.00018,0.96530
203.94000,0.62193,0.00336,0.00057,0.00001,0.99606
204.27000,0.62193,0.00496,0.00023,0.00001,0.99480
204.60001,0.62193,0.00204,0.00046,0.00000,0.99750
204.92999,0.62195,0.00325,0.00133,0.00000,0.99542
205.25999,0.62195,0.00704,0.00785,0.00004,0.98507
205.59000,0.62195,0.00297,0.00385,0.00000,0.99317
205.92000,0.62193,0.01208,0.00128,0.00001,0.98663
206.25000,0.62193,0.01272,0.00075,0.00019,0.98634
206.58000,0.62193,0.00853,0.00590,0.00003,0.98554
206.91000,0.62193,0.02353,0.06698,0.00015,0.90934
207.24001,0.62193,0.01169,0.04435,0.00001,0.94395
207.57001,0.62193,0.00814,0.00897,0.00001,0.98288
207.89999,0.62195,0.00819,0.00347,0.00002,0.98832
208.23000,0.62195,0.00438,0.00107,0.00001,0.99454
208.56000,0.62193,0.00332,0.00074,0.00000,0.99593
208.89000,0.62193,0.00261,0.00113,0.00000,0.99626
209.22000,0.62193,0.00275,0.00056,0.00000,0.99669
209.55000,0.62193,0.00393,0.00156,0.00000,0.99451
209.88000,0.62193,0.00605,0.00528,0.00004,0.98864
210.21001,0.62193,0.01079,0.02389,0.00002,0.96529
210.53999,0.62195,0.02963,0.25668,0.00001,0.71369
210.87000,0.62195,0.04556,0.39933,0.00003,0.55509
211.20000,0.62193,0.04470,0.25884,0.00002,0.69643
211.53000,0.62193,0.03046,0.25984,0.00006,0.70963
211.86000,0.62193,0.01628,0.09595,0.00001,0.88776
212.19000,0.62193,0.03352,0.44748,0.00001,0.51899
212.52000,0.62193,0.03193,0.14712,0.00005,0.82090
212.85001,0.62193,0.00631,0.00772,0.00003,0.98594
213.17999,0.62195,0.00487,0.00317,0.00002,0.99194
213.50999,0.62195,0.00625,0.00533,0.00004,0.98838
213.84000,0.62195,0.00470,0.01215,0.00001,0.98314
214.17000,0.62193,0.02208,0.00624,0.00017,0.97152
214.50000,0.62193,0.00291,0.00054,0.00000,0.99654
214.83000,0.62193,0.00625,0.01280,0.00000,0.98095
215.16000,0.62193,0.01066,0.03879,0.00005,0.95051
215.49001,0.62193,0.00443,0.00358,0.00000,0.99199
215.82001,0.62193,0.00698,0.01475,0.00000,0.97826
216.14999,0.62195,0.01437,0.04254,0.00002,0.94308
216.48000,0.62195,0.01709,0.01047,0.00005,0.97239
216.81000,0.62193,0.00311,0.00359,0.00000,0.99330
217.14000,0.62193,0.00554,0.01717,0.00001,0.97729
217.47000,0.62193,0.00532,0.00844,0.00001,0.98623
217.80000,0.62193,0.00623,0.01133,0.00001,0.98243
218.13000,0.62193,0.00271,0.00146,0.00000,0.99582
218.46001,0.62193,0.01920,0.07773,0.00005,0.90302
218.78999,0.62195,0.02263,0.11529,0.00002,0.86206
219.12000,0.62195,0.01277,0.01858,0.00001,0.96864
219.45000,0.62193,0.01390,0.03872,0.00001,0.94737
219.78000,0.62193,0.04372,0.21742,0.00004,0.73882
220.11000,0.62193,0.04446,0.84679,0.00003,0.10872
220.44000,0.62193,0.04255,0.70745,0.00002,0.24997
220.77000,0.62193,0.02003,0.11052,0.00008,0.86937
221.10001,0.62193,0.00852,0.02260,0.00003,0.96885
221.42999,0.62195,0.00932,0.01478,0.00006,0.97585
221.75999,0.62195,0.02653,0.13708,0.00008,0.83631
222.09000,0.62195,0.00423,0.00638,0.00000,0.98938
222.42000,0.62193,0.00248,0.00419,0.00000,0.99333
222.75000,0.62193,0.00735,0.01237,0.00002,0.98026
223.08000,0.62193,0.00497,0.00183,0.00001,0.99320
223.41000,0.62193,0.00330,0.00774,0.00000,0.98896
223.74001,0.62193,0.02670,0.01785,0.00022,0.95523
224.07001,0.62193,0.01193,0.01097,0.00004,0.97705
224.39999,0.62195,0.03243,0.33122,0.00004,0.63631
224.73000,0.62195,0.05090,0.20480,0.00009,0.74420
225.06000,0.62193,0.01450,0.07286,0.00002,0.91262
225.39000,0.62193,0.01021,0.05934,0.00000,0.93044
225.72000,0.62193,0.03049,0.38263,0.00001,0.58686
226.05000,0.62193,0.03645,0.33337,0.00007,0.63011
226.38000,0.62193,0.01274,0.05685,0.00002,0.93040
226.71001,0.62193,0.01622,0.16838,0.00003,0.81537
227.03999,0.62195,0.05549,0.64891,0.00013,0.29547
227.37000,0.62195,0.04732,0.17717,0.00007,0.77544
227.70000,0.62193,0.00985,0.02692,0.00002,0.96321
228.03000,0.62193,0.01651,0.12372,0.00007,0.85969
228.36000,0.62193,0.03036,0.09312,0.00011,0.87642
228.69000,0.62193,0.02799,0.37196,0.00008,0.59997
229.02000,0.62193,0.09050,0.15336,0.00027,0.75587
229.35001,0.62193,0.00377,0.00052,0.00001,0.99570
229.67999,0.62195,0.00489,0.00714,0.00000,0.98796
230.00999,0.62195,0.00552,0.01119,0.00000,0.98329
230.34000,0.62195,0.02732,0.38024,0.00001,0.59244
230.67000,0.62193,0.06582,0.19955,0.00011,0.73453
231.00000,0.62193,0.00462,0.01185,0.00001,0.98352
231.33000,0.62193,0.02694,0.23886,0.00004,0.73416
231.66000,0.62193,0.01261,0.08579,0.00000,0.90159
231.99001,0.62193,0.02199,0.16223,0.00004,0.81574
232.32001,0.62193,0.04738,0.16792,0.00007,0.78462
232.64999,0.62195,0.03087,0.14139,0.00006,0.82768
232.98000,0.62195,0.01631,0.07573,0.00003,0.90793
233.31000,0.62193,0.01158,0.03557,0.00005,0.95281
233.64000,0.62193,0.00823,0.02842,0.00001,0.96334
233.97000,0.62193,0.01197,0.04512,0.00003,0.94288
234.30000,0.62193,0.01056,0.02978,0.00003,0.95963
234.63000,0.62193,0.01146,0.04886,0.00006,0.93963
234.96001,0.62193,0.01625,0.08324,0.00001,0.90050
235.28999,0.62195,0.00878,0.01148,0.00000,0.97973
235.62000,0.62195,0.00435,0.00355,0.00001,0.99209
235.95000,0.62193,0.00732,0.01492,0.00000,0.97776
236.28000,0.62193,0.00283,0.00390,0.00000,0.99327
236.61000,0.62193,0.04742,0.43644,0.00002,0.51612
236.94000,0.62193,0.05499,0.17920,0.00002,0.76578
237.27000,0.62193,0.00451,0.00482,0.00000,0.99067
237.60001,0.62193,0.00396,0.00527,0.00000,0.99077
237.92999,0.62195,0.00498,0.00196,0.00001,0.99305
238.25999,0.62195,0.00285,0.00144,0.00000,0.99571
238.59000,0.62195,0.00400,0.00996,0.00001,0.98603
238.92000,0.62193,0.03147,0.17150,0.00001,0.79702
239.25000,0.62193,0.01729,0.02200,0.00004,0.96067
239.58000,0.62193,0.00570,0.01695,0.00003,0.97733
239.91000,0.62193,0.03377,0.15133,0.00033,0.81456
240.24001,0.62193,0.03278,0.09504,0.00020,0.87198
240.57001,0.62193,0.01914,0.08002,0.00006,0.90078
240.89999,0.62195,0.01772,0.12819,0.00002,0.85407
241.23000,0.62195,0.02886,0.07274,0.00009,0.89831
241.56000,0.62193,0.00329,0.00471,0.00001,0.99200
241.89000,0.62193,0.00287,0.00141,0.00000,0.99572
242.22000,0.62193,0.01016,0.00091,0.00011,0.98882
242.55000,0.62193,0.00795,0.00781,0.00001,0.98424
242.88000,0.62193,0.00508,0.00997,0.00001,0.98494
243.21001,0.62193,0.00384,0.00667,0.00000,0.98949
243.53999,0.62195,0.00520,0.00539,0.00001,0.98940
243.87000,0.62195,0.00993,0.00273,0.00004,0.98730
244.20000,0.62193,0.00319,0.00078,0.00000,0.99604
244.53000,0.62193,0.00389,0.00277,0.00001,0.99333
244.86000,0.62193,0.02221,0.07802,0.00000,0.89977
245.19000,0.62193,0.04786,0.81656,0.00003,0.13554
245.52000,0.62193,0.03594,0.40394,0.00007,0.56005
245.85001,0.62193,0.00570,0.00365,0.00001,0.99065
246.17999,0.62195,0.00242,0.00303,0.00000,0.99455
246.50999,0.62195,0.01173,0.03838,0.00007,0.94981
246.84000,0.62195,0.04738,0.21399,0.00047,0.73816
247.17000,0.62193,0.01907,0.01539,0.00007,0.96547
247.50000,0.62193,0.00702,0.00488,0.00005,0.98804
247.83000,0.62193,0.00490,0.00459,0.00001,0.99051
248.16000,0.62193,0.01102,0.02383,0.00016,0.96500
248.49001,0.62193,0.05455,0.01925,0.00143,0.92477
248.82001,0.62193,0.00454,0.00383,0.00000,0.99163
249.14999,0.62195,0.01379,0.00265,0.00007,0.98349
249.48000,0.62195,0.00483,0.00946,0.00000,0.98572
249.81000,0.62193,0.01790,0.08193,0.00006,0.90011
250.14000,0.62193,0.03069,0.08599,0.00008,0.88324
250.47000,0.62193,0.02545,0.02748,0.00006,0.94700
250.80000,0.62193,0.00550,0.00040,0.00002,0.99409
251.13000,0.62193,0.00416,0.00091,0.00001,0.99492
251.46001,0.62193,0.00344,0.00350,0.00001,0.99305
251.78999,0.62195,0.00670,0.01071,0.00001,0.98258
252.12000,0.62195,0.00470,0.00475,0.00000,0.99055
252.45000,0.62193,0.00202,0.00167,0.00000,0.99631
252.78000,0.62193,0.00819,0.02500,0.00001,0.96680
253.11000,0.62193,0.00915,0.01461,0.00001,0.97622
253.44000,0.62193,0.00496,0.00106,0.00001,0.99397
253.77000,0.62193,0.00440,0.00209,0.00000,0.99352
254.10001,0.62193,0.00713,0.01172,0.00000,0.98114
254.42999,0.62195,0.00382,0.00189,0.00000,0.99429
254.75999,0.62195,0.00290,0.00374,0.00000,0.99336
255.09000,0.62195,0.00407,0.00424,0.00001,0.99168
255.42000,0.62193,0.00360,0.00566,0.00001,0.99073
255.75000,0.62195,0.00382,0.00199,0.00001,0.99418
256.07999,0.62195,0.00555,0.01152,0.00001,0.98292
256.41000,0.62195,0.00640,0.02616,0.00001,0.96743
256.73999,0.62195,0.01025,0.03139,0.00003,0.95832
257.07001,0.62192,0.00708,0.00065,0.00004,0.99224
257.39999,0.62195,0.00367,0.00176,0.00000,0.99456
257.73001,0.62192,0.00961,0.00790,0.00008,0.98241
258.06000,0.62195,0.00565,0.00796,0.00001,0.98638
258.39001,0.62192,0.00647,0.01393,0.00002,0.97958
258.72000,0.62195,0.00420,0.00746,0.00001,0.98833
259.04999,0.62195,0.00313,0.00828,0.00001,0.98859
259.38000,0.62192,0.00486,0.00255,0.00000,0.99258
259.70999,0.62195,0.00534,0.00052,0.00000,0.99414
260.04001,0.62192,0.00548,0.00225,0.00001,0.99227
260.37000,0.62195,0.00306,0.00135,0.00000,0.99559
260.70001,0.62192,0.00468,0.00125,0.00001,0.99406
261.03000,0.62195,0.00368,0.00268,0.00000,0.99364
261.35999,0.62195,0.00267,0.00396,0.00000,0.99336
261.69000,0.62195,0.00387,0.00275,0.00000,0.99338
262.01999,0.62195,0.00234,0.00116,0.00000,0.99650
262.35001,0.62192,0.00227,0.00031,0.00000,0.99743
262.67999,0.62195,0.00258,0.00074,0.00000,0.99669
263.01001,0.62192,0.00382,0.00354,0.00001,0.99263
263.34000,0.62195,0.00488,0.00357,0.00001,0.99154
263.67001,0.62192,0.00445,0.00566,0.00001,0.98988
264.00000,0.62195,0.00413,0.00215,0.00001,0.99372
264.32999,0.62195,0.00300,0.00144,0.00000,0.99556
264.66000,0.62195,0.00211,0.00166,0.00000,0.99623
264.98999,0.62195,0.00315,0.00442,0.00000,0.99243
265.32001,0.62192,0.00688,0.01669,0.00001,0.97642
265.64999,0.62195,0.00549,0.00915,0.00000,0.98536
265.98001,0.62192,0.00497,0.00949,0.00000,0.98553
266.31000,0.62195,0.01073,0.04382,0.00002,0.94543
266.64001,0.62192,0.01095,0.02258,0.00001,0.96647
266.97000,0.62195,0.01034,0.02569,0.00001,0.96396
267.29999,0.62195,0.00667,0.01555,0.00001,0.97778
267.63000,0.62192,0.00942,0.02942,0.00002,0.96114
267.95999,0.62195,0.01732,0.01797,0.00003,0.96467
268.29001,0.62192,0.00825,0.02332,0.00000,0.96842
268.62000,0.62195,0.01981,0.10667,0.00002,0.87350
268.95001,0.62192,0.00854,0.02146,0.00001,0.96999
269.28000,0.62195,0.01910,0.12259,0.00008,0.85823
269.60999,0.62195,0.06745,0.71143,0.00034,0.22078
269.94000,0.62195,0.01852,0.05752,0.00002,0.92394
270.26999,0.62195,0.01478,0.04631,0.00001,0.93889
270.60001,0.62192,0.01170,0.03244,0.00002,0.95584
270.92999,0.62195,0.01011,0.02414,0.00001,0.96575
271.26001,0.62192,0.01078,0.01078,0.00003,0.97842
271.59000,0.62195,0.00452,0.00652,0.00002,0.98894
271.92001,0.62192,0.01058,0.02245,0.00002,0.96694
272.25000,0.62195,0.01096,0.00846,0.00003,0.98055
272.57999,0.62195,0.00266,0.00111,0.00000,0.99622
272.91000,0.62195,0.00472,0.00263,0.00001,0.99264
273.23999,0.62195,0.00369,0.00088,0.00001,0.99543
273.57001,0.62192,0.00575,0.00908,0.00000,0.98517
273.89999,0.62195,0.02331,0.13115,0.00007,0.84547
274.23001,0.62192,0.01208,0.03348,0.00004,0.95440
274.56000,0.62195,0.02280,0.20231,0.00002,0.77487
274.89001,0.62192,0.01883,0.07305,0.00006,0.90806
275.22000,0.62195,0.01262,0.03443,0.00002,0.95293
275.54999,0.62195,0.00821,0.04685,0.00003,0.94491
275.88000,0.62192,0.02127,0.12183,0.00005,0.85684
276.20999,0.62195,0.03167,0.19189,0.00007,0.77637
276.54001,0.62192,0.03048,0.11406,0.00004,0.85542
276.87000,0.62195,0.00920,0.02707,0.00001,0.96372
277.20001,0.62192,0.01638,0.10144,0.00002,0.88217
277.53000,0.62195,0.00615,0.01915,0.00001,0.97470
277.85999,0.62195,0.00931,0.03903,0.00001,0.95166
278.19000,0.62195,0.02006,0.07949,0.00002,0.90043
278.51999,0.62195,0.01572,0.02431,0.00007,0.95991
278.85001,0.62192,0.00431,0.01044,0.00001,0.98524
279.17999,0.62195,0.03399,0.15162,0.00004,0.81435
279.51001,0.62192,0.01932,0.02006,0.00004,0.96058
279.84000,0.62195,0.00409,0.00650,0.00000,0.98940
280.17001,0.62192,0.01470,0.02154,0.00004,0.96373
280.50000,0.62195,0.00334,0.00515,0.00000,0.99151
280.82999,0.62195,0.00609,0.01160,0.00001,0.98230
281.16000,0.62195,0.00709,0.00214,0.00001,0.99076
281.48999,0.62195,0.00811,0.00006,0.00003,0.99180
281.82001,0.62192,0.01002,0.00613,0.00000,0.98384
282.14999,0.62195,0.01211,0.01522,0.00002,0.97265
282.48001,0.62192,0.02796,0.00015,0.00011,0.97178
282.81000,0.62195,0.00809,0.00035,0.00001,0.99155
283.14001,0.62192,0.00769,0.00821,0.00001,0.98409
283.47000,0.62195,0.00505,0.00111,0.00001,0.99383
283.79999,0.62195,0.00273,0.00009,0.00000,0.99718
284.13000,0.62192,0.00660,0.00049,0.00001,0.99289
284.45999,0.62195,0.00917,0.00008,0.00003,0.99071
284.79001,0.62192,0.01108,0.00012,0.00004,0.98876
285.12000,0.62195,0.01024,0.00044,0.00003,0.98929
285.45001,0.62192,0.00298,0.00026,0.00000,0.99676
285.78000,0.62195,0.00773,0.00024,0.00002,0.99201
286.10999,0.62195,0.00852,0.00019,0.00001,0.99128
286.44000,0.62195,0.00724,0.00006,0.00001,0.99269
286.76999,0.62195,0.01366,0.00013,0.00011,0.98611
287.10001,0.62192,0.00502,0.00035,0.00002,0.99461
287.42999,0.62195,0.00977,0.00024,0.00008,0.98991
287.76001,0.62192,0.02380,0.00003,0.00007,0.97611
288.09000,0.62195,0.00928,0.00008,0.00002,0.99062
288.42001,0.62192,0.00990,0.00029,0.00002,0.98978
288.75000,0.62195,0.00946,0.00025,0.00003,0.99025
289.07999,0.62195,0.00560,0.00043,0.00001,0.99397
289.41000,0.62195,0.00450,0.00085,0.00001,0.99464
289.73999,0.62195,0.00467,0.00040,0.00001,0.99492
290.07001,0.62192,0.00762,0.00030,0.00002,0.99205
290.39999,0.62195,0.02474,0.00015,0.00043,0.97468
290.73001,0.62192,0.03371,0.00020,0.00162,0.96447
291.06000,0.62195,0.00670,0.00018,0.00000,0.99312
291.39001,0.62192,0.00415,0.00054,0.00001,0.99531
291.72000,0.62195,0.00894,0.00059,0.00003,0.99044
292.04999,0.62195,0.00957,0.00017,0.00007,0.99019
292.38000,0.62192,0.01969,0.00012,0.00010,0.98008
292.70999,0.62195,0.00654,0.00006,0.00001,0.99340
293.04001,0.62192,0.00800,0.00004,0.00001,0.99195
293.37000,0.62195,0.00583,0.00172,0.00001,0.99243
293.70001,0.62192,0.00299,0.00004,0.00000,0.99697
294.03000,0.62195,0.01379,0.00000,0.00001,0.98620
294.35999,0.62195,0.18525,0.00015,0.01315,0.80145
294.69000,0.62195,0.07877,0.01408,0.00025,0.90690
295.01999,0.62195,0.00493,0.00019,0.00000,0.99488
295.35001,0.62192,0.00402,0.00151,0.00000,0.99447
295.67999,0.62195,0.00669,0.00228,0.00001,0.99102
296.01001,0.62192,0.00964,0.00026,0.00006,0.99005
296.34000,0.62195,0.01371,0.00017,0.00004,0.98609
296.67001,0.62192,0.00764,0.00016,0.00002,0.99218
297.00000,0.62195,0.01242,0.00254,0.00009,0.98495
297.32999,0.62195,0.00879,0.00024,0.00001,0.99097
297.66000,0.62195,0.00336,0.00027,0.00000,0.99636
297.98999,0.62195,0.00887,0.00047,0.00003,0.99063
298.32001,0.62192,0.00904,0.00041,0.00004,0.99051
298.64999,0.62195,0.00890,0.00049,0.00002,0.99058
298.98001,0.62192,0.00456,0.00003,0.00001,0.99541
299.31000,0.62195,0.00593,0.00098,0.00000,0.99309
