Time (seconds), Duration (seconds),pred_(unlabeled),pred_brushing_teeth,pred_hair_drying,pred_showering
0.00000,0.62194,1.00000,0.00000,0.00000,0.00000
0.33000,0.62194,0.99981,0.00000,0.00014,0.00005
0.66000,0.62194,0.99820,0.00000,0.00050,0.00130
0.99000,0.62194,0.99647,0.00000,0.00082,0.00270
1.32000,0.62194,0.99878,0.00000,0.00057,0.00065
1.65000,0.62194,0.99912,0.00000,0.00023,0.00065
1.98000,0.62194,0.99927,0.00000,0.00021,0.00052
2.31000,0.62194,0.99817,0.00000,0.00060,0.00123
2.64000,0.62194,0.99983,0.00000,0.00009,0.00008
2.97000,0.62194,0.99963,0.00000,0.00011,0.00025
3.30000,0.62194,0.99960,0.00000,0.00020,0.00020
3.63000,0.62194,0.99975,0.00000,0.00014,0.00011
3.96000,0.62194,0.98368,0.00000,0.00041,0.01591
4.29000,0.62194,0.98897,0.00001,0.00104,0.00998
4.62000,0.62194,0.99944,0.00000,0.00008,0.00048
4.95000,0.62194,0.98894,0.00000,0.00029,0.01076
5.28000,0.62194,0.99752,0.00000,0.00063,0.00186
5.61000,0.62194,0.99958,0.00000,0.00035,0.00007
5.94000,0.62194,0.99838,0.00000,0.00089,0.00073
6.27000,0.62194,0.99881,0.00000,0.00088,0.00030
6.60000,0.62194,0.99997,0.00000,0.00003,0.00000
6.93000,0.62194,0.99956,0.00004,0.00030,0.00010
7.26000,0.62194,0.77430,0.18323,0.00011,0.04236
7.59000,0.62194,0.03358,0.96324,0.00000,0.00318
7.92000,0.62194,0.04018,0.95714,0.00000,0.00268
8.25000,0.62194,0.02895,0.96761,0.00000,0.00344
8.58000,0.62194,0.09083,0.85386,0.00000,0.05530
8.91000,0.62194,0.02398,0.97227,0.00000,0.00375
9.24000,0.62194,0.05296,0.91189,0.00000,0.03515
9.57000,0.62194,0.05328,0.90789,0.00000,0.03883
9.90000,0.62194,0.06094,0.89712,0.00001,0.04194
10.23000,0.62194,0.28029,0.38889,0.00002,0.33080
10.56000,0.62194,0.18292,0.74609,0.00001,0.07098
10.89000,0.62194,0.04940,0.94695,0.00000,0.00364
11.22000,0.62194,0.03785,0.96185,0.00000,0.00030
11.55000,0.62194,0.02206,0.97713,0.00000,0.00080
11.88000,0.62194,0.01921,0.97860,0.00000,0.00219
12.21000,0.62194,0.03889,0.93440,0.00000,0.02670
12.54000,0.62194,0.02442,0.97149,0.00000,0.00409
12.87000,0.62194,0.00655,0.99302,0.00000,0.00042
13.20000,0.62194,0.00610,0.99383,0.00000,0.00007
13.53000,0.62194,0.01348,0.98552,0.00000,0.00100
13.86000,0.62194,0.00994,0.98954,0.00000,0.00052
14.19000,0.62194,0.00538,0.99453,0.00000,0.00009
14.52000,0.62194,0.00511,0.99445,0.00001,0.00043
14.85000,0.62194,0.00468,0.99512,0.00000,0.00019
15.18000,0.62194,0.00429,0.99544,0.00000,0.00027
15.51000,0.62194,0.01676,0.96200,0.00000,0.02124
15.84000,0.62194,0.02468,0.93447,0.00000,0.04085
16.17000,0.62194,0.01295,0.98127,0.00000,0.00577
16.50000,0.62194,0.01042,0.98651,0.00000,0.00307
16.83000,0.62194,0.02454,0.96703,0.00000,0.00843
17.16000,0.62194,0.01661,0.98206,0.00000,0.00133
17.49000,0.62194,0.01800,0.97880,0.00000,0.00321
17.82000,0.62194,0.01806,0.97389,0.00000,0.00805
18.15000,0.62194,0.00952,0.98930,0.00000,0.00118
18.48000,0.62194,0.01014,0.98922,0.00000,0.00064
18.81000,0.62194,0.02045,0.97463,0.00000,0.00492
19.14000,0.62194,0.02395,0.97005,0.00000,0.00600
19.47000,0.62194,0.04024,0.94713,0.00000,0.01263
19.80000,0.62194,0.01213,0.98687,0.00000,0.00100
20.13000,0.62194,0.01008,0.98869,0.00000,0.00123
20.46000,0.62194,0.02165,0.96067,0.00000,0.01768
20.79000,0.62194,0.03520,0.84844,0.00001,0.11636
21.12000,0.62194,0.06230,0.71512,0.00001,0.22257
21.45000,0.62194,0.02114,0.97207,0.00000,0.00679
21.78000,0.62194,0.01535,0.98147,0.00000,0.00318
22.11000,0.62194,0.02506,0.95334,0.00000,0.02160
22.44000,0.62194,0.02198,0.96508,0.00000,0.01294
22.77000,0.62194,0.00937,0.98893,0.00000,0.00170
23.10000,0.62194,0.02484,0.96419,0.00000,0.01097
23.43000,0.62194,0.02613,0.93773,0.00000,0.03613
23.76000,0.62194,0.02100,0.96240,0.00000,0.01660
24.09000,0.62194,0.04396,0.91612,0.00001,0.03991
24.42000,0.62194,0.03725,0.92410,0.00000,0.03865
24.75000,0.62194,0.02442,0.96166,0.00000,0.01392
25.08000,0.62194,0.03347,0.93550,0.00000,0.03102
25.41000,0.62194,0.01690,0.97904,0.00000,0.00406
25.74000,0.62194,0.01994,0.97554,0.00000,0.00452
26.07000,0.62194,0.02125,0.97455,0.00000,0.00420
26.40000,0.62194,0.02149,0.96926,0.00000,0.00925
26.73000,0.62194,0.03508,0.95590,0.00000,0.00901
27.06000,0.62194,0.02094,0.97230,0.00000,0.00676
27.39000,0.62194,0.01206,0.98334,0.00000,0.00460
27.72000,0.62194,0.00827,0.98970,0.00000,0.00203
28.05000,0.62194,0.01279,0.98503,0.00000,0.00217
28.38000,0.62194,0.02630,0.95011,0.00000,0.02358
28.71000,0.62194,0.01426,0.97720,0.00000,0.00854
29.04000,0.62194,0.01364,0.98422,0.00000,0.00214
29.37000,0.62194,0.01298,0.98624,0.00000,0.00079
29.70000,0.62194,0.01325,0.98490,0.00000,0.00185
30.03000,0.62194,0.01197,0.98617,0.00000,0.00186
30.36000,0.62194,0.01108,0.98774,0.00000,0.00118
30.69000,0.62194,0.01412,0.98344,0.00000,0.00244
31.02000,0.62194,0.01980,0.97652,0.00000,0.00368
31.35000,0.62194,0.00809,0.99111,0.00000,0.00080
31.68000,0.62194,0.01751,0.98090,0.00000,0.00159
32.01000,0.62194,0.02301,0.97381,0.00000,0.00318
32.34000,0.62194,0.01179,0.98648,0.00000,0.00173
32.67000,0.62194,0.00968,0.98973,0.00000,0.00060
33.00000,0.62194,0.01759,0.98157,0.00000,0.00084
33.33000,0.62194,0.01176,0.98773,0.00000,0.00050
33.66000,0.62194,0.01129,0.98791,0.00000,0.00079
33.99000,0.62194,0.01193,0.98752,0.00000,0.00055
34.32000,0.62194,0.01162,0.98796,0.00000,0.00042
34.65000,0.62194,0.01101,0.98825,0.00000,0.00074
34.98000,0.62194,0.00657,0.99288,0.00000,0.00055
35.31000,0.62194,0.00916,0.99024,0.00000,0.00060
35.64000,0.62194,0.01147,0.98800,0.00000,0.00053
35.97000,0.62194,0.00864,0.99104,0.00000,0.00032
36.30000,0.62194,0.00789,0.99176,0.00000,0.00035
36.63000,0.62194,0.00902,0.99072,0.00000,0.00026
36.96000,0.62194,0.01234,0.98718,0.00000,0.00048
37.29000,0.62194,0.14795,0.84648,0.00001,0.00557
37.62000,0.62194,0.03687,0.95033,0.00001,0.01280
37.95000,0.62194,0.00411,0.99583,0.00000,0.00006
38.28000,0.62194,0.01224,0.98712,0.00000,0.00064
38.61000,0.62194,0.00986,0.98907,0.00000,0.00107
38.94000,0.62194,0.01202,0.98713,0.00000,0.00085
39.27000,0.62194,0.01499,0.98123,0.00000,0.00378
39.60000,0.62194,0.00676,0.99171,0.00000,0.00152
39.93000,0.62194,0.00473,0.99492,0.00000,0.00035
40.26000,0.62194,0.00666,0.99302,0.00000,0.00032
40.59000,0.62194,0.00594,0.99352,0.00000,0.00055
40.92000,0.62194,0.00674,0.99256,0.00000,0.00070
41.25000,0.62194,0.00802,0.99141,0.00000,0.00056
41.58000,0.62194,0.01078,0.98904,0.00000,0.00018
41.91000,0.62194,0.01429,0.98481,0.00000,0.00090
42.24000,0.62194,0.01711,0.97948,0.00000,0.00341
42.57000,0.62194,0.01035,0.98864,0.00000,0.00101
42.90000,0.62194,0.00600,0.99323,0.00000,0.00077
43.23000,0.62194,0.01161,0.98491,0.00000,0.00348
43.56000,0.62194,0.01171,0.98521,0.00000,0.00308
43.89000,0.62194,0.00431,0.99540,0.00000,0.00028
44.22000,0.62194,0.00884,0.98969,0.00000,0.00147
44.55000,0.62194,0.02329,0.96833,0.00000,0.00838
44.88000,0.62194,0.01366,0.98533,0.00000,0.00101
45.21000,0.62194,0.01331,0.98494,0.00000,0.00175
45.54000,0.62194,0.00832,0.99045,0.00000,0.00123
45.87000,0.62194,0.00566,0.99368,0.00000,0.00066
46.20000,0.62194,0.00499,0.99466,0.00000,0.00036
46.53000,0.62194,0.00406,0.99567,0.00000,0.00027
46.86000,0.62194,0.00540,0.99387,0.00000,0.00073
47.19000,0.62194,0.00879,0.98829,0.00000,0.00292
47.52000,0.62194,0.00466,0.99515,0.00000,0.00018
47.85000,0.62194,0.00216,0.99782,0.00000,0.00001
48.18000,0.62194,0.00209,0.99789,0.00000,0.00002
48.51000,0.62194,0.00262,0.99734,0.00000,0.00005
48.84000,0.62194,0.00269,0.99726,0.00000,0.00005
49.17000,0.62194,0.00189,0.99809,0.00000,0.00003
49.50000,0.62194,0.00195,0.99804,0.00000,0.00001
49.83000,0.62194,0.00196,0.99804,0.00000,0.00000
50.16000,0.62194,0.00237,0.99760,0.00000,0.00003
50.49000,0.62194,0.00202,0.99793,0.00000,0.00005
50.82000,0.62194,0.00315,0.99674,0.00000,0.00011
51.15000,0.62194,0.00213,0.99785,0.00000,0.00003
51.48000,0.62194,0.00168,0.99829,0.00000,0.00003
51.81000,0.62194,0.00208,0.99788,0.00000,0.00004
52.14000,0.62194,0.00653,0.99229,0.00000,0.00117
52.47000,0.62194,0.00274,0.99713,0.00000,0.00013
52.80000,0.62194,0.00227,0.99767,0.00000,0.00006
53.13000,0.62194,0.00204,0.99794,0.00000,0.00002
53.46000,0.62194,0.00216,0.99782,0.00000,0.00003
53.79000,0.62194,0.00181,0.99818,0.00000,0.00001
54.12000,0.62194,0.00214,0.99785,0.00000,0.00002
54.45000,0.62194,0.00336,0.99656,0.00000,0.00007
54.78000,0.62194,0.00220,0.99779,0.00000,0.00001
55.11000,0.62194,0.00172,0.99827,0.00000,0.00001
55.44000,0.62194,0.00270,0.99728,0.00000,0.00002
55.77000,0.62194,0.00230,0.99768,0.00000,0.00003
56.10000,0.62194,0.00141,0.99858,0.00000,0.00001
56.43000,0.62194,0.00269,0.99729,0.00000,0.00003
56.76000,0.62194,0.00285,0.99708,0.00000,0.00007
57.09000,0.62194,0.00592,0.99384,0.00000,0.00025
57.42000,0.62194,0.00444,0.99536,0.00000,0.00020
57.75000,0.62194,0.00238,0.99755,0.00000,0.00008
58.08000,0.62194,0.00234,0.99757,0.00000,0.00009
58.41000,0.62194,0.00249,0.99739,0.00000,0.00011
58.74000,0.62194,0.00162,0.99836,0.00000,0.00001
59.07000,0.62194,0.00147,0.99852,0.00000,0.00001
59.40000,0.62194,0.00245,0.99753,0.00000,0.00001
59.73000,0.62194,0.00209,0.99789,0.00000,0.00002
60.06000,0.62194,0.00205,0.99793,0.00000,0.00002
60.39000,0.62194,0.00172,0.99825,0.00000,0.00002
60.72000,0.62194,0.00184,0.99815,0.00000,0.00001
61.05000,0.62194,0.00179,0.99821,0.00000,0.00000
61.38000,0.62194,0.00154,0.99845,0.00000,0.00001
61.71000,0.62194,0.00266,0.99729,0.00000,0.00005
62.04000,0.62194,0.00191,0.99807,0.00000,0.00002
62.37000,0.62194,0.00111,0.99889,0.00000,0.00000
62.70000,0.62194,0.00167,0.99832,0.00000,0.00001
63.03000,0.62194,0.00147,0.99853,0.00000,0.00000
63.36000,0.62194,0.00218,0.99781,0.00000,0.00001
63.69000,0.62194,0.00249,0.99748,0.00000,0.00003
64.02000,0.62194,0.00484,0.99502,0.00000,0.00014
64.35000,0.62194,0.00265,0.99727,0.00000,0.00008
64.68000,0.62194,0.00286,0.99710,0.00000,0.00003
65.01000,0.62193,0.00172,0.99827,0.00000,0.00002
65.34000,0.62194,0.00299,0.99698,0.00000,0.00003
65.67000,0.62194,0.00221,0.99777,0.00000,0.00002
66.00000,0.62194,0.00175,0.99822,0.00000,0.00003
66.33000,0.62193,0.00166,0.99831,0.00000,0.00003
66.66000,0.62193,0.00194,0.99804,0.00000,0.00002
66.99000,0.62194,0.00928,0.99054,0.00000,0.00018
67.32000,0.62194,0.05600,0.94299,0.00000,0.00101
67.65000,0.62193,0.04263,0.95331,0.00001,0.00405
67.98000,0.62193,0.01045,0.98841,0.00000,0.00114
68.31000,0.62194,0.00300,0.99697,0.00000,0.00003
68.64000,0.62194,0.00520,0.99454,0.00000,0.00025
68.97000,0.62193,0.00376,0.99600,0.00000,0.00024
69.30000,0.62193,0.00286,0.99697,0.00000,0.00016
69.63000,0.62194,0.00335,0.99642,0.00000,0.00022
69.96000,0.62194,0.00794,0.99132,0.00000,0.00074
70.29000,0.62193,0.00359,0.99626,0.00000,0.00015
70.62000,0.62193,0.00252,0.99746,0.00000,0.00001
70.95000,0.62194,0.00274,0.99722,0.00000,0.00004
71.28000,0.62194,0.00178,0.99820,0.00000,0.00002
71.61000,0.62194,0.00236,0.99762,0.00000,0.00001
71.94000,0.62193,0.00286,0.99708,0.00000,0.00006
72.27000,0.62194,0.00262,0.99729,0.00000,0.00009
72.60000,0.62194,0.00291,0.99693,0.00000,0.00016
72.93000,0.62194,0.00359,0.99629,0.00000,0.00011
73.26000,0.62193,0.00267,0.99722,0.00000,0.00011
73.59000,0.62194,0.00241,0.99751,0.00000,0.00008
73.92000,0.62194,0.00377,0.99618,0.00000,0.00005
74.25000,0.62194,0.00243,0.99755,0.00000,0.00002
74.58000,0.62193,0.00253,0.99745,0.00000,0.00002
74.91000,0.62193,0.00668,0.99304,0.00000,0.00028
75.24000,0.62194,0.00349,0.99634,0.00000,0.00017
75.57000,0.62194,0.00322,0.99669,0.00000,0.00009
75.90000,0.62193,0.00164,0.99835,0.00000,0.00001
76.23000,0.62193,0.00315,0.99682,0.00000,0.00003
76.56000,0.62194,0.00331,0.99662,0.00000,0.00007
76.89000,0.62194,0.00298,0.99693,0.00000,0.00009
77.22000,0.62193,0.00375,0.99584,0.00000,0.00040
77.55000,0.62193,0.00316,0.99675,0.00000,0.00009
77.88000,0.62194,0.00239,0.99755,0.00000,0.00006
78.21000,0.62194,0.00828,0.99130,0.00000,0.00042
78.54000,0.62193,0.00803,0.99182,0.00000,0.00015
78.87000,0.62193,0.03391,0.96473,0.00000,0.00136
79.20000,0.62194,0.01712,0.98190,0.00000,0.00098
79.53000,0.62194,0.00492,0.99497,0.00000,0.00011
79.86000,0.62194,0.00412,0.99585,0.00000,0.00002
80.19000,0.62193,0.00403,0.99592,0.00000,0.00005
80.52000,0.62194,0.00234,0.99765,0.00000,0.00001
80.85000,0.62194,0.00198,0.99801,0.00000,0.00001
81.18000,0.62194,0.00173,0.99827,0.00000,0.00000
81.51000,0.62193,0.01154,0.98845,0.00000,0.00001
81.84000,0.62194,0.03872,0.96121,0.00000,0.00008
82.17000,0.62194,0.01913,0.98086,0.00000,0.00001
82.50000,0.62194,0.01189,0.98811,0.00000,0.00000
82.83000,0.62193,0.00805,0.99195,0.00000,0.00000
83.16000,0.62193,0.00542,0.99458,0.00000,0.00000
83.49000,0.62194,0.00449,0.99551,0.00000,0.00000
83.82000,0.62194,0.00896,0.99104,0.00000,0.00000
84.15000,0.62193,0.00636,0.99360,0.00000,0.00004
84.48000,0.62193,0.01106,0.98885,0.00000,0.00009
84.81000,0.62194,0.01023,0.98969,0.00000,0.00008
85.14000,0.62194,0.01612,0.98362,0.00000,0.00025
85.47000,0.62193,0.01655,0.98316,0.00000,0.00029
85.80000,0.62193,0.00427,0.99570,0.00000,0.00003
86.13000,0.62194,0.00625,0.99366,0.00000,0.00010
86.46000,0.62194,0.00992,0.99006,0.00000,0.00002
86.79000,0.62193,0.00455,0.99544,0.00000,0.00001
87.12000,0.62193,0.00409,0.99591,0.00000,0.00000
87.45000,0.62194,0.01277,0.98723,0.00000,0.00000
87.78000,0.62194,0.01211,0.98788,0.00000,0.00001
88.11000,0.62194,0.01370,0.98629,0.00000,0.00001
88.44000,0.62193,0.01672,0.98322,0.00000,0.00007
88.77000,0.62194,0.04545,0.95388,0.00000,0.00066
89.10000,0.62194,0.00970,0.99026,0.00000,0.00004
89.43000,0.62194,0.00454,0.99544,0.00000,0.00002
89.76000,0.62193,0.08846,0.90698,0.00001,0.00455
90.09000,0.62194,0.34604,0.36604,0.00003,0.28789
90.42000,0.62194,0.22045,0.62954,0.00003,0.14997
90.75000,0.62194,0.28649,0.18518,0.00003,0.52830
91.08000,0.62193,0.26689,0.71480,0.00001,0.01829
91.41000,0.62193,0.16606,0.82555,0.00000,0.00839
91.74000,0.62194,0.03058,0.96920,0.00000,0.00022
92.07000,0.62194,0.07636,0.92207,0.00000,0.00157
92.40000,0.62193,0.04646,0.95236,0.00000,0.00118
92.73000,0.62193,0.06034,0.93614,0.00000,0.00352
93.06000,0.62194,0.02029,0.97946,0.00000,0.00025
93.39000,0.62194,0.01038,0.98953,0.00000,0.00008
93.72000,0.62193,0.05815,0.93179,0.00000,0.01006
94.05000,0.62193,0.06354,0.93380,0.00000,0.00265
94.38000,0.62194,0.02913,0.96531,0.00000,0.00555
94.71000,0.62194,0.02152,0.97451,0.00000,0.00397
95.04000,0.62193,0.02812,0.95749,0.00000,0.01439
95.37000,0.62193,0.20698,0.77431,0.00001,0.01870
95.70000,0.62194,0.07282,0.91615,0.00000,0.01103
96.03000,0.62194,0.01597,0.98292,0.00000,0.00111
96.36000,0.62194,0.00676,0.99315,0.00000,0.00009
96.69000,0.62193,0.00667,0.99325,0.00000,0.00008
97.02000,0.62194,0.04848,0.95066,0.00000,0.00086
97.35000,0.62194,0.06880,0.93118,0.00000,0.00002
97.68000,0.62194,0.01058,0.98942,0.00000,0.00001
98.01000,0.62193,0.00980,0.99006,0.00000,0.00014
98.34000,0.62194,0.00656,0.99337,0.00000,0.00007
98.67000,0.62194,0.00468,0.99526,0.00000,0.00005
99.00000,0.62194,0.00438,0.99560,0.00000,0.00002
99.33000,0.62193,0.00642,0.99354,0.00000,0.00004
99.66000,0.62193,0.00685,0.99309,0.00000,0.00006
99.99000,0.62194,0.00573,0.99415,0.00000,0.00011
100.32000,0.62194,0.01268,0.98715,0.00000,0.00017
100.65000,0.62193,0.00396,0.99604,0.00000,0.00001
100.98000,0.62193,0.00780,0.99211,0.00000,0.00010
101.31000,0.62194,0.01643,0.98298,0.00000,0.00059
101.64000,0.62194,0.02919,0.97038,0.00000,0.00042
101.97000,0.62193,0.01335,0.98617,0.00000,0.00049
102.30000,0.62193,0.00923,0.99067,0.00000,0.00010
102.63000,0.62194,0.02870,0.97056,0.00000,0.00074
102.96000,0.62194,0.00948,0.99048,0.00000,0.00004
103.29000,0.62193,0.00758,0.99237,0.00000,0.00005
103.62000,0.62193,0.00468,0.99527,0.00000,0.00005
103.95000,0.62194,0.00970,0.99021,0.00000,0.00009
104.28000,0.62194,0.00868,0.99127,0.00000,0.00005
104.61000,0.62194,0.01211,0.98776,0.00000,0.00013
104.94000,0.62193,0.00440,0.99558,0.00000,0.00002
105.27000,0.62194,0.00973,0.98917,0.00000,0.00110
105.60000,0.62194,0.00933,0.99026,0.00000,0.00041
105.93000,0.62194,0.01460,0.98537,0.00000,0.00002
106.26000,0.62193,0.06263,0.93705,0.00000,0.00032
106.59000,0.62194,0.02766,0.96767,0.00000,0.00466
106.92000,0.62194,0.01031,0.98649,0.00000,0.00320
107.25000,0.62194,0.01103,0.98648,0.00000,0.00249
107.58000,0.62193,0.00759,0.99109,0.00000,0.00132
107.91000,0.62193,0.00292,0.99679,0.00000,0.00030
108.24000,0.62194,0.00311,0.99674,0.00000,0.00015
108.57000,0.62194,0.00488,0.99471,0.00000,0.00041
108.90000,0.62193,0.00387,0.99489,0.00000,0.00124
109.23000,0.62193,0.00528,0.99307,0.00000,0.00165
109.56000,0.62194,0.00622,0.99243,0.00001,0.00134
109.89000,0.62194,0.00601,0.99257,0.00000,0.00142
110.22000,0.62193,0.00395,0.99583,0.00000,0.00022
110.55000,0.62193,0.00608,0.99331,0.00000,0.00060
110.88000,0.62194,0.00733,0.99105,0.00000,0.00162
111.21000,0.62194,0.00956,0.98616,0.00000,0.00427
111.54000,0.62193,0.00792,0.98747,0.00000,0.00460
111.87000,0.62193,0.00689,0.98825,0.00001,0.00485
112.20000,0.62194,0.00289,0.99682,0.00000,0.00029
112.53000,0.62194,0.00373,0.99585,0.00000,0.00042
112.86000,0.62194,0.00901,0.97466,0.00000,0.01632
113.19000,0.62193,0.01464,0.96262,0.00000,0.02273
113.52000,0.62194,0.01023,0.97528,0.00001,0.01449
113.85000,0.62194,0.00861,0.97676,0.00000,0.01462
114.18000,0.62194,0.00560,0.99030,0.00000,0.00410
114.51000,0.62193,0.00497,0.99218,0.00000,0.00284
114.84000,0.62194,0.00702,0.98617,0.00000,0.00681
115.17000,0.62194,0.00421,0.99414,0.00000,0.00164
115.50000,0.62194,0.00394,0.99451,0.00000,0.00155
115.83000,0.62193,0.00476,0.99323,0.00000,0.00201
116.16000,0.62193,0.01298,0.95702,0.00001,0.03000
116.49000,0.62194,0.00637,0.98797,0.00000,0.00566
116.82000,0.62194,0.00391,0.99543,0.00000,0.00065
117.15000,0.62193,0.00556,0.99093,0.00000,0.00351
117.48000,0.62193,0.00433,0.99345,0.00000,0.00223
117.81000,0.62194,0.00888,0.97741,0.00000,0.01370
118.14000,0.62194,0.00350,0.99593,0.00000,0.00057
118.47000,0.62193,0.00495,0.99421,0.00000,0.00084
118.80000,0.62193,0.00442,0.99493,0.00000,0.00065
119.13000,0.62194,0.00692,0.98773,0.00000,0.00534
119.46000,0.62194,0.01105,0.97305,0.00000,0.01590
119.79000,0.62193,0.00864,0.98050,0.00000,0.01085
120.12000,0.62193,0.00982,0.97050,0.00000,0.01968
120.45000,0.62194,0.00983,0.97135,0.00000,0.01882
120.78000,0.62194,0.00817,0.97613,0.00000,0.01569
121.11000,0.62194,0.00542,0.99275,0.00000,0.00183
121.44000,0.62193,0.01064,0.97650,0.00000,0.01286
121.77000,0.62194,0.00931,0.96986,0.00000,0.02083
122.10000,0.62194,0.01577,0.86600,0.00001,0.11822
122.43000,0.62194,0.00856,0.98341,0.00000,0.00803
122.76000,0.62193,0.00583,0.99084,0.00000,0.00333
123.09000,0.62194,0.00637,0.98853,0.00000,0.00510
123.42000,0.62194,0.00676,0.98951,0.00000,0.00373
123.75000,0.62194,0.00947,0.97096,0.00000,0.01956
124.08000,0.62193,0.00757,0.98040,0.00000,0.01203
124.41000,0.62193,0.00570,0.99123,0.00000,0.00306
124.74000,0.62194,0.00538,0.99189,0.00000,0.00273
125.07000,0.62194,0.00495,0.99323,0.00000,0.00182
125.40000,0.62193,0.01000,0.98179,0.00000,0.00821
125.73000,0.62193,0.01088,0.97626,0.00000,0.01286
126.06000,0.62194,0.00571,0.99286,0.00000,0.00142
126.39000,0.62194,0.00532,0.99382,0.00000,0.00086
126.72000,0.62193,0.00621,0.99089,0.00000,0.00289
127.05000,0.62193,0.01203,0.97102,0.00000,0.01694
127.38000,0.62194,0.02816,0.94971,0.00001,0.02212
127.71000,0.62194,0.09687,0.34752,0.00004,0.55558
128.03999,0.62195,0.20506,0.27112,0.00006,0.52377
128.37000,0.62195,0.57714,0.04062,0.00003,0.38221
128.70000,0.62193,0.03876,0.90069,0.00001,0.06053
129.03000,0.62193,0.01100,0.98088,0.00000,0.00812
129.36000,0.62193,0.00831,0.98535,0.00000,0.00634
129.69000,0.62193,0.00691,0.98999,0.00000,0.00310
130.02000,0.62193,0.00603,0.99260,0.00000,0.00137
130.35001,0.62193,0.00428,0.99407,0.00000,0.00165
130.67999,0.62195,0.00631,0.99058,0.00000,0.00311
131.00999,0.62195,0.02628,0.87421,0.00000,0.09951
131.34000,0.62195,0.01479,0.94588,0.00000,0.03933
131.67000,0.62193,0.00762,0.98757,0.00000,0.00481
132.00000,0.62193,0.00775,0.98885,0.00000,0.00340
132.33000,0.62193,0.00576,0.99318,0.00000,0.00105
132.66000,0.62193,0.01435,0.96951,0.00000,0.01614
132.99001,0.62193,0.01069,0.97779,0.00000,0.01153
133.32001,0.62193,0.01472,0.94755,0.00000,0.03772
133.64999,0.62195,0.01362,0.93074,0.00000,0.05563
133.98000,0.62195,0.00963,0.95728,0.00000,0.03309
134.31000,0.62193,0.01443,0.93862,0.00000,0.04695
134.64000,0.62193,0.01011,0.97686,0.00000,0.01303
134.97000,0.62193,0.00582,0.99206,0.00000,0.00212
135.30000,0.62193,0.01520,0.95268,0.00000,0.03211
135.63000,0.62193,0.01234,0.96676,0.00000,0.02089
135.96001,0.62193,0.00836,0.98150,0.00000,0.01013
136.28999,0.62195,0.00487,0.99245,0.00000,0.00268
136.62000,0.62195,0.00945,0.97862,0.00000,0.01192
136.95000,0.62193,0.01126,0.96327,0.00000,0.02547
137.28000,0.62193,0.00644,0.98885,0.00000,0.00471
137.61000,0.62193,0.00563,0.99076,0.00000,0.00361
137.94000,0.62193,0.00972,0.96819,0.00000,0.02209
138.27000,0.62193,0.01856,0.86923,0.00001,0.11221
138.60001,0.62193,0.01487,0.96293,0.00001,0.02220
138.92999,0.62195,0.00557,0.99273,0.00000,0.00170
139.25999,0.62195,0.00627,0.98901,0.00000,0.00472
139.59000,0.62195,0.01257,0.95819,0.00000,0.02923
139.92000,0.62193,0.01751,0.92244,0.00001,0.06004
140.25000,0.62193,0.01324,0.92963,0.00001,0.05711
140.58000,0.62193,0.00832,0.98042,0.00000,0.01126
140.91000,0.62193,0.00790,0.98834,0.00000,0.00376
141.24001,0.62193,0.00398,0.99577,0.00000,0.00025
141.57001,0.62193,0.00425,0.99544,0.00000,0.00031
141.89999,0.62195,0.00717,0.99153,0.00000,0.00129
142.23000,0.62195,0.00379,0.99569,0.00000,0.00052
142.56000,0.62193,0.00614,0.99218,0.00000,0.00168
142.89000,0.62193,0.01034,0.98427,0.00000,0.00538
143.22000,0.62193,0.00576,0.99331,0.00000,0.00093
143.55000,0.62193,0.00416,0.99550,0.00000,0.00034
143.88000,0.62193,0.00750,0.99134,0.00000,0.00116
144.21001,0.62193,0.00666,0.99311,0.00000,0.00022
144.53999,0.62195,0.00668,0.99253,0.00000,0.00079
144.87000,0.62195,0.00469,0.99485,0.00000,0.00047
145.20000,0.62193,0.00596,0.99351,0.00000,0.00053
145.53000,0.62193,0.00529,0.99379,0.00000,0.00091
145.86000,0.62193,0.00473,0.99503,0.00000,0.00023
146.19000,0.62193,0.00453,0.99508,0.00000,0.00038
146.52000,0.62193,0.00482,0.99483,0.00000,0.00034
146.85001,0.62193,0.00362,0.99609,0.00000,0.00029
147.17999,0.62195,0.00612,0.99238,0.00000,0.00150
147.50999,0.62195,0.00694,0.99147,0.00000,0.00159
147.84000,0.62195,0.00737,0.99208,0.00001,0.00055
148.17000,0.62193,0.00562,0.99379,0.00000,0.00059
148.50000,0.62193,0.01322,0.97881,0.00000,0.00797
148.83000,0.62193,0.00665,0.99238,0.00000,0.00097
149.16000,0.62193,0.00506,0.99472,0.00000,0.00022
149.49001,0.62193,0.00949,0.98541,0.00000,0.00509
149.82001,0.62193,0.00518,0.99425,0.00000,0.00057
150.14999,0.62195,0.00652,0.99179,0.00000,0.00169
150.48000,0.62195,0.00762,0.99165,0.00000,0.00074
150.81000,0.62193,0.00489,0.99474,0.00000,0.00037
151.14000,0.62193,0.00604,0.99312,0.00000,0.00084
151.47000,0.62193,0.00624,0.99283,0.00000,0.00092
151.80000,0.62193,0.00975,0.98862,0.00000,0.00163
152.13000,0.62193,0.00816,0.99023,0.00000,0.00161
152.46001,0.62193,0.01238,0.98438,0.00000,0.00324
152.78999,0.62195,0.01926,0.95539,0.00001,0.02534
153.12000,0.62195,0.00804,0.98650,0.00000,0.00545
153.45000,0.62193,0.00885,0.98471,0.00000,0.00645
153.78000,0.62193,0.01753,0.97101,0.00000,0.01145
154.11000,0.62193,0.01165,0.98350,0.00000,0.00485
154.44000,0.62193,0.01518,0.98075,0.00000,0.00408
154.77000,0.62193,0.01260,0.98304,0.00000,0.00437
155.10001,0.62193,0.01772,0.95571,0.00000,0.02656
155.42999,0.62195,0.01079,0.98656,0.00000,0.00265
155.75999,0.62195,0.01129,0.98473,0.00000,0.00398
156.09000,0.62195,0.01466,0.97961,0.00000,0.00573
156.42000,0.62193,0.01627,0.97594,0.00000,0.00779
156.75000,0.62193,0.01397,0.97421,0.00000,0.01181
157.08000,0.62193,0.01943,0.92855,0.00000,0.05202
157.41000,0.62193,0.08481,0.83476,0.00001,0.08042
157.74001,0.62193,0.07410,0.33376,0.00003,0.59211
158.07001,0.62193,0.03769,0.91928,0.00000,0.04303
158.39999,0.62195,0.00652,0.98947,0.00000,0.00400
158.73000,0.62195,0.01339,0.93617,0.00001,0.05043
159.06000,0.62193,0.03049,0.64211,0.00001,0.32740
159.39000,0.62193,0.01569,0.94244,0.00000,0.04187
159.72000,0.62193,0.01150,0.96914,0.00000,0.01935
160.05000,0.62193,0.03578,0.67152,0.00001,0.29269
160.38000,0.62193,0.02431,0.85079,0.00000,0.12489
160.71001,0.62193,0.02149,0.80730,0.00001,0.17121
161.03999,0.62195,0.01501,0.93530,0.00000,0.04969
161.37000,0.62195,0.02613,0.64208,0.00001,0.33178
161.70000,0.62193,0.01628,0.83717,0.00000,0.14654
162.03000,0.62193,0.00874,0.97548,0.00000,0.01578
162.36000,0.62193,0.00894,0.97995,0.00000,0.01111
162.69000,0.62193,0.00555,0.99144,0.00000,0.00300
163.02000,0.62193,0.01036,0.97100,0.00000,0.01864
163.35001,0.62193,0.00627,0.98827,0.00000,0.00545
163.67999,0.62195,0.00495,0.99194,0.00000,0.00310
164.00999,0.62195,0.00565,0.99256,0.00000,0.00179
164.34000,0.62195,0.00830,0.98336,0.00000,0.00833
164.67000,0.62193,0.00739,0.98608,0.00000,0.00653
165.00000,0.62193,0.01388,0.96088,0.00000,0.02524
165.33000,0.62193,0.01258,0.96700,0.00000,0.02041
165.66000,0.62193,0.01049,0.97778,0.00000,0.01172
165.99001,0.62193,0.01355,0.94721,0.00000,0.03924
166.32001,0.62193,0.00788,0.97266,0.00000,0.01945
166.64999,0.62195,0.01065,0.96135,0.00000,0.02800
166.98000,0.62195,0.02157,0.74177,0.00000,0.23666
167.31000,0.62193,0.02126,0.86981,0.00000,0.10893
167.64000,0.62193,0.01254,0.90152,0.00000,0.08593
167.97000,0.62193,0.02081,0.74068,0.00000,0.23851
168.30000,0.62193,0.01726,0.80393,0.00001,0.17881
168.63000,0.62193,0.01672,0.83802,0.00000,0.14526
168.96001,0.62193,0.01061,0.94007,0.00000,0.04931
169.28999,0.62195,0.00924,0.97526,0.00000,0.01549
169.62000,0.62195,0.00998,0.96432,0.00000,0.02570
169.95000,0.62193,0.00629,0.98676,0.00000,0.00695
170.28000,0.62193,0.00745,0.98685,0.00000,0.00569
170.61000,0.62193,0.00999,0.97922,0.00000,0.01079
170.94000,0.62193,0.01274,0.97617,0.00000,0.01108
171.27000,0.62193,0.00819,0.96934,0.00000,0.02246
171.60001,0.62193,0.00760,0.97551,0.00000,0.01689
171.92999,0.62195,0.01123,0.95815,0.00000,0.03062
172.25999,0.62195,0.01180,0.96255,0.00000,0.02564
172.59000,0.62195,0.01763,0.89515,0.00001,0.08721
172.92000,0.62193,0.01333,0.93509,0.00000,0.05158
173.25000,0.62193,0.01278,0.94477,0.00000,0.04245
173.58000,0.62193,0.01240,0.95359,0.00000,0.03400
173.91000,0.62193,0.02085,0.77244,0.00001,0.20670
174.24001,0.62193,0.01239,0.96173,0.00001,0.02588
174.57001,0.62193,0.00777,0.98705,0.00000,0.00517
174.89999,0.62195,0.00676,0.98572,0.00000,0.00752
175.23000,0.62195,0.00928,0.97811,0.00000,0.01260
175.56000,0.62193,0.01082,0.96970,0.00000,0.01948
175.89000,0.62193,0.01290,0.93751,0.00000,0.04958
176.22000,0.62193,0.02123,0.83174,0.00001,0.14703
176.55000,0.62193,0.01832,0.51705,0.00000,0.46462
176.88000,0.62193,0.01112,0.95748,0.00000,0.03140
177.21001,0.62193,0.01220,0.93761,0.00000,0.05019
177.53999,0.62195,0.01979,0.90686,0.00000,0.07334
177.87000,0.62195,0.01298,0.95968,0.00000,0.02734
178.20000,0.62193,0.00474,0.99331,0.00000,0.00195
178.53000,0.62193,0.00992,0.97138,0.00000,0.01870
178.86000,0.62193,0.01539,0.89315,0.00000,0.09145
179.19000,0.62193,0.01239,0.94507,0.00000,0.04253
179.52000,0.62193,0.00511,0.99327,0.00000,0.00162
179.85001,0.62193,0.01077,0.96956,0.00000,0.01967
180.17999,0.62195,0.01558,0.89759,0.00001,0.08682
180.50999,0.62195,0.01092,0.97235,0.00000,0.01672
180.84000,0.62195,0.02223,0.64172,0.00001,0.33605
181.17000,0.62193,0.01932,0.80964,0.00001,0.17103
181.50000,0.62193,0.01520,0.91253,0.00000,0.07227
181.83000,0.62193,0.01627,0.91203,0.00000,0.07169
182.16000,0.62193,0.01154,0.95359,0.00000,0.03487
182.49001,0.62193,0.00729,0.98603,0.00000,0.00668
182.82001,0.62193,0.01343,0.93894,0.00000,0.04762
183.14999,0.62195,0.01051,0.95337,0.00000,0.03612
183.48000,0.62195,0.01138,0.95798,0.00000,0.03064
183.81000,0.62193,0.02095,0.85569,0.00000,0.12336
184.14000,0.62193,0.00651,0.98867,0.00000,0.00482
184.47000,0.62193,0.00945,0.97721,0.00000,0.01334
184.80000,0.62193,0.01993,0.71980,0.00000,0.26027
185.13000,0.62193,0.01460,0.92091,0.00000,0.06448
185.46001,0.62193,0.01035,0.95145,0.00000,0.03820
185.78999,0.62195,0.02094,0.56827,0.00001,0.41078
186.12000,0.62195,0.01293,0.89009,0.00001,0.09697
186.45000,0.62193,0.01071,0.96475,0.00000,0.02453
186.78000,0.62193,0.01584,0.90140,0.00000,0.08276
187.11000,0.62193,0.01312,0.91610,0.00000,0.07078
187.44000,0.62193,0.01662,0.98026,0.00000,0.00311
187.77000,0.62193,0.04951,0.94182,0.00001,0.00866
188.10001,0.62193,0.04476,0.89089,0.00000,0.06435
188.42999,0.62195,0.00798,0.98517,0.00000,0.00685
188.75999,0.62195,0.00979,0.94909,0.00000,0.04112
189.09000,0.62195,0.02079,0.78991,0.00001,0.18929
189.42000,0.62193,0.00505,0.99258,0.00000,0.00237
189.75000,0.62193,0.00618,0.99162,0.00000,0.00220
190.08000,0.62193,0.00907,0.98448,0.00000,0.00645
190.41000,0.62193,0.00557,0.99291,0.00000,0.00152
190.74001,0.62193,0.01925,0.94267,0.00001,0.03808
191.07001,0.62193,0.00859,0.98260,0.00000,0.00881
191.39999,0.62195,0.00432,0.99493,0.00000,0.00075
191.73000,0.62195,0.00640,0.99177,0.00000,0.00183
192.06000,0.62193,0.01891,0.94161,0.00000,0.03947
192.39000,0.62193,0.00875,0.97504,0.00000,0.01620
192.72000,0.62193,0.00894,0.98466,0.00000,0.00641
193.05000,0.62193,0.01259,0.97173,0.00000,0.01568
193.38000,0.62193,0.01023,0.97170,0.00000,0.01806
193.71001,0.62193,0.01194,0.93519,0.00000,0.05287
194.03999,0.62195,0.01248,0.88880,0.00000,0.09872
194.37000,0.62195,0.00531,0.98982,0.00000,0.00486
194.70000,0.62193,0.00515,0.99294,0.00000,0.00190
195.03000,0.62193,0.00674,0.98688,0.00000,0.00638
195.36000,0.62193,0.00707,0.97681,0.00000,0.01611
195.69000,0.62193,0.01377,0.93116,0.00000,0.05506
196.02000,0.62193,0.01086,0.93357,0.00000,0.05557
196.35001,0.62193,0.01118,0.96283,0.00000,0.02599
196.67999,0.62195,0.00747,0.98270,0.00000,0.00983
197.00999,0.62195,0.01203,0.96112,0.00000,0.02684
197.34000,0.62195,0.01208,0.91979,0.00000,0.06812
197.67000,0.62193,0.00877,0.97364,0.00000,0.01758
198.00000,0.62193,0.01372,0.95195,0.00000,0.03433
198.33000,0.62193,0.01848,0.83616,0.00000,0.14535
198.66000,0.62193,0.01719,0.67975,0.00001,0.30306
198.99001,0.62193,0.01164,0.94027,0.00000,0.04809
199.32001,0.62193,0.01291,0.93995,0.00000,0.04714
199.64999,0.62195,0.00870,0.97696,0.00000,0.01434
199.98000,0.62195,0.01991,0.88181,0.00000,0.09827
200.31000,0.62193,0.02103,0.27559,0.00000,0.70337
200.64000,0.62193,0.00976,0.96461,0.00000,0.02562
200.97000,0.62193,0.01686,0.87758,0.00001,0.10556
201.30000,0.62193,0.01278,0.95414,0.00000,0.03307
201.63000,0.62193,0.02200,0.72620,0.00001,0.25179
201.96001,0.62193,0.01897,0.82052,0.00001,0.16050
202.28999,0.62195,0.01142,0.93488,0.00000,0.05369
202.62000,0.62195,0.00918,0.96466,0.00000,0.02615
202.95000,0.62193,0.00919,0.97774,0.00000,0.01306
203.28000,0.62193,0.01165,0.96761,0.00000,0.02073
203.61000,0.62193,0.00752,0.98524,0.00000,0.00725
203.94000,0.62193,0.00864,0.97847,0.00000,0.01288
204.27000,0.62193,0.00672,0.98203,0.00000,0.01125
204.60001,0.62193,0.01071,0.95801,0.00000,0.03128
204.92999,0.62195,0.01593,0.93609,0.00001,0.04797
205.25999,0.62195,0.00951,0.98266,0.00000,0.00783
205.59000,0.62195,0.01468,0.93545,0.00001,0.04987
205.92000,0.62193,0.02011,0.85562,0.00001,0.12426
206.25000,0.62193,0.01983,0.71785,0.00001,0.26232
206.58000,0.62193,0.01205,0.92550,0.00000,0.06245
206.91000,0.62193,0.01071,0.97163,0.00000,0.01766
207.24001,0.62193,0.01195,0.93809,0.00000,0.04996
207.57001,0.62193,0.01331,0.91181,0.00000,0.07487
207.89999,0.62195,0.01955,0.58142,0.00001,0.39903
208.23000,0.62195,0.03719,0.42326,0.00003,0.53952
208.56000,0.62193,0.04066,0.46111,0.00004,0.49819
208.89000,0.62193,0.01013,0.97511,0.00000,0.01475
209.22000,0.62193,0.00770,0.98184,0.00000,0.01046
209.55000,0.62193,0.00768,0.97705,0.00000,0.01527
209.88000,0.62193,0.00821,0.98186,0.00000,0.00992
210.21001,0.62193,0.01154,0.96255,0.00000,0.02591
210.53999,0.62195,0.01049,0.96955,0.00000,0.01996
210.87000,0.62195,0.02043,0.81155,0.00001,0.16802
211.20000,0.62193,0.01940,0.82913,0.00001,0.15146
211.53000,0.62193,0.01914,0.91190,0.00000,0.06895
211.86000,0.62193,0.01205,0.93647,0.00000,0.05148
212.19000,0.62193,0.01886,0.85587,0.00001,0.12527
212.52000,0.62193,0.00948,0.97918,0.00000,0.01133
212.85001,0.62193,0.00357,0.99558,0.00000,0.00085
213.17999,0.62195,0.00821,0.97639,0.00000,0.01540
213.50999,0.62195,0.01451,0.88746,0.00001,0.09803
213.84000,0.62195,0.00837,0.97074,0.00000,0.02088
214.17000,0.62193,0.02264,0.69530,0.00001,0.28205
214.50000,0.62193,0.01512,0.84586,0.00000,0.13901
214.83000,0.62193,0.01583,0.75994,0.00001,0.22422
215.16000,0.62193,0.00926,0.94910,0.00000,0.04164
215.49001,0.62193,0.01567,0.89919,0.00001,0.08513
215.82001,0.62193,0.00527,0.99314,0.00000,0.00158
216.14999,0.62195,0.00760,0.98967,0.00000,0.00273
216.48000,0.62195,0.00809,0.98482,0.00001,0.00708
216.81000,0.62193,0.00594,0.99338,0.00000,0.00067
217.14000,0.62193,0.00809,0.99107,0.00000,0.00084
217.47000,0.62193,0.02963,0.96737,0.00000,0.00301
217.80000,0.62193,0.09370,0.89543,0.00001,0.01086
218.13000,0.62193,0.04262,0.95660,0.00000,0.00078
218.46001,0.62193,0.02112,0.97538,0.00000,0.00350
218.78999,0.62195,0.05816,0.89002,0.00001,0.05182
219.12000,0.62195,0.04137,0.20301,0.00001,0.75561
219.45000,0.62193,0.06405,0.16711,0.00001,0.76884
219.78000,0.62193,0.14798,0.65129,0.00001,0.20072
220.11000,0.62193,0.23248,0.38666,0.00002,0.38085
220.44000,0.62193,0.09826,0.39114,0.00001,0.51059
220.77000,0.62193,0.12341,0.53189,0.00001,0.34468
221.10001,0.62193,0.34992,0.55529,0.00002,0.09478
221.42999,0.62195,0.23323,0.30361,0.00002,0.46313
221.75999,0.62195,0.17078,0.25045,0.00004,0.57873
222.09000,0.62195,0.04409,0.06956,0.00001,0.88634
222.42000,0.62193,0.12331,0.38989,0.00001,0.48679
222.75000,0.62193,0.16803,0.68175,0.00001,0.15021
223.08000,0.62193,0.13079,0.83048,0.00001,0.03872
223.41000,0.62193,0.13443,0.18884,0.00001,0.67672
223.74001,0.62193,0.09741,0.26413,0.00001,0.63846
224.07001,0.62193,0.07649,0.85349,0.00001,0.07001
224.39999,0.62195,0.11586,0.68582,0.00001,0.19831
224.73000,0.62195,0.05345,0.24167,0.00001,0.70487
225.06000,0.62193,0.03304,0.10523,0.00000,0.86172
225.39000,0.62193,0.03611,0.21629,0.00001,0.74760
225.72000,0.62193,0.03909,0.43476,0.00001,0.52614
226.05000,0.62193,0.04799,0.85144,0.00001,0.10056
226.38000,0.62193,0.06059,0.74712,0.00001,0.19228
226.71001,0.62193,0.05194,0.69123,0.00001,0.25683
227.03999,0.62195,0.03433,0.93685,0.00000,0.02882
227.37000,0.62195,0.04678,0.94604,0.00000,0.00718
227.70000,0.62193,0.03757,0.95610,0.00000,0.00633
228.03000,0.62193,0.02843,0.96819,0.00000,0.00338
228.36000,0.62193,0.04548,0.85065,0.00000,0.10387
228.69000,0.62193,0.06044,0.79368,0.00001,0.14587
229.02000,0.62193,0.09562,0.84280,0.00000,0.06157
229.35001,0.62193,0.07011,0.92031,0.00000,0.00957
229.67999,0.62195,0.02776,0.96737,0.00000,0.00487
230.00999,0.62195,0.04567,0.94694,0.00000,0.00739
230.34000,0.62195,0.05287,0.94384,0.00000,0.00329
230.67000,0.62193,0.02673,0.96581,0.00000,0.00745
231.00000,0.62193,0.02723,0.94580,0.00000,0.02697
231.33000,0.62193,0.01429,0.98238,0.00000,0.00333
231.66000,0.62193,0.00397,0.99599,0.00000,0.00004
231.99001,0.62193,0.01612,0.98022,0.00000,0.00366
232.32001,0.62193,0.94370,0.02688,0.00000,0.02942
232.64999,0.62195,0.99978,0.00005,0.00001,0.00016
232.98000,0.62195,0.99999,0.00000,0.00001,0.00000
233.31000,0.62193,1.00000,0.00000,0.00000,0.00000
233.64000,0.62193,0.99996,0.00000,0.00003,0.00000
233.97000,0.62193,0.99536,0.00323,0.00016,0.00125
