Time (seconds), Duration (seconds),pred_(unlabeled),pred_brushing_teeth,pred_hair_drying,pred_showering
0.00000,0.12694,1.00000,0.00000,0.00000,0.00000
0.06600,0.12694,1.00000,0.00000,0.00000,0.00000
0.13200,0.12694,1.00000,0.00000,0.00000,0.00000
0.19800,0.12694,1.00000,0.00000,0.00000,0.00000
0.26400,0.12694,0.99584,0.00064,0.00002,0.00351
0.33000,0.12694,0.99936,0.00005,0.00003,0.00057
0.39600,0.12694,0.99999,0.00000,0.00000,0.00001
0.46200,0.12694,0.99987,0.00000,0.00008,0.00005
0.52800,0.12694,0.99983,0.00000,0.00009,0.00008
0.59400,0.12694,0.99993,0.00000,0.00007,0.00001
0.66000,0.12694,0.99995,0.00000,0.00004,0.00000
0.72600,0.12694,0.99932,0.00000,0.00067,0.00001
0.79200,0.12694,0.95875,0.00012,0.04110,0.00004
0.85800,0.12694,0.87434,0.00370,0.12196,0.00000
0.92400,0.12694,0.69415,0.00275,0.30307,0.00003
0.99000,0.12694,0.73683,0.00109,0.26203,0.00005
1.05600,0.12694,0.80304,0.00283,0.19376,0.00037
1.12200,0.12694,0.21525,0.00239,0.78226,0.00010
1.18800,0.12694,0.21757,0.00089,0.78147,0.00007
1.25400,0.12694,0.34437,0.00084,0.65300,0.00179
1.32000,0.12694,0.35603,0.00129,0.63005,0.01263
1.38600,0.12694,0.19518,0.00118,0.79812,0.00552
1.45200,0.12694,0.11072,0.00488,0.88335,0.00106
1.51800,0.12694,0.26209,0.00251,0.72733,0.00807
1.58400,0.12694,0.35145,0.00240,0.63000,0.01616
1.65000,0.12694,0.14405,0.00053,0.84925,0.00618
1.71600,0.12694,0.04919,0.00062,0.94953,0.00066
1.78200,0.12694,0.15497,0.00589,0.83503,0.00411
1.84800,0.12694,0.26937,0.00200,0.72035,0.00828
1.91400,0.12694,0.16569,0.01500,0.81787,0.00145
1.98000,0.12694,0.09656,0.00319,0.89847,0.00178
2.04600,0.12694,0.01927,0.00087,0.97968,0.00018
2.11200,0.12694,0.00696,0.00037,0.99253,0.00013
2.17800,0.12694,0.00212,0.00024,0.99763,0.00001
2.24400,0.12694,0.00386,0.00045,0.99568,0.00001
2.31000,0.12694,0.00236,0.00053,0.99710,0.00001
2.37600,0.12694,0.00178,0.00020,0.99801,0.00001
2.44200,0.12694,0.00040,0.00003,0.99958,0.00000
2.50800,0.12694,0.00076,0.00003,0.99921,0.00000
2.57400,0.12694,0.00068,0.00011,0.99920,0.00000
2.64000,0.12694,0.00067,0.00009,0.99924,0.00000
2.70600,0.12694,0.00223,0.00006,0.99770,0.00000
2.77200,0.12694,0.00034,0.00001,0.99965,0.00000
2.83800,0.12694,0.00252,0.00023,0.99724,0.00001
2.90400,0.12694,0.00115,0.00019,0.99866,0.00001
2.97000,0.12694,0.00046,0.00009,0.99944,0.00000
3.03600,0.12694,0.00058,0.00011,0.99931,0.00000
3.10200,0.12694,0.00068,0.00083,0.99848,0.00001
3.16800,0.12694,0.00040,0.00017,0.99943,0.00000
3.23400,0.12694,0.00062,0.00028,0.99909,0.00001
3.30000,0.12694,0.00092,0.00038,0.99870,0.00001
3.36600,0.12694,0.00078,0.00086,0.99835,0.00000
3.43200,0.12694,0.00267,0.00184,0.99546,0.00003
3.49800,0.12694,0.00080,0.00069,0.99849,0.00003
3.56400,0.12694,0.00032,0.00008,0.99959,0.00000
3.63000,0.12694,0.00215,0.00033,0.99748,0.00005
3.69600,0.12694,0.00207,0.00018,0.99771,0.00003
3.76200,0.12694,0.00183,0.00024,0.99790,0.00003
3.82800,0.12694,0.00097,0.00029,0.99870,0.00004
3.89400,0.12694,0.00063,0.00016,0.99920,0.00002
3.96000,0.12694,0.00052,0.00018,0.99930,0.00000
4.02600,0.12694,0.00052,0.00020,0.99928,0.00000
4.09200,0.12694,0.00058,0.00006,0.99936,0.00000
4.15800,0.12694,0.00090,0.00019,0.99890,0.00001
4.22400,0.12694,0.00029,0.00004,0.99967,0.00000
4.29000,0.12694,0.00019,0.00002,0.99979,0.00000
4.35600,0.12694,0.00035,0.00009,0.99955,0.00000
4.42200,0.12694,0.00013,0.00014,0.99973,0.00000
4.48800,0.12694,0.00025,0.00020,0.99955,0.00000
4.55400,0.12694,0.00050,0.00006,0.99944,0.00000
4.62000,0.12694,0.00029,0.00007,0.99964,0.00000
4.68600,0.12694,0.00123,0.00034,0.99842,0.00001
4.75200,0.12694,0.00051,0.00077,0.99871,0.00001
4.81800,0.12694,0.00406,0.00098,0.99442,0.00053
4.88400,0.12694,0.00063,0.00017,0.99917,0.00003
4.95000,0.12694,0.00035,0.00003,0.99962,0.00001
5.01600,0.12694,0.00083,0.00005,0.99911,0.00001
5.08200,0.12694,0.00122,0.00039,0.99838,0.00001
5.14800,0.12694,0.00023,0.00003,0.99973,0.00000
5.21400,0.12694,0.00152,0.00015,0.99830,0.00002
5.28000,0.12694,0.00159,0.00026,0.99812,0.00002
5.34600,0.12694,0.00064,0.00013,0.99922,0.00001
5.41200,0.12694,0.00100,0.00014,0.99875,0.00010
5.47800,0.12694,0.00218,0.00065,0.99702,0.00016
5.54400,0.12694,0.00128,0.00022,0.99849,0.00001
5.61000,0.12694,0.00096,0.00055,0.99848,0.00000
5.67600,0.12694,0.00037,0.00004,0.99959,0.00000
5.74200,0.12694,0.00192,0.00011,0.99794,0.00002
5.80800,0.12694,0.00067,0.00020,0.99911,0.00003
5.87400,0.12694,0.00056,0.00017,0.99924,0.00003
5.94000,0.12694,0.00031,0.00005,0.99962,0.00002
6.00600,0.12694,0.00058,0.00005,0.99937,0.00001
6.07200,0.12694,0.00021,0.00007,0.99972,0.00000
6.13800,0.12694,0.00113,0.00030,0.99856,0.00001
6.20400,0.12694,0.00097,0.00031,0.99870,0.00002
6.27000,0.12694,0.00075,0.00029,0.99896,0.00001
6.33600,0.12694,0.00087,0.00034,0.99879,0.00001
6.40200,0.12694,0.00042,0.00009,0.99949,0.00000
6.46800,0.12694,0.00022,0.00008,0.99970,0.00000
6.53400,0.12694,0.00021,0.00018,0.99961,0.00000
6.60000,0.12694,0.00101,0.00024,0.99875,0.00000
6.66600,0.12694,0.00027,0.00013,0.99960,0.00000
6.73200,0.12694,0.00052,0.00209,0.99737,0.00002
6.79800,0.12694,0.00112,0.00015,0.99871,0.00002
6.86400,0.12694,0.00042,0.00014,0.99944,0.00001
6.93000,0.12694,0.00064,0.00005,0.99931,0.00001
6.99600,0.12694,0.00080,0.00012,0.99905,0.00003
7.06200,0.12694,0.00121,0.00014,0.99862,0.00004
7.12800,0.12694,0.00033,0.00051,0.99915,0.00001
7.19400,0.12694,0.00018,0.00007,0.99975,0.00000
7.26000,0.12694,0.00038,0.00004,0.99958,0.00000
7.32600,0.12694,0.00177,0.00013,0.99808,0.00002
7.39200,0.12694,0.00021,0.00004,0.99975,0.00000
7.45800,0.12694,0.00025,0.00006,0.99969,0.00000
7.52400,0.12694,0.00070,0.00012,0.99917,0.00000
7.59000,0.12694,0.00068,0.00014,0.99916,0.00001
7.65600,0.12694,0.00143,0.00010,0.99841,0.00006
7.72200,0.12694,0.00072,0.00056,0.99871,0.00000
7.78800,0.12694,0.00046,0.00012,0.99942,0.00001
7.85400,0.12694,0.00064,0.00018,0.99917,0.00000
7.92000,0.12694,0.00014,0.00003,0.99983,0.00000
7.98600,0.12694,0.00129,0.00009,0.99860,0.00002
8.05200,0.12694,0.00073,0.00003,0.99923,0.00001
8.11800,0.12694,0.00123,0.00123,0.99752,0.00002
8.18400,0.12694,0.00063,0.00047,0.99889,0.00000
8.25000,0.12694,0.00087,0.00036,0.99876,0.00001
8.31600,0.12694,0.00068,0.00017,0.99913,0.00001
8.38200,0.12694,0.00020,0.00003,0.99976,0.00000
8.44800,0.12694,0.00109,0.00009,0.99879,0.00003
8.51400,0.12694,0.00185,0.00017,0.99794,0.00004
8.58000,0.12694,0.00077,0.00006,0.99917,0.00000
8.64600,0.12694,0.00042,0.00006,0.99952,0.00000
8.71200,0.12694,0.00014,0.00001,0.99985,0.00000
8.77800,0.12694,0.00022,0.00009,0.99969,0.00000
8.84400,0.12694,0.00018,0.00001,0.99981,0.00000
8.91000,0.12694,0.00032,0.00004,0.99965,0.00000
8.97600,0.12694,0.00045,0.00008,0.99947,0.00000
9.04200,0.12694,0.00131,0.00021,0.99846,0.00001
9.10800,0.12694,0.00047,0.00016,0.99936,0.00000
9.17400,0.12694,0.00034,0.00007,0.99959,0.00001
9.24000,0.12694,0.00288,0.00006,0.99696,0.00010
9.30600,0.12694,0.00074,0.00008,0.99914,0.00004
9.37200,0.12694,0.00035,0.00010,0.99955,0.00000
9.43800,0.12694,0.00070,0.00013,0.99917,0.00001
9.50400,0.12694,0.00034,0.00007,0.99959,0.00000
9.57000,0.12694,0.00012,0.00013,0.99975,0.00000
9.63600,0.12694,0.00054,0.00013,0.99932,0.00001
9.70200,0.12694,0.00045,0.00017,0.99937,0.00001
9.76800,0.12694,0.00081,0.00009,0.99904,0.00006
9.83400,0.12694,0.00024,0.00008,0.99968,0.00000
9.90000,0.12694,0.00025,0.00006,0.99969,0.00001
9.96600,0.12694,0.00118,0.00026,0.99851,0.00004
10.03200,0.12694,0.00046,0.00003,0.99951,0.00000
10.09800,0.12694,0.00073,0.00010,0.99915,0.00002
10.16400,0.12694,0.00081,0.00070,0.99847,0.00001
10.23000,0.12694,0.00096,0.00007,0.99896,0.00001
10.29600,0.12694,0.00030,0.00006,0.99964,0.00000
10.36200,0.12694,0.00026,0.00004,0.99970,0.00000
10.42800,0.12694,0.00060,0.00014,0.99925,0.00001
10.49400,0.12694,0.00056,0.00025,0.99919,0.00000
10.56000,0.12694,0.00047,0.00007,0.99946,0.00000
10.62600,0.12694,0.00106,0.00023,0.99869,0.00002
10.69200,0.12694,0.00032,0.00009,0.99958,0.00000
10.75800,0.12694,0.00084,0.00023,0.99892,0.00001
10.82400,0.12694,0.00067,0.00011,0.99921,0.00000
10.89000,0.12694,0.00056,0.00005,0.99940,0.00000
10.95600,0.12694,0.00079,0.00035,0.99882,0.00003
11.02200,0.12694,0.00031,0.00009,0.99959,0.00001
11.08800,0.12694,0.00049,0.00009,0.99942,0.00000
11.15400,0.12694,0.00081,0.00005,0.99913,0.00001
11.22000,0.12694,0.00247,0.00029,0.99712,0.00012
11.28600,0.12694,0.00069,0.00010,0.99920,0.00001
11.35200,0.12694,0.00029,0.00008,0.99962,0.00000
11.41800,0.12694,0.00019,0.00011,0.99970,0.00000
11.48400,0.12694,0.00087,0.00010,0.99902,0.00001
11.55000,0.12694,0.00010,0.00001,0.99989,0.00000
11.61600,0.12694,0.00071,0.00011,0.99917,0.00001
11.68200,0.12694,0.00059,0.00011,0.99929,0.00001
11.74800,0.12694,0.00057,0.00007,0.99935,0.00001
11.81400,0.12694,0.00421,0.00000,0.99571,0.00007
11.88000,0.12694,0.02296,0.00018,0.97384,0.00303
11.94600,0.12694,0.00257,0.00014,0.99724,0.00005
12.01200,0.12694,0.00065,0.00017,0.99917,0.00000
12.07800,0.12694,0.00072,0.00010,0.99917,0.00001
12.14400,0.12694,0.00029,0.00009,0.99962,0.00000
12.21000,0.12694,0.00048,0.00009,0.99942,0.00000
12.27600,0.12694,0.00017,0.00008,0.99975,0.00000
12.34200,0.12694,0.00035,0.00006,0.99958,0.00001
12.40800,0.12694,0.00190,0.00012,0.99788,0.00009
12.47400,0.12694,0.00062,0.00017,0.99920,0.00001
12.54000,0.12694,0.00058,0.00015,0.99926,0.00001
12.60600,0.12694,0.00051,0.00007,0.99940,0.00001
12.67200,0.12694,0.00090,0.00018,0.99888,0.00004
12.73800,0.12694,0.00084,0.00018,0.99890,0.00008
12.80400,0.12694,0.00083,0.00021,0.99890,0.00006
12.87000,0.12694,0.00050,0.00010,0.99940,0.00001
12.93600,0.12694,0.00056,0.00018,0.99925,0.00001
13.00200,0.12694,0.00055,0.00023,0.99922,0.00001
13.06800,0.12694,0.00032,0.00004,0.99963,0.00001
13.13400,0.12694,0.00047,0.00005,0.99947,0.00001
13.20000,0.12694,0.00115,0.00045,0.99837,0.00002
13.26600,0.12694,0.00070,0.00011,0.99918,0.00002
13.33200,0.12694,0.00024,0.00015,0.99961,0.00000
13.39800,0.12694,0.00049,0.00016,0.99934,0.00001
13.46400,0.12694,0.00085,0.00013,0.99899,0.00003
13.53000,0.12694,0.00039,0.00005,0.99955,0.00001
13.59600,0.12694,0.00058,0.00012,0.99928,0.00001
13.66200,0.12694,0.00211,0.00058,0.99727,0.00004
13.72800,0.12694,0.00026,0.00007,0.99967,0.00000
13.79400,0.12694,0.00030,0.00013,0.99956,0.00000
13.86000,0.12694,0.00086,0.00007,0.99906,0.00001
13.92600,0.12694,0.00042,0.00003,0.99954,0.00001
13.99200,0.12694,0.00054,0.00009,0.99937,0.00000
14.05800,0.12694,0.00051,0.00008,0.99938,0.00002
14.12400,0.12694,0.00107,0.00021,0.99870,0.00003
14.19000,0.12694,0.00032,0.00023,0.99945,0.00000
14.25600,0.12694,0.00030,0.00007,0.99962,0.00000
14.32200,0.12694,0.00032,0.00008,0.99959,0.00000
14.38800,0.12694,0.00034,0.00013,0.99953,0.00000
14.45400,0.12694,0.00032,0.00005,0.99963,0.00000
14.52000,0.12694,0.00018,0.00005,0.99977,0.00000
14.58600,0.12694,0.00084,0.00024,0.99889,0.00002
14.65200,0.12694,0.00035,0.00012,0.99952,0.00001
14.71800,0.12694,0.00102,0.00043,0.99853,0.00002
14.78400,0.12694,0.00024,0.00006,0.99969,0.00000
14.85000,0.12694,0.00050,0.00007,0.99941,0.00002
14.91600,0.12694,0.00026,0.00006,0.99967,0.00000
14.98200,0.12694,0.00037,0.00006,0.99956,0.00000
15.04800,0.12694,0.00058,0.00005,0.99937,0.00000
15.11400,0.12694,0.00038,0.00009,0.99953,0.00000
15.18000,0.12694,0.00025,0.00003,0.99972,0.00000
15.24600,0.12694,0.00047,0.00011,0.99941,0.00001
15.31200,0.12694,0.00032,0.00007,0.99961,0.00000
15.37800,0.12694,0.00097,0.00016,0.99887,0.00001
15.44400,0.12694,0.00081,0.00022,0.99897,0.00000
15.51000,0.12694,0.00034,0.00010,0.99957,0.00000
15.57600,0.12694,0.00060,0.00019,0.99921,0.00001
15.64200,0.12694,0.00078,0.00042,0.99877,0.00003
15.70800,0.12694,0.00082,0.00005,0.99911,0.00002
15.77400,0.12694,0.00037,0.00002,0.99960,0.00001
15.84000,0.12694,0.00022,0.00009,0.99968,0.00000
15.90600,0.12694,0.00100,0.00016,0.99882,0.00001
15.97200,0.12694,0.00013,0.00002,0.99985,0.00000
16.03800,0.12694,0.00031,0.00002,0.99967,0.00000
16.10400,0.12694,0.00253,0.00142,0.99604,0.00001
16.17000,0.12694,0.00051,0.00012,0.99937,0.00000
16.23600,0.12694,0.00025,0.00001,0.99973,0.00000
16.30200,0.12694,0.00074,0.00003,0.99922,0.00001
16.36800,0.12694,0.00013,0.00003,0.99984,0.00000
16.43400,0.12694,0.00060,0.00049,0.99889,0.00001
16.50000,0.12694,0.00034,0.00003,0.99963,0.00000
16.56600,0.12694,0.00029,0.00005,0.99966,0.00000
16.63200,0.12694,0.00046,0.00021,0.99933,0.00001
16.69800,0.12694,0.00065,0.00012,0.99918,0.00005
16.76400,0.12694,0.00023,0.00006,0.99971,0.00000
16.83000,0.12694,0.00051,0.00007,0.99942,0.00000
16.89600,0.12694,0.00223,0.00054,0.99717,0.00006
16.96200,0.12694,0.00026,0.00007,0.99967,0.00000
17.02800,0.12694,0.00039,0.00004,0.99957,0.00000
17.09400,0.12694,0.00079,0.00022,0.99899,0.00000
17.16000,0.12694,0.00042,0.00021,0.99937,0.00000
17.22600,0.12694,0.00025,0.00011,0.99964,0.00000
17.29200,0.12694,0.00026,0.00003,0.99971,0.00000
17.35800,0.12694,0.00156,0.00012,0.99829,0.00003
17.42400,0.12694,0.00060,0.00018,0.99921,0.00001
17.49000,0.12694,0.00057,0.00018,0.99925,0.00001
17.55600,0.12694,0.00050,0.00009,0.99941,0.00001
17.62200,0.12694,0.00027,0.00017,0.99954,0.00002
17.68800,0.12694,0.00020,0.00009,0.99971,0.00000
17.75400,0.12694,0.00022,0.00005,0.99973,0.00000
17.82000,0.12694,0.00008,0.00007,0.99985,0.00000
17.88600,0.12694,0.00033,0.00013,0.99954,0.00000
17.95200,0.12694,0.00073,0.00006,0.99920,0.00001
18.01800,0.12694,0.00063,0.00011,0.99926,0.00000
18.08400,0.12694,0.00025,0.00005,0.99970,0.00000
18.15000,0.12694,0.00048,0.00010,0.99941,0.00001
18.21600,0.12694,0.00024,0.00007,0.99968,0.00000
18.28200,0.12694,0.00023,0.00009,0.99968,0.00000
18.34800,0.12694,0.00057,0.00023,0.99919,0.00000
18.41400,0.12694,0.00138,0.00011,0.99847,0.00004
18.48000,0.12694,0.00066,0.00014,0.99919,0.00001
18.54600,0.12694,0.00063,0.00005,0.99932,0.00000
18.61200,0.12694,0.00084,0.00008,0.99906,0.00002
18.67800,0.12694,0.00023,0.00004,0.99973,0.00000
18.74400,0.12694,0.00046,0.00003,0.99950,0.00000
18.81000,0.12694,0.00059,0.00012,0.99928,0.00001
18.87600,0.12694,0.00073,0.00014,0.99912,0.00001
18.94200,0.12694,0.00063,0.00004,0.99933,0.00000
19.00800,0.12694,0.00075,0.00023,0.99901,0.00001
19.07400,0.12694,0.00059,0.00031,0.99910,0.00001
19.14000,0.12694,0.00017,0.00003,0.99980,0.00000
19.20600,0.12694,0.00041,0.00008,0.99951,0.00000
19.27200,0.12694,0.00031,0.00009,0.99960,0.00000
19.33800,0.12694,0.00025,0.00009,0.99966,0.00000
19.40400,0.12694,0.00060,0.00009,0.99930,0.00000
19.47000,0.12694,0.00022,0.00003,0.99975,0.00000
19.53600,0.12694,0.00033,0.00009,0.99957,0.00000
19.60200,0.12694,0.00016,0.00005,0.99979,0.00000
19.66800,0.12694,0.00104,0.00041,0.99853,0.00001
19.73400,0.12694,0.00072,0.00002,0.99926,0.00000
19.80000,0.12694,0.00174,0.00027,0.99794,0.00005
19.86600,0.12694,0.00647,0.00101,0.99186,0.00067
19.93200,0.12694,0.00364,0.00012,0.99620,0.00004
19.99800,0.12694,0.00042,0.00002,0.99955,0.00000
20.06400,0.12694,0.00040,0.00008,0.99952,0.00001
20.13000,0.12694,0.00048,0.00003,0.99948,0.00001
20.19600,0.12694,0.00104,0.00004,0.99890,0.00001
20.26200,0.12694,0.00174,0.00012,0.99813,0.00001
20.32800,0.12694,0.00205,0.00048,0.99733,0.00014
20.39400,0.12694,0.00147,0.00015,0.99837,0.00001
20.46000,0.12694,0.00057,0.00003,0.99939,0.00000
20.52600,0.12694,0.00154,0.00002,0.99843,0.00001
20.59200,0.12694,0.00097,0.00004,0.99899,0.00000
20.65800,0.12694,0.00035,0.00002,0.99963,0.00000
20.72400,0.12694,0.00027,0.00017,0.99955,0.00001
20.79000,0.12694,0.00107,0.00005,0.99885,0.00003
20.85600,0.12694,0.00083,0.00003,0.99914,0.00000
20.92200,0.12694,0.00373,0.00022,0.99598,0.00008
20.98800,0.12694,0.00096,0.00024,0.99879,0.00001
21.05400,0.12694,0.00024,0.00006,0.99971,0.00000
21.12000,0.12694,0.00020,0.00003,0.99976,0.00000
21.18600,0.12694,0.00030,0.00007,0.99962,0.00000
21.25200,0.12694,0.00024,0.00009,0.99966,0.00000
21.31800,0.12694,0.00037,0.00026,0.99936,0.00001
21.38400,0.12694,0.00033,0.00032,0.99934,0.00001
21.45000,0.12694,0.00016,0.00012,0.99971,0.00000
21.51600,0.12694,0.00113,0.00042,0.99845,0.00000
21.58200,0.12694,0.00088,0.00021,0.99891,0.00000
21.64800,0.12694,0.00091,0.00045,0.99863,0.00001
21.71400,0.12694,0.00033,0.00006,0.99961,0.00000
21.78000,0.12694,0.00067,0.00045,0.99888,0.00000
21.84600,0.12694,0.00014,0.00004,0.99982,0.00000
21.91200,0.12694,0.00146,0.00016,0.99837,0.00001
21.97800,0.12694,0.00108,0.00010,0.99881,0.00001
22.04400,0.12694,0.00121,0.00019,0.99858,0.00001
22.11000,0.12694,0.00061,0.00024,0.99912,0.00003
22.17600,0.12694,0.00056,0.00039,0.99903,0.00002
22.24200,0.12694,0.00014,0.00007,0.99980,0.00000
22.30800,0.12694,0.00064,0.00023,0.99912,0.00002
22.37400,0.12694,0.00032,0.00009,0.99958,0.00001
22.44000,0.12694,0.00084,0.00008,0.99907,0.00001
22.50600,0.12694,0.00479,0.00067,0.99367,0.00087
22.57200,0.12694,0.00307,0.00029,0.99637,0.00027
22.63800,0.12694,0.00049,0.00005,0.99946,0.00000
22.70400,0.12694,0.00077,0.00020,0.99902,0.00002
22.77000,0.12694,0.00034,0.00008,0.99958,0.00000
22.83600,0.12694,0.00040,0.00007,0.99953,0.00000
22.90200,0.12694,0.00027,0.00010,0.99963,0.00000
22.96800,0.12694,0.00102,0.00036,0.99861,0.00002
23.03400,0.12694,0.00031,0.00007,0.99962,0.00000
23.10000,0.12694,0.00045,0.00007,0.99947,0.00000
23.16600,0.12694,0.00087,0.00029,0.99883,0.00001
23.23200,0.12694,0.00020,0.00013,0.99968,0.00000
23.29800,0.12694,0.00018,0.00004,0.99978,0.00000
23.36400,0.12694,0.00017,0.00003,0.99980,0.00000
23.43000,0.12694,0.00052,0.00062,0.99885,0.00000
23.49600,0.12694,0.00038,0.00013,0.99949,0.00001
23.56200,0.12694,0.00091,0.00042,0.99857,0.00010
23.62800,0.12694,0.00050,0.00005,0.99944,0.00001
23.69400,0.12694,0.00056,0.00006,0.99938,0.00000
23.76000,0.12694,0.00080,0.00011,0.99909,0.00001
23.82600,0.12694,0.00216,0.00028,0.99749,0.00008
23.89200,0.12694,0.00381,0.00027,0.99570,0.00022
23.95800,0.12694,0.00142,0.00010,0.99842,0.00006
24.02400,0.12694,0.00114,0.00008,0.99877,0.00001
24.09000,0.12694,0.00469,0.00036,0.99465,0.00029
24.15600,0.12694,0.00371,0.00012,0.99557,0.00060
24.22200,0.12694,0.00106,0.00024,0.99859,0.00011
24.28800,0.12694,0.00051,0.00005,0.99943,0.00000
24.35400,0.12694,0.00031,0.00001,0.99968,0.00000
24.42000,0.12694,0.00077,0.00038,0.99883,0.00002
24.48600,0.12694,0.00069,0.00009,0.99920,0.00001
24.55200,0.12694,0.00103,0.00024,0.99871,0.00002
24.61800,0.12694,0.00173,0.00052,0.99772,0.00003
24.68400,0.12694,0.00601,0.00061,0.99299,0.00039
24.75000,0.12694,0.00106,0.00021,0.99871,0.00001
24.81600,0.12694,0.00088,0.00130,0.99780,0.00003
24.88200,0.12694,0.00069,0.00040,0.99886,0.00006
24.94800,0.12694,0.00086,0.00040,0.99865,0.00009
25.01400,0.12694,0.00038,0.00003,0.99959,0.00000
25.08000,0.12694,0.00250,0.00018,0.99732,0.00001
25.14600,0.12694,0.00293,0.00035,0.99667,0.00005
25.21200,0.12694,0.00147,0.00035,0.99815,0.00003
25.27800,0.12694,0.00095,0.00012,0.99891,0.00002
25.34400,0.12694,0.00058,0.00004,0.99937,0.00001
25.41000,0.12694,0.00034,0.00013,0.99953,0.00000
25.47600,0.12694,0.00160,0.00023,0.99815,0.00002
25.54200,0.12694,0.00055,0.00008,0.99937,0.00000
25.60800,0.12694,0.00044,0.00021,0.99935,0.00000
25.67400,0.12694,0.00031,0.00004,0.99965,0.00000
25.74000,0.12694,0.00014,0.00002,0.99984,0.00000
25.80600,0.12694,0.00113,0.00009,0.99877,0.00001
25.87200,0.12694,0.00147,0.00014,0.99838,0.00002
25.93800,0.12694,0.00143,0.00018,0.99835,0.00004
26.00400,0.12694,0.00127,0.00011,0.99858,0.00004
26.07000,0.12694,0.00066,0.00015,0.99917,0.00001
26.13600,0.12694,0.00203,0.00024,0.99765,0.00008
26.20200,0.12694,0.00072,0.00010,0.99918,0.00001
26.26800,0.12694,0.00023,0.00003,0.99974,0.00000
26.33400,0.12694,0.00023,0.00002,0.99974,0.00000
26.40000,0.12694,0.00157,0.00041,0.99800,0.00003
26.46600,0.12694,0.00035,0.00007,0.99958,0.00000
26.53200,0.12694,0.00103,0.00018,0.99876,0.00003
26.59800,0.12694,0.00090,0.00011,0.99899,0.00001
26.66400,0.12694,0.00133,0.00003,0.99862,0.00003
26.73000,0.12694,0.00070,0.00006,0.99923,0.00002
26.79600,0.12694,0.00081,0.00006,0.99912,0.00001
26.86200,0.12694,0.00025,0.00003,0.99972,0.00000
26.92800,0.12694,0.00155,0.00004,0.99831,0.00010
26.99400,0.12694,0.00354,0.00028,0.99588,0.00030
27.06000,0.12694,0.00031,0.00010,0.99959,0.00000
27.12600,0.12694,0.00046,0.00006,0.99946,0.00002
27.19200,0.12694,0.00114,0.00039,0.99824,0.00023
27.25800,0.12694,0.00030,0.00008,0.99962,0.00000
27.32400,0.12694,0.00041,0.00005,0.99954,0.00001
27.39000,0.12694,0.00017,0.00005,0.99978,0.00000
27.45600,0.12694,0.00025,0.00005,0.99970,0.00000
27.52200,0.12694,0.00021,0.00005,0.99974,0.00000
27.58800,0.12694,0.00025,0.00003,0.99972,0.00000
27.65400,0.12694,0.00021,0.00005,0.99974,0.00000
27.72000,0.12694,0.00029,0.00010,0.99962,0.00000
27.78600,0.12694,0.00024,0.00008,0.99968,0.00000
27.85200,0.12694,0.00018,0.00003,0.99979,0.00000
27.91800,0.12694,0.00057,0.00024,0.99919,0.00000
27.98400,0.12694,0.00025,0.00005,0.99970,0.00001
28.05000,0.12694,0.00039,0.00007,0.99954,0.00000
28.11600,0.12694,0.00020,0.00009,0.99971,0.00000
28.18200,0.12694,0.00150,0.00014,0.99830,0.00007
28.24800,0.12694,0.00266,0.00025,0.99667,0.00042
28.31400,0.12694,0.00442,0.00021,0.99516,0.00020
28.38000,0.12694,0.00199,0.00015,0.99781,0.00004
28.44600,0.12694,0.00188,0.00009,0.99792,0.00012
28.51200,0.12694,0.01374,0.00083,0.98387,0.00155
28.57800,0.12694,0.03660,0.00917,0.93683,0.01739
28.64400,0.12694,0.06876,0.01949,0.86845,0.04329
28.71000,0.12694,0.00216,0.00030,0.99751,0.00004
28.77600,0.12694,0.00290,0.00010,0.99697,0.00002
28.84200,0.12694,0.00142,0.00007,0.99850,0.00001
28.90800,0.12694,0.00073,0.00007,0.99918,0.00001
28.97400,0.12694,0.00020,0.00002,0.99978,0.00000
29.04000,0.12694,0.00058,0.00014,0.99927,0.00001
29.10600,0.12694,0.00098,0.00016,0.99885,0.00001
29.17200,0.12694,0.00211,0.00032,0.99753,0.00004
29.23800,0.12694,0.00022,0.00001,0.99976,0.00000
29.30400,0.12694,0.00048,0.00010,0.99942,0.00001
29.37000,0.12694,0.00050,0.00006,0.99944,0.00000
29.43600,0.12694,0.00099,0.00043,0.99856,0.00001
29.50200,0.12694,0.00015,0.00004,0.99981,0.00000
29.56800,0.12694,0.00016,0.00004,0.99980,0.00000
29.63400,0.12694,0.00031,0.00003,0.99966,0.00000
29.70000,0.12694,0.00054,0.00008,0.99938,0.00000
29.76600,0.12694,0.00041,0.00003,0.99956,0.00000
29.83200,0.12694,0.00142,0.00026,0.99829,0.00003
29.89800,0.12694,0.00092,0.00020,0.99885,0.00003
29.96400,0.12694,0.00055,0.00022,0.99922,0.00001
30.03000,0.12694,0.00018,0.00002,0.99980,0.00000
30.09600,0.12694,0.00044,0.00003,0.99953,0.00000
30.16200,0.12694,0.00028,0.00006,0.99966,0.00000
30.22800,0.12694,0.00016,0.00010,0.99974,0.00000
30.29400,0.12694,0.00006,0.00002,0.99992,0.00000
30.36000,0.12694,0.00057,0.00004,0.99939,0.00000
30.42600,0.12694,0.00019,0.00004,0.99976,0.00000
30.49200,0.12694,0.00072,0.00018,0.99908,0.00002
30.55800,0.12694,0.00022,0.00015,0.99962,0.00000
30.62400,0.12694,0.00012,0.00003,0.99985,0.00000
30.69000,0.12694,0.00024,0.00002,0.99974,0.00000
30.75600,0.12694,0.00026,0.00003,0.99971,0.00000
30.82200,0.12694,0.00094,0.00018,0.99887,0.00001
30.88800,0.12694,0.00058,0.00024,0.99918,0.00001
30.95400,0.12694,0.00053,0.00017,0.99929,0.00000
31.02000,0.12694,0.00045,0.00013,0.99942,0.00000
31.08600,0.12694,0.00024,0.00005,0.99971,0.00000
31.15200,0.12694,0.00048,0.00004,0.99948,0.00001
31.21800,0.12694,0.00041,0.00008,0.99950,0.00001
31.28400,0.12694,0.00031,0.00006,0.99963,0.00001
31.35000,0.12694,0.00044,0.00004,0.99951,0.00001
31.41600,0.12694,0.00009,0.00009,0.99983,0.00000
31.48200,0.12694,0.00026,0.00029,0.99944,0.00000
31.54800,0.12694,0.00014,0.00007,0.99979,0.00000
31.61400,0.12694,0.00041,0.00009,0.99950,0.00000
31.68000,0.12694,0.00073,0.00016,0.99910,0.00001
31.74600,0.12694,0.00033,0.00007,0.99960,0.00001
31.81200,0.12694,0.00075,0.00033,0.99892,0.00000
31.87800,0.12694,0.00008,0.00003,0.99989,0.00000
31.94400,0.12694,0.00031,0.00016,0.99952,0.00000
32.01000,0.12694,0.00080,0.00027,0.99892,0.00001
32.07600,0.12694,0.00030,0.00009,0.99961,0.00000
32.14200,0.12694,0.00019,0.00010,0.99972,0.00000
32.20800,0.12694,0.00053,0.00014,0.99932,0.00000
32.27400,0.12694,0.00082,0.00008,0.99909,0.00001
32.34000,0.12694,0.00028,0.00005,0.99967,0.00000
32.40600,0.12694,0.00026,0.00013,0.99961,0.00000
32.47200,0.12694,0.00015,0.00001,0.99983,0.00000
32.53800,0.12694,0.00038,0.00009,0.99952,0.00001
32.60400,0.12694,0.00022,0.00002,0.99976,0.00000
32.67000,0.12694,0.00012,0.00004,0.99984,0.00000
32.73600,0.12694,0.00021,0.00003,0.99976,0.00000
32.80200,0.12694,0.00011,0.00005,0.99984,0.00000
32.86800,0.12694,0.00043,0.00009,0.99947,0.00000
32.93400,0.12694,0.00033,0.00015,0.99952,0.00000
33.00000,0.12694,0.00015,0.00010,0.99975,0.00000
33.06600,0.12693,0.00060,0.00036,0.99903,0.00000
33.13200,0.12694,0.00028,0.00006,0.99966,0.00000
33.19800,0.12693,0.00023,0.00004,0.99974,0.00000
33.26400,0.12694,0.00031,0.00008,0.99960,0.00001
33.33000,0.12693,0.00037,0.00025,0.99937,0.00001
33.39600,0.12694,0.00025,0.00005,0.99970,0.00000
33.46200,0.12693,0.00011,0.00005,0.99984,0.00000
33.52800,0.12694,0.00055,0.00003,0.99942,0.00000
33.59400,0.12693,0.00021,0.00006,0.99973,0.00000
33.66000,0.12694,0.00081,0.00052,0.99866,0.00001
33.72600,0.12693,0.00029,0.00010,0.99960,0.00000
33.79200,0.12694,0.00048,0.00012,0.99938,0.00001
33.85800,0.12693,0.00004,0.00004,0.99993,0.00000
33.92400,0.12694,0.00032,0.00013,0.99954,0.00001
33.99000,0.12693,0.00017,0.00004,0.99979,0.00000
34.05600,0.12694,0.00063,0.00047,0.99889,0.00000
34.12200,0.12693,0.00016,0.00010,0.99974,0.00000
34.18800,0.12694,0.00014,0.00009,0.99977,0.00000
34.25400,0.12693,0.00031,0.00012,0.99957,0.00000
34.32000,0.12694,0.00015,0.00005,0.99980,0.00000
34.38600,0.12693,0.00009,0.00003,0.99989,0.00000
34.45200,0.12694,0.00033,0.00002,0.99965,0.00000
34.51800,0.12693,0.00017,0.00005,0.99978,0.00000
34.58400,0.12694,0.00027,0.00007,0.99966,0.00000
34.65000,0.12694,0.00016,0.00003,0.99980,0.00000
34.71600,0.12694,0.00023,0.00004,0.99973,0.00000
34.78200,0.12694,0.00034,0.00018,0.99947,0.00001
34.84800,0.12694,0.00036,0.00023,0.99941,0.00000
34.91400,0.12694,0.00027,0.00005,0.99968,0.00000
34.98000,0.12694,0.00013,0.00006,0.99981,0.00000
35.04600,0.12694,0.00022,0.00003,0.99975,0.00000
35.11200,0.12694,0.00025,0.00015,0.99959,0.00001
35.17800,0.12694,0.00010,0.00005,0.99985,0.00000
35.24400,0.12694,0.00016,0.00013,0.99971,0.00000
35.31000,0.12694,0.00045,0.00005,0.99949,0.00001
35.37600,0.12694,0.00035,0.00008,0.99957,0.00000
35.44200,0.12694,0.00066,0.00054,0.99879,0.00000
35.50800,0.12694,0.00021,0.00005,0.99974,0.00000
35.57400,0.12694,0.00012,0.00004,0.99984,0.00000
35.64000,0.12694,0.00025,0.00002,0.99973,0.00000
35.70600,0.12694,0.00034,0.00006,0.99960,0.00000
35.77200,0.12694,0.00052,0.00017,0.99930,0.00000
35.83800,0.12694,0.00026,0.00004,0.99969,0.00000
35.90400,0.12694,0.00019,0.00005,0.99976,0.00000
35.97000,0.12694,0.00007,0.00005,0.99989,0.00000
36.03600,0.12694,0.00048,0.00021,0.99931,0.00000
36.10200,0.12694,0.00022,0.00011,0.99967,0.00000
36.16800,0.12694,0.00029,0.00006,0.99965,0.00000
36.23400,0.12694,0.00011,0.00007,0.99983,0.00000
36.30000,0.12694,0.00061,0.00012,0.99927,0.00001
36.36600,0.12694,0.00041,0.00012,0.99946,0.00001
36.43200,0.12694,0.00019,0.00006,0.99974,0.00001
36.49800,0.12694,0.00031,0.00012,0.99956,0.00001
36.56400,0.12694,0.00014,0.00017,0.99969,0.00000
36.63000,0.12694,0.00034,0.00029,0.99937,0.00000
36.69600,0.12694,0.00008,0.00006,0.99986,0.00000
36.76200,0.12694,0.00030,0.00007,0.99962,0.00000
36.82800,0.12694,0.00012,0.00004,0.99984,0.00000
36.89400,0.12694,0.00022,0.00011,0.99967,0.00000
36.96000,0.12694,0.00024,0.00007,0.99968,0.00000
37.02600,0.12694,0.00017,0.00017,0.99966,0.00000
37.09200,0.12694,0.00035,0.00006,0.99959,0.00000
37.15800,0.12694,0.00016,0.00004,0.99981,0.00000
37.22400,0.12694,0.00014,0.00002,0.99985,0.00000
37.29000,0.12694,0.00014,0.00005,0.99981,0.00000
37.35600,0.12694,0.00016,0.00010,0.99974,0.00000
37.42200,0.12694,0.00042,0.00014,0.99943,0.00001
37.48800,0.12694,0.00028,0.00010,0.99961,0.00000
37.55400,0.12694,0.00013,0.00005,0.99981,0.00000
37.62000,0.12694,0.00050,0.00061,0.99886,0.00003
37.68600,0.12694,0.00050,0.00014,0.99935,0.00001
37.75200,0.12694,0.00019,0.00010,0.99971,0.00000
37.81800,0.12694,0.00027,0.00003,0.99970,0.00000
37.88400,0.12694,0.00039,0.00008,0.99953,0.00000
37.95000,0.12694,0.00024,0.00013,0.99963,0.00000
38.01600,0.12694,0.00016,0.00003,0.99981,0.00000
38.08200,0.12694,0.00088,0.00030,0.99878,0.00004
38.14800,0.12694,0.00021,0.00016,0.99963,0.00000
38.21400,0.12694,0.00018,0.00015,0.99966,0.00000
38.28000,0.12694,0.00004,0.00002,0.99994,0.00000
38.34600,0.12694,0.00029,0.00025,0.99946,0.00000
38.41200,0.12694,0.00108,0.00095,0.99794,0.00003
38.47800,0.12694,0.00026,0.00002,0.99972,0.00000
38.54400,0.12694,0.00013,0.00001,0.99986,0.00000
38.61000,0.12694,0.00040,0.00008,0.99952,0.00000
38.67600,0.12694,0.00043,0.00015,0.99942,0.00000
38.74200,0.12694,0.00108,0.00019,0.99872,0.00001
38.80800,0.12694,0.00117,0.00020,0.99862,0.00001
38.87400,0.12694,0.00057,0.00035,0.99908,0.00000
38.94000,0.12694,0.00066,0.00024,0.99910,0.00001
39.00600,0.12694,0.00006,0.00006,0.99988,0.00000
39.07200,0.12694,0.00019,0.00007,0.99973,0.00000
39.13800,0.12694,0.00018,0.00004,0.99977,0.00000
39.20400,0.12694,0.00021,0.00006,0.99972,0.00000
39.27000,0.12694,0.00013,0.00017,0.99971,0.00000
39.33600,0.12694,0.00027,0.00010,0.99964,0.00000
39.40200,0.12694,0.00073,0.00007,0.99920,0.00000
39.46800,0.12694,0.00029,0.00009,0.99962,0.00000
39.53400,0.12694,0.00010,0.00004,0.99986,0.00000
39.60000,0.12694,0.00036,0.00012,0.99952,0.00000
39.66600,0.12694,0.00032,0.00008,0.99961,0.00000
39.73200,0.12694,0.00006,0.00001,0.99992,0.00000
39.79800,0.12694,0.00010,0.00004,0.99986,0.00000
39.86400,0.12694,0.00011,0.00008,0.99981,0.00000
39.93000,0.12694,0.00020,0.00003,0.99977,0.00000
39.99600,0.12694,0.00019,0.00013,0.99967,0.00000
40.06200,0.12694,0.00029,0.00028,0.99943,0.00001
40.12800,0.12694,0.00028,0.00005,0.99967,0.00000
40.19400,0.12694,0.00107,0.00089,0.99802,0.00002
40.26000,0.12694,0.00022,0.00007,0.99971,0.00000
40.32600,0.12694,0.00013,0.00001,0.99986,0.00000
40.39200,0.12694,0.00017,0.00003,0.99981,0.00000
40.45800,0.12694,0.00015,0.00007,0.99978,0.00000
40.52400,0.12694,0.00022,0.00009,0.99969,0.00000
40.59000,0.12694,0.00016,0.00006,0.99978,0.00000
40.65600,0.12694,0.00026,0.00007,0.99967,0.00000
40.72200,0.12694,0.00071,0.00018,0.99910,0.00000
40.78800,0.12694,0.00026,0.00006,0.99968,0.00000
40.85400,0.12694,0.00021,0.00014,0.99964,0.00000
40.92000,0.12694,0.00042,0.00009,0.99948,0.00000
40.98600,0.12694,0.00021,0.00005,0.99974,0.00000
41.05200,0.12694,0.00017,0.00018,0.99965,0.00000
41.11800,0.12694,0.00011,0.00007,0.99982,0.00000
41.18400,0.12694,0.00077,0.00021,0.99902,0.00001
41.25000,0.12694,0.00086,0.00021,0.99892,0.00002
41.31600,0.12693,0.00034,0.00005,0.99960,0.00001
41.38200,0.12694,0.00058,0.00015,0.99926,0.00001
41.44800,0.12693,0.00028,0.00005,0.99967,0.00000
41.51400,0.12694,0.00028,0.00003,0.99970,0.00000
41.58000,0.12693,0.00096,0.00023,0.99880,0.00001
41.64600,0.12694,0.00014,0.00004,0.99981,0.00000
41.71200,0.12693,0.00040,0.00009,0.99951,0.00000
41.77800,0.12694,0.00009,0.00000,0.99990,0.00000
41.84400,0.12693,0.00020,0.00008,0.99971,0.00000
41.91000,0.12694,0.00026,0.00028,0.99946,0.00001
41.97600,0.12693,0.00031,0.00007,0.99961,0.00000
42.04200,0.12694,0.00013,0.00002,0.99984,0.00000
42.10800,0.12693,0.00017,0.00005,0.99978,0.00000
42.17400,0.12694,0.00045,0.00003,0.99952,0.00001
42.24000,0.12693,0.00024,0.00009,0.99967,0.00000
42.30600,0.12694,0.00041,0.00003,0.99957,0.00000
42.37200,0.12693,0.00016,0.00005,0.99979,0.00000
42.43800,0.12694,0.00020,0.00007,0.99973,0.00000
42.50400,0.12693,0.00012,0.00002,0.99985,0.00000
42.57000,0.12694,0.00011,0.00004,0.99985,0.00000
42.63600,0.12693,0.00047,0.00007,0.99946,0.00000
42.70200,0.12694,0.00068,0.00032,0.99899,0.00001
42.76800,0.12693,0.00027,0.00009,0.99963,0.00000
42.83400,0.12694,0.00047,0.00018,0.99935,0.00000
42.90000,0.12694,0.00035,0.00016,0.99949,0.00000
42.96600,0.12694,0.00041,0.00010,0.99948,0.00000
43.03200,0.12694,0.00037,0.00008,0.99955,0.00000
43.09800,0.12694,0.00014,0.00016,0.99970,0.00000
43.16400,0.12694,0.00019,0.00010,0.99971,0.00000
43.23000,0.12694,0.00065,0.00027,0.99907,0.00000
43.29600,0.12694,0.00017,0.00016,0.99967,0.00000
43.36200,0.12694,0.00026,0.00017,0.99957,0.00000
43.42800,0.12694,0.00057,0.00007,0.99935,0.00001
43.49400,0.12694,0.00042,0.00027,0.99925,0.00006
43.56000,0.12694,0.00016,0.00003,0.99980,0.00000
43.62600,0.12694,0.00025,0.00008,0.99967,0.00000
43.69200,0.12694,0.00015,0.00006,0.99978,0.00000
43.75800,0.12694,0.00035,0.00007,0.99958,0.00000
43.82400,0.12694,0.00014,0.00005,0.99980,0.00000
43.89000,0.12694,0.00021,0.00003,0.99976,0.00000
43.95600,0.12694,0.00019,0.00002,0.99979,0.00000
44.02200,0.12694,0.00023,0.00001,0.99977,0.00000
44.08800,0.12694,0.00021,0.00003,0.99976,0.00000
44.15400,0.12694,0.00034,0.00006,0.99961,0.00000
44.22000,0.12694,0.00066,0.00015,0.99919,0.00000
44.28600,0.12694,0.00070,0.00022,0.99908,0.00001
44.35200,0.12694,0.00026,0.00002,0.99972,0.00000
44.41800,0.12694,0.00023,0.00002,0.99975,0.00000
44.48400,0.12694,0.00021,0.00015,0.99964,0.00000
44.55000,0.12694,0.00012,0.00010,0.99978,0.00000
44.61600,0.12694,0.00013,0.00010,0.99978,0.00000
44.68200,0.12694,0.00016,0.00008,0.99976,0.00000
44.74800,0.12694,0.00015,0.00003,0.99982,0.00000
44.81400,0.12694,0.00028,0.00006,0.99966,0.00000
44.88000,0.12694,0.00014,0.00008,0.99978,0.00000
44.94600,0.12694,0.00018,0.00003,0.99979,0.00000
45.01200,0.12694,0.00054,0.00031,0.99913,0.00002
45.07800,0.12694,0.00045,0.00005,0.99949,0.00001
45.14400,0.12694,0.00043,0.00004,0.99953,0.00000
45.21000,0.12694,0.00011,0.00002,0.99986,0.00000
45.27600,0.12694,0.00012,0.00003,0.99985,0.00000
45.34200,0.12694,0.00024,0.00007,0.99969,0.00000
45.40800,0.12694,0.00022,0.00009,0.99969,0.00000
45.47400,0.12694,0.00009,0.00004,0.99987,0.00000
45.54000,0.12694,0.00020,0.00006,0.99973,0.00000
45.60600,0.12694,0.00026,0.00012,0.99961,0.00000
45.67200,0.12694,0.00025,0.00011,0.99963,0.00000
45.73800,0.12694,0.00027,0.00010,0.99962,0.00000
45.80400,0.12694,0.00012,0.00012,0.99976,0.00000
45.87000,0.12694,0.00014,0.00003,0.99983,0.00000
45.93600,0.12694,0.00024,0.00007,0.99969,0.00000
46.00200,0.12694,0.00064,0.00087,0.99848,0.00000
46.06800,0.12694,0.00162,0.00018,0.99817,0.00002
46.13400,0.12694,0.00021,0.00003,0.99977,0.00000
46.20000,0.12694,0.00033,0.00018,0.99949,0.00000
46.26600,0.12694,0.00023,0.00017,0.99959,0.00000
46.33200,0.12694,0.00023,0.00003,0.99974,0.00000
46.39800,0.12694,0.00011,0.00004,0.99985,0.00000
46.46400,0.12694,0.00036,0.00012,0.99952,0.00000
46.53000,0.12694,0.00042,0.00009,0.99948,0.00000
46.59600,0.12694,0.00040,0.00012,0.99948,0.00000
46.66200,0.12694,0.00021,0.00006,0.99973,0.00000
46.72800,0.12694,0.00034,0.00009,0.99957,0.00000
46.79400,0.12694,0.00056,0.00017,0.99926,0.00000
46.86000,0.12694,0.00030,0.00004,0.99965,0.00000
46.92600,0.12694,0.00028,0.00004,0.99968,0.00000
46.99200,0.12694,0.00024,0.00008,0.99968,0.00000
47.05800,0.12694,0.00089,0.00017,0.99894,0.00000
47.12400,0.12694,0.00046,0.00015,0.99939,0.00000
47.19000,0.12694,0.00044,0.00014,0.99942,0.00000
47.25600,0.12694,0.00023,0.00004,0.99973,0.00000
47.32200,0.12694,0.00076,0.00021,0.99902,0.00001
47.38800,0.12694,0.00026,0.00019,0.99955,0.00000
47.45400,0.12694,0.00019,0.00003,0.99978,0.00000
47.52000,0.12694,0.00023,0.00006,0.99971,0.00000
47.58600,0.12694,0.00015,0.00005,0.99981,0.00000
47.65200,0.12694,0.00011,0.00006,0.99982,0.00000
47.71800,0.12694,0.00041,0.00025,0.99934,0.00000
47.78400,0.12694,0.00021,0.00002,0.99977,0.00000
47.85000,0.12694,0.00040,0.00018,0.99941,0.00001
47.91600,0.12694,0.00066,0.00027,0.99906,0.00001
47.98200,0.12694,0.00078,0.00016,0.99905,0.00000
48.04800,0.12694,0.00024,0.00006,0.99970,0.00000
48.11400,0.12694,0.00034,0.00011,0.99955,0.00000
48.18000,0.12694,0.00041,0.00008,0.99952,0.00000
48.24600,0.12694,0.00033,0.00002,0.99966,0.00000
48.31200,0.12694,0.00008,0.00003,0.99990,0.00000
48.37800,0.12694,0.00036,0.00013,0.99950,0.00001
48.44400,0.12694,0.00022,0.00004,0.99973,0.00000
48.51000,0.12694,0.00065,0.00012,0.99923,0.00000
48.57600,0.12694,0.00033,0.00003,0.99964,0.00000
48.64200,0.12694,0.00104,0.00021,0.99874,0.00001
48.70800,0.12694,0.00044,0.00013,0.99942,0.00001
48.77400,0.12694,0.00020,0.00008,0.99972,0.00000
48.84000,0.12694,0.00032,0.00006,0.99963,0.00000
48.90600,0.12694,0.00026,0.00012,0.99962,0.00000
48.97200,0.12694,0.00008,0.00002,0.99990,0.00000
49.03800,0.12694,0.00048,0.00014,0.99937,0.00000
49.10400,0.12694,0.00029,0.00007,0.99964,0.00000
49.17000,0.12694,0.00009,0.00004,0.99987,0.00000
49.23600,0.12694,0.00008,0.00003,0.99989,0.00000
49.30200,0.12694,0.00048,0.00014,0.99937,0.00000
49.36800,0.12694,0.00046,0.00007,0.99947,0.00000
49.43400,0.12694,0.00022,0.00003,0.99975,0.00000
49.50000,0.12694,0.00013,0.00005,0.99983,0.00000
49.56600,0.12693,0.00061,0.00019,0.99918,0.00001
49.63200,0.12694,0.00051,0.00042,0.99906,0.00001
49.69800,0.12693,0.00014,0.00006,0.99979,0.00000
49.76400,0.12694,0.00015,0.00004,0.99980,0.00000
49.83000,0.12693,0.00017,0.00011,0.99972,0.00000
49.89600,0.12694,0.00035,0.00017,0.99949,0.00000
49.96200,0.12693,0.00011,0.00003,0.99986,0.00000
50.02800,0.12694,0.00099,0.00029,0.99872,0.00001
50.09400,0.12693,0.00095,0.00066,0.99838,0.00000
50.16000,0.12694,0.00040,0.00006,0.99953,0.00001
50.22600,0.12693,0.00031,0.00010,0.99958,0.00000
50.29200,0.12694,0.00041,0.00005,0.99953,0.00000
50.35800,0.12693,0.00050,0.00006,0.99943,0.00001
50.42400,0.12694,0.00016,0.00002,0.99982,0.00000
50.49000,0.12693,0.00018,0.00001,0.99980,0.00000
50.55600,0.12694,0.00025,0.00002,0.99973,0.00000
50.62200,0.12693,0.00009,0.00001,0.99990,0.00000
50.68800,0.12694,0.00018,0.00008,0.99973,0.00000
50.75400,0.12693,0.00026,0.00021,0.99952,0.00001
50.82000,0.12694,0.00028,0.00016,0.99956,0.00000
50.88600,0.12693,0.00045,0.00006,0.99949,0.00000
50.95200,0.12694,0.00030,0.00004,0.99967,0.00000
51.01800,0.12693,0.00041,0.00006,0.99953,0.00000
51.08400,0.12694,0.00107,0.00018,0.99873,0.00001
51.15000,0.12694,0.00022,0.00005,0.99973,0.00000
51.21600,0.12694,0.00101,0.00015,0.99884,0.00001
51.28200,0.12694,0.00018,0.00004,0.99978,0.00000
51.34800,0.12694,0.00010,0.00007,0.99983,0.00000
51.41400,0.12694,0.00017,0.00001,0.99982,0.00000
51.48000,0.12694,0.00062,0.00015,0.99923,0.00000
51.54600,0.12694,0.00042,0.00018,0.99940,0.00000
51.61200,0.12694,0.00012,0.00011,0.99977,0.00000
51.67800,0.12694,0.00016,0.00007,0.99977,0.00000
51.74400,0.12694,0.00024,0.00007,0.99969,0.00000
51.81000,0.12694,0.00019,0.00006,0.99975,0.00000
51.87600,0.12694,0.00020,0.00003,0.99977,0.00000
51.94200,0.12694,0.00045,0.00004,0.99951,0.00000
52.00800,0.12694,0.00041,0.00005,0.99954,0.00000
52.07400,0.12694,0.00017,0.00003,0.99980,0.00000
52.14000,0.12694,0.00032,0.00004,0.99963,0.00000
52.20600,0.12694,0.00062,0.00022,0.99914,0.00001
52.27200,0.12694,0.00075,0.00029,0.99895,0.00001
52.33800,0.12694,0.00058,0.00034,0.99907,0.00000
52.40400,0.12694,0.00007,0.00001,0.99992,0.00000
52.47000,0.12694,0.00055,0.00016,0.99928,0.00000
52.53600,0.12694,0.00049,0.00009,0.99942,0.00000
52.60200,0.12694,0.00048,0.00012,0.99939,0.00000
52.66800,0.12694,0.00028,0.00010,0.99961,0.00001
52.73400,0.12694,0.00118,0.00031,0.99849,0.00002
52.80000,0.12694,0.00057,0.00008,0.99934,0.00001
52.86600,0.12694,0.00042,0.00027,0.99931,0.00000
52.93200,0.12694,0.00023,0.00023,0.99953,0.00000
52.99800,0.12694,0.00009,0.00002,0.99989,0.00000
53.06400,0.12694,0.00096,0.00036,0.99866,0.00001
53.13000,0.12694,0.00071,0.00016,0.99912,0.00001
53.19600,0.12694,0.00024,0.00004,0.99971,0.00000
53.26200,0.12694,0.00044,0.00005,0.99951,0.00000
53.32800,0.12694,0.00125,0.00020,0.99854,0.00001
53.39400,0.12694,0.00011,0.00007,0.99982,0.00000
53.46000,0.12694,0.00029,0.00003,0.99968,0.00000
53.52600,0.12694,0.00037,0.00003,0.99960,0.00000
53.59200,0.12694,0.00023,0.00004,0.99973,0.00000
53.65800,0.12694,0.00036,0.00016,0.99948,0.00000
53.72400,0.12694,0.00010,0.00003,0.99987,0.00000
53.79000,0.12694,0.00052,0.00009,0.99939,0.00000
53.85600,0.12694,0.00020,0.00003,0.99977,0.00000
53.92200,0.12694,0.00029,0.00059,0.99911,0.00000
53.98800,0.12694,0.00094,0.00009,0.99894,0.00002
54.05400,0.12694,0.00030,0.00008,0.99962,0.00000
54.12000,0.12694,0.00026,0.00020,0.99953,0.00000
54.18600,0.12694,0.00027,0.00004,0.99969,0.00000
54.25200,0.12694,0.00028,0.00005,0.99967,0.00000
54.31800,0.12694,0.00012,0.00018,0.99969,0.00000
54.38400,0.12694,0.00023,0.00003,0.99974,0.00000
54.45000,0.12694,0.00020,0.00008,0.99972,0.00000
54.51600,0.12694,0.00027,0.00013,0.99960,0.00000
54.58200,0.12694,0.00037,0.00007,0.99956,0.00000
54.64800,0.12694,0.00013,0.00001,0.99986,0.00000
54.71400,0.12694,0.00038,0.00014,0.99948,0.00000
54.78000,0.12694,0.00039,0.00017,0.99944,0.00000
54.84600,0.12694,0.00044,0.00006,0.99950,0.00000
54.91200,0.12694,0.00041,0.00005,0.99954,0.00000
54.97800,0.12694,0.00036,0.00003,0.99960,0.00000
55.04400,0.12694,0.00065,0.00010,0.99923,0.00002
55.11000,0.12694,0.00037,0.00011,0.99951,0.00001
55.17600,0.12694,0.00020,0.00002,0.99977,0.00000
55.24200,0.12694,0.00026,0.00005,0.99969,0.00000
55.30800,0.12694,0.00053,0.00008,0.99940,0.00000
55.37400,0.12694,0.00094,0.00012,0.99892,0.00003
55.44000,0.12694,0.00034,0.00009,0.99957,0.00000
55.50600,0.12694,0.00008,0.00005,0.99986,0.00000
55.57200,0.12694,0.00008,0.00003,0.99989,0.00000
55.63800,0.12694,0.00032,0.00016,0.99952,0.00000
55.70400,0.12694,0.00060,0.00009,0.99931,0.00000
55.77000,0.12694,0.00018,0.00001,0.99981,0.00000
55.83600,0.12694,0.00058,0.00010,0.99932,0.00000
55.90200,0.12694,0.00032,0.00003,0.99965,0.00000
55.96800,0.12694,0.00018,0.00001,0.99980,0.00000
56.03400,0.12694,0.00031,0.00005,0.99964,0.00000
56.10000,0.12694,0.00016,0.00004,0.99980,0.00000
56.16600,0.12694,0.00045,0.00002,0.99953,0.00000
56.23200,0.12694,0.00044,0.00012,0.99944,0.00000
56.29800,0.12694,0.00005,0.00003,0.99992,0.00000
56.36400,0.12694,0.00006,0.00001,0.99993,0.00000
56.43000,0.12694,0.00028,0.00005,0.99967,0.00000
56.49600,0.12694,0.00021,0.00009,0.99970,0.00000
56.56200,0.12694,0.00004,0.00001,0.99994,0.00000
56.62800,0.12694,0.00012,0.00003,0.99985,0.00000
56.69400,0.12694,0.00013,0.00003,0.99983,0.00000
56.76000,0.12694,0.00019,0.00001,0.99980,0.00000
56.82600,0.12694,0.00019,0.00004,0.99977,0.00000
56.89200,0.12694,0.00043,0.00002,0.99954,0.00000
56.95800,0.12694,0.00016,0.00002,0.99983,0.00000
57.02400,0.12694,0.00064,0.00021,0.99914,0.00001
57.09000,0.12694,0.00033,0.00005,0.99962,0.00000
57.15600,0.12694,0.00077,0.00012,0.99910,0.00001
57.22200,0.12694,0.00021,0.00002,0.99977,0.00000
57.28800,0.12694,0.00175,0.00028,0.99796,0.00001
57.35400,0.12694,0.00127,0.00012,0.99860,0.00001
57.42000,0.12694,0.00095,0.00016,0.99888,0.00001
57.48600,0.12694,0.00059,0.00007,0.99933,0.00001
57.55200,0.12694,0.00054,0.00011,0.99935,0.00000
57.61800,0.12694,0.00045,0.00016,0.99939,0.00000
57.68400,0.12694,0.00010,0.00001,0.99989,0.00000
57.75000,0.12694,0.00023,0.00002,0.99976,0.00000
57.81600,0.12693,0.00050,0.00003,0.99947,0.00000
57.88200,0.12694,0.00038,0.00007,0.99954,0.00001
57.94800,0.12693,0.00014,0.00001,0.99985,0.00000
58.01400,0.12694,0.00049,0.00005,0.99945,0.00000
58.08000,0.12693,0.00076,0.00004,0.99919,0.00001
58.14600,0.12694,0.00032,0.00008,0.99960,0.00001
58.21200,0.12693,0.00025,0.00003,0.99972,0.00000
58.27800,0.12694,0.00059,0.00005,0.99936,0.00000
58.34400,0.12693,0.00043,0.00003,0.99954,0.00000
58.41000,0.12694,0.00033,0.00006,0.99961,0.00000
58.47600,0.12693,0.00061,0.00005,0.99933,0.00000
58.54200,0.12694,0.00141,0.00023,0.99834,0.00002
58.60800,0.12693,0.00055,0.00027,0.99917,0.00000
58.67400,0.12694,0.00020,0.00006,0.99974,0.00000
58.74000,0.12693,0.00034,0.00011,0.99955,0.00000
58.80600,0.12694,0.00017,0.00006,0.99977,0.00000
58.87200,0.12693,0.00047,0.00007,0.99946,0.00001
58.93800,0.12694,0.00026,0.00020,0.99954,0.00001
59.00400,0.12693,0.00036,0.00006,0.99958,0.00000
59.07000,0.12694,0.00034,0.00004,0.99962,0.00000
59.13600,0.12693,0.00073,0.00008,0.99919,0.00000
59.20200,0.12694,0.00041,0.00004,0.99954,0.00000
59.26800,0.12693,0.00026,0.00005,0.99968,0.00000
59.33400,0.12694,0.00075,0.00014,0.99911,0.00000
59.40000,0.12694,0.00070,0.00016,0.99913,0.00001
59.46600,0.12694,0.00008,0.00002,0.99990,0.00000
59.53200,0.12694,0.00016,0.00006,0.99978,0.00000
59.59800,0.12694,0.00080,0.00019,0.99901,0.00001
59.66400,0.12694,0.00042,0.00005,0.99953,0.00000
59.73000,0.12694,0.00019,0.00006,0.99975,0.00000
59.79600,0.12694,0.00017,0.00005,0.99978,0.00000
59.86200,0.12694,0.00067,0.00012,0.99920,0.00001
59.92800,0.12694,0.00014,0.00002,0.99984,0.00000
59.99400,0.12694,0.00009,0.00003,0.99988,0.00000
60.06000,0.12694,0.00033,0.00004,0.99964,0.00000
60.12600,0.12694,0.00053,0.00007,0.99939,0.00001
60.19200,0.12694,0.00022,0.00002,0.99975,0.00000
60.25800,0.12694,0.00081,0.00020,0.99898,0.00001
60.32400,0.12694,0.00017,0.00002,0.99982,0.00000
60.39000,0.12694,0.00046,0.00008,0.99946,0.00000
60.45600,0.12694,0.00016,0.00002,0.99982,0.00000
60.52200,0.12694,0.00013,0.00002,0.99984,0.00000
60.58800,0.12694,0.00025,0.00006,0.99970,0.00000
60.65400,0.12694,0.00023,0.00011,0.99966,0.00000
60.72000,0.12694,0.00259,0.00024,0.99714,0.00003
60.78600,0.12694,0.00027,0.00007,0.99966,0.00000
60.85200,0.12694,0.00093,0.00067,0.99837,0.00003
60.91800,0.12694,0.00072,0.00026,0.99901,0.00001
60.98400,0.12694,0.00019,0.00004,0.99977,0.00000
61.05000,0.12694,0.00028,0.00004,0.99967,0.00000
61.11600,0.12694,0.00031,0.00006,0.99964,0.00000
61.18200,0.12694,0.00064,0.00015,0.99921,0.00001
61.24800,0.12694,0.00098,0.00018,0.99883,0.00001
61.31400,0.12694,0.00039,0.00013,0.99948,0.00000
61.38000,0.12694,0.00051,0.00012,0.99935,0.00002
61.44600,0.12694,0.00014,0.00004,0.99981,0.00000
61.51200,0.12694,0.00020,0.00006,0.99974,0.00000
61.57800,0.12694,0.00030,0.00005,0.99964,0.00000
61.64400,0.12694,0.00020,0.00007,0.99972,0.00000
61.71000,0.12694,0.00039,0.00021,0.99939,0.00000
61.77600,0.12694,0.00020,0.00005,0.99975,0.00000
61.84200,0.12694,0.00008,0.00001,0.99990,0.00000
61.90800,0.12694,0.00026,0.00008,0.99966,0.00000
61.97400,0.12694,0.00010,0.00002,0.99988,0.00000
62.04000,0.12694,0.00023,0.00004,0.99973,0.00000
62.10600,0.12694,0.00046,0.00010,0.99945,0.00000
62.17200,0.12694,0.00025,0.00004,0.99971,0.00000
62.23800,0.12694,0.00009,0.00003,0.99989,0.00000
62.30400,0.12694,0.00036,0.00010,0.99954,0.00000
62.37000,0.12694,0.00069,0.00024,0.99907,0.00000
62.43600,0.12694,0.00019,0.00006,0.99976,0.00000
62.50200,0.12694,0.00082,0.00025,0.99891,0.00002
62.56800,0.12694,0.00040,0.00015,0.99944,0.00000
62.63400,0.12694,0.00065,0.00005,0.99929,0.00000
62.70000,0.12694,0.00012,0.00003,0.99985,0.00000
62.76600,0.12694,0.00034,0.00006,0.99960,0.00000
62.83200,0.12694,0.00029,0.00002,0.99970,0.00000
62.89800,0.12694,0.00009,0.00002,0.99989,0.00000
62.96400,0.12694,0.00017,0.00004,0.99979,0.00000
63.03000,0.12694,0.00029,0.00004,0.99967,0.00000
63.09600,0.12694,0.00006,0.00001,0.99993,0.00000
63.16200,0.12694,0.00007,0.00002,0.99991,0.00000
63.22800,0.12694,0.00030,0.00005,0.99966,0.00000
63.29400,0.12694,0.00046,0.00008,0.99945,0.00000
63.36000,0.12694,0.00030,0.00004,0.99966,0.00000
63.42600,0.12694,0.00044,0.00031,0.99925,0.00000
63.49200,0.12694,0.00030,0.00009,0.99961,0.00000
63.55800,0.12694,0.00027,0.00004,0.99969,0.00000
63.62400,0.12694,0.00025,0.00009,0.99966,0.00000
63.69000,0.12694,0.00061,0.00006,0.99933,0.00000
63.75600,0.12694,0.00066,0.00005,0.99928,0.00001
63.82200,0.12694,0.00035,0.00007,0.99958,0.00000
63.88800,0.12694,0.00051,0.00010,0.99940,0.00000
63.95400,0.12694,0.00031,0.00008,0.99961,0.00000
64.02000,0.12694,0.00024,0.00013,0.99963,0.00000
64.08600,0.12694,0.00032,0.00009,0.99958,0.00000
64.15200,0.12694,0.00053,0.00004,0.99942,0.00001
64.21800,0.12694,0.00027,0.00013,0.99960,0.00000
64.28400,0.12694,0.00041,0.00004,0.99955,0.00000
64.35000,0.12694,0.00057,0.00018,0.99925,0.00000
64.41600,0.12694,0.00028,0.00013,0.99959,0.00000
64.48200,0.12694,0.00018,0.00002,0.99979,0.00000
64.54800,0.12694,0.00032,0.00003,0.99965,0.00000
64.61400,0.12694,0.00031,0.00002,0.99967,0.00000
64.68000,0.12694,0.00109,0.00033,0.99857,0.00001
64.74600,0.12694,0.00033,0.00010,0.99957,0.00000
64.81200,0.12694,0.00092,0.00017,0.99889,0.00001
64.87800,0.12694,0.00029,0.00007,0.99964,0.00000
64.94400,0.12694,0.00038,0.00005,0.99957,0.00000
65.01000,0.12694,0.00057,0.00018,0.99924,0.00001
65.07600,0.12694,0.00054,0.00025,0.99918,0.00003
65.14200,0.12694,0.00036,0.00024,0.99940,0.00000
65.20800,0.12694,0.00032,0.00003,0.99965,0.00000
65.27400,0.12694,0.00037,0.00004,0.99959,0.00000
65.34000,0.12694,0.00030,0.00002,0.99968,0.00000
65.40600,0.12694,0.00038,0.00001,0.99961,0.00000
65.47200,0.12694,0.00021,0.00003,0.99977,0.00000
65.53800,0.12694,0.00021,0.00003,0.99976,0.00000
65.60400,0.12694,0.00020,0.00004,0.99975,0.00000
65.67000,0.12694,0.00027,0.00002,0.99971,0.00000
65.73600,0.12694,0.00076,0.00008,0.99914,0.00001
65.80200,0.12694,0.00177,0.00040,0.99768,0.00015
65.86800,0.12694,0.00113,0.00023,0.99849,0.00015
65.93400,0.12694,0.00063,0.00004,0.99930,0.00003
66.00000,0.12694,0.00046,0.00002,0.99953,0.00000
66.06600,0.12694,0.00038,0.00012,0.99949,0.00001
66.13200,0.12693,0.00129,0.00041,0.99829,0.00001
66.19800,0.12694,0.00022,0.00004,0.99974,0.00000
66.26400,0.12694,0.00044,0.00011,0.99944,0.00001
66.33000,0.12694,0.00059,0.00009,0.99929,0.00002
66.39600,0.12693,0.00106,0.00008,0.99881,0.00006
66.46200,0.12694,0.00031,0.00005,0.99963,0.00000
66.52800,0.12694,0.00033,0.00026,0.99941,0.00000
66.59400,0.12694,0.00022,0.00019,0.99959,0.00000
66.66000,0.12693,0.00012,0.00008,0.99980,0.00000
66.72600,0.12694,0.00023,0.00013,0.99964,0.00000
66.79200,0.12694,0.00016,0.00003,0.99981,0.00000
66.85800,0.12694,0.00085,0.00019,0.99895,0.00001
66.92400,0.12693,0.00021,0.00014,0.99964,0.00000
66.99000,0.12694,0.00005,0.00007,0.99988,0.00000
67.05600,0.12694,0.00028,0.00022,0.99949,0.00000
67.12200,0.12694,0.00018,0.00018,0.99963,0.00000
67.18800,0.12693,0.00066,0.00009,0.99923,0.00001
67.25400,0.12694,0.00029,0.00016,0.99955,0.00000
67.32000,0.12694,0.00040,0.00073,0.99886,0.00001
67.38600,0.12694,0.00044,0.00012,0.99943,0.00001
67.45200,0.12693,0.00013,0.00003,0.99983,0.00000
67.51800,0.12694,0.00013,0.00003,0.99984,0.00000
67.58400,0.12694,0.00017,0.00004,0.99979,0.00000
67.65000,0.12694,0.00020,0.00003,0.99977,0.00000
67.71600,0.12694,0.00014,0.00012,0.99973,0.00000
67.78200,0.12694,0.00156,0.00044,0.99789,0.00012
67.84800,0.12694,0.00013,0.00002,0.99985,0.00000
67.91400,0.12694,0.00021,0.00001,0.99978,0.00000
67.98000,0.12694,0.00128,0.00019,0.99849,0.00004
68.04600,0.12694,0.00034,0.00016,0.99950,0.00000
68.11200,0.12694,0.00025,0.00002,0.99973,0.00000
68.17800,0.12694,0.00033,0.00007,0.99960,0.00000
68.24400,0.12694,0.00023,0.00009,0.99968,0.00000
68.31000,0.12694,0.00019,0.00004,0.99977,0.00000
68.37600,0.12694,0.00057,0.00023,0.99917,0.00003
68.44200,0.12694,0.00027,0.00013,0.99959,0.00000
68.50800,0.12694,0.00012,0.00010,0.99978,0.00000
68.57400,0.12694,0.00027,0.00007,0.99966,0.00000
68.64000,0.12694,0.00030,0.00011,0.99959,0.00000
68.70600,0.12694,0.00182,0.00024,0.99792,0.00003
68.77200,0.12694,0.00018,0.00013,0.99969,0.00000
68.83800,0.12694,0.00020,0.00002,0.99977,0.00000
68.90400,0.12694,0.00008,0.00001,0.99991,0.00000
68.97000,0.12694,0.00031,0.00007,0.99962,0.00001
69.03600,0.12694,0.00014,0.00004,0.99982,0.00000
69.10200,0.12694,0.00040,0.00003,0.99957,0.00000
69.16800,0.12694,0.00090,0.00018,0.99891,0.00001
69.23400,0.12694,0.00033,0.00014,0.99952,0.00000
69.30000,0.12694,0.00027,0.00003,0.99969,0.00000
69.36600,0.12694,0.00028,0.00002,0.99970,0.00000
69.43200,0.12694,0.00017,0.00002,0.99980,0.00000
69.49800,0.12694,0.00146,0.00054,0.99799,0.00002
69.56400,0.12694,0.00152,0.00039,0.99806,0.00003
69.63000,0.12694,0.00032,0.00003,0.99965,0.00000
69.69600,0.12694,0.00010,0.00002,0.99987,0.00000
69.76200,0.12694,0.00041,0.00012,0.99947,0.00000
69.82800,0.12694,0.00042,0.00012,0.99946,0.00000
69.89400,0.12694,0.00075,0.00040,0.99884,0.00001
69.96000,0.12694,0.00055,0.00011,0.99933,0.00001
70.02600,0.12694,0.00032,0.00009,0.99957,0.00002
70.09200,0.12694,0.00021,0.00004,0.99975,0.00000
70.15800,0.12694,0.00011,0.00005,0.99984,0.00000
70.22400,0.12694,0.00030,0.00010,0.99961,0.00000
70.29000,0.12694,0.00024,0.00001,0.99975,0.00000
70.35600,0.12694,0.00022,0.00007,0.99971,0.00000
70.42200,0.12694,0.00090,0.00020,0.99888,0.00001
70.48800,0.12694,0.00048,0.00010,0.99942,0.00000
70.55400,0.12694,0.00035,0.00015,0.99950,0.00001
70.62000,0.12694,0.00050,0.00014,0.99935,0.00001
70.68600,0.12694,0.00040,0.00028,0.99932,0.00000
70.75200,0.12694,0.00151,0.00065,0.99777,0.00007
70.81800,0.12694,0.00047,0.00013,0.99940,0.00000
70.88400,0.12694,0.00058,0.00014,0.99928,0.00000
70.95000,0.12694,0.00023,0.00019,0.99958,0.00000
71.01600,0.12694,0.00032,0.00007,0.99960,0.00000
71.08200,0.12694,0.00016,0.00001,0.99983,0.00000
71.14800,0.12694,0.00045,0.00018,0.99937,0.00000
71.21400,0.12694,0.00030,0.00007,0.99963,0.00000
71.28000,0.12694,0.00016,0.00001,0.99983,0.00000
71.34600,0.12694,0.00032,0.00010,0.99959,0.00000
71.41200,0.12694,0.00010,0.00003,0.99987,0.00000
71.47800,0.12694,0.00058,0.00006,0.99936,0.00001
71.54400,0.12694,0.00026,0.00007,0.99967,0.00000
71.61000,0.12694,0.00023,0.00003,0.99974,0.00000
71.67600,0.12694,0.00020,0.00015,0.99964,0.00000
71.74200,0.12694,0.00011,0.00005,0.99985,0.00000
71.80800,0.12694,0.00031,0.00007,0.99961,0.00000
71.87400,0.12694,0.00020,0.00002,0.99978,0.00000
71.94000,0.12694,0.00008,0.00007,0.99986,0.00000
72.00600,0.12694,0.00019,0.00008,0.99973,0.00000
72.07200,0.12694,0.00036,0.00005,0.99958,0.00000
72.13800,0.12694,0.00017,0.00003,0.99980,0.00000
72.20400,0.12694,0.00042,0.00010,0.99948,0.00000
72.27000,0.12694,0.00017,0.00004,0.99979,0.00000
72.33600,0.12694,0.00083,0.00016,0.99900,0.00001
72.40200,0.12694,0.00037,0.00004,0.99959,0.00000
72.46800,0.12694,0.00044,0.00007,0.99949,0.00000
72.53400,0.12694,0.00018,0.00003,0.99979,0.00000
72.60000,0.12694,0.00033,0.00005,0.99962,0.00000
72.66600,0.12694,0.00031,0.00016,0.99953,0.00000
72.73200,0.12694,0.00030,0.00004,0.99965,0.00001
72.79800,0.12694,0.00052,0.00013,0.99934,0.00000
72.86400,0.12694,0.00023,0.00020,0.99957,0.00000
72.93000,0.12694,0.00063,0.00024,0.99911,0.00002
72.99600,0.12694,0.00058,0.00007,0.99935,0.00000
73.06200,0.12694,0.00048,0.00014,0.99938,0.00000
73.12800,0.12694,0.00018,0.00003,0.99979,0.00000
73.19400,0.12694,0.00023,0.00010,0.99967,0.00000
73.26000,0.12694,0.00023,0.00011,0.99965,0.00000
73.32600,0.12694,0.00009,0.00002,0.99989,0.00000
73.39200,0.12694,0.00015,0.00002,0.99982,0.00000
73.45800,0.12694,0.00020,0.00003,0.99977,0.00000
73.52400,0.12694,0.00025,0.00004,0.99971,0.00000
73.59000,0.12694,0.00025,0.00009,0.99966,0.00000
73.65600,0.12694,0.00018,0.00014,0.99968,0.00000
73.72200,0.12694,0.00027,0.00006,0.99967,0.00000
73.78800,0.12694,0.00026,0.00006,0.99967,0.00000
73.85400,0.12694,0.00022,0.00006,0.99972,0.00000
73.92000,0.12694,0.00032,0.00017,0.99950,0.00001
73.98600,0.12694,0.00051,0.00018,0.99929,0.00002
74.05200,0.12694,0.00051,0.00003,0.99947,0.00000
74.11800,0.12694,0.00017,0.00004,0.99979,0.00000
74.18400,0.12694,0.00057,0.00070,0.99872,0.00001
74.25000,0.12694,0.00014,0.00007,0.99980,0.00000
74.31600,0.12694,0.00010,0.00005,0.99985,0.00000
74.38200,0.12693,0.00011,0.00005,0.99983,0.00000
74.44800,0.12694,0.00023,0.00005,0.99971,0.00000
74.51400,0.12694,0.00051,0.00008,0.99941,0.00000
74.58000,0.12694,0.00035,0.00005,0.99961,0.00000
74.64600,0.12693,0.00008,0.00001,0.99991,0.00000
74.71200,0.12694,0.00017,0.00003,0.99980,0.00000
74.77800,0.12694,0.00031,0.00016,0.99953,0.00000
74.84400,0.12694,0.00043,0.00010,0.99947,0.00001
74.91000,0.12693,0.00042,0.00008,0.99950,0.00000
74.97600,0.12694,0.00054,0.00007,0.99938,0.00000
75.04200,0.12694,0.00016,0.00013,0.99971,0.00000
75.10800,0.12694,0.00023,0.00007,0.99970,0.00000
75.17400,0.12693,0.00073,0.00014,0.99913,0.00000
75.24000,0.12694,0.00035,0.00006,0.99959,0.00000
75.30600,0.12694,0.00030,0.00019,0.99950,0.00000
75.37200,0.12694,0.00054,0.00015,0.99930,0.00001
75.43800,0.12693,0.00054,0.00015,0.99931,0.00001
75.50400,0.12694,0.00009,0.00001,0.99990,0.00000
75.57000,0.12694,0.00011,0.00004,0.99984,0.00000
75.63600,0.12694,0.00020,0.00007,0.99973,0.00000
75.70200,0.12693,0.00037,0.00009,0.99954,0.00000
75.76800,0.12694,0.00028,0.00010,0.99962,0.00000
75.83400,0.12694,0.00014,0.00005,0.99981,0.00000
75.90000,0.12694,0.00011,0.00010,0.99979,0.00000
75.96600,0.12694,0.00028,0.00015,0.99956,0.00001
76.03200,0.12694,0.00028,0.00002,0.99969,0.00000
76.09800,0.12694,0.00016,0.00009,0.99975,0.00000
76.16400,0.12694,0.00052,0.00014,0.99933,0.00001
76.23000,0.12694,0.00027,0.00012,0.99961,0.00000
76.29600,0.12694,0.00078,0.00019,0.99901,0.00002
76.36200,0.12694,0.00031,0.00023,0.99945,0.00001
76.42800,0.12694,0.00018,0.00018,0.99963,0.00000
76.49400,0.12694,0.00080,0.00020,0.99899,0.00001
76.56000,0.12694,0.00020,0.00006,0.99974,0.00000
76.62600,0.12694,0.00020,0.00003,0.99977,0.00000
76.69200,0.12694,0.00006,0.00002,0.99993,0.00000
76.75800,0.12694,0.00061,0.00067,0.99866,0.00006
76.82400,0.12694,0.00012,0.00012,0.99976,0.00000
76.89000,0.12694,0.00021,0.00006,0.99974,0.00000
76.95600,0.12694,0.00013,0.00002,0.99985,0.00000
77.02200,0.12694,0.00060,0.00010,0.99929,0.00001
77.08800,0.12694,0.00018,0.00011,0.99971,0.00000
77.15400,0.12694,0.00038,0.00012,0.99950,0.00001
77.22000,0.12694,0.00050,0.00020,0.99928,0.00001
77.28600,0.12694,0.00087,0.00013,0.99899,0.00000
77.35200,0.12694,0.00027,0.00004,0.99969,0.00000
77.41800,0.12694,0.00046,0.00008,0.99945,0.00000
77.48400,0.12694,0.00056,0.00027,0.99916,0.00002
77.55000,0.12694,0.00019,0.00008,0.99973,0.00000
77.61600,0.12694,0.00026,0.00009,0.99966,0.00000
77.68200,0.12694,0.00041,0.00005,0.99953,0.00000
77.74800,0.12694,0.00010,0.00002,0.99988,0.00000
77.81400,0.12694,0.00017,0.00002,0.99981,0.00000
77.88000,0.12694,0.00053,0.00015,0.99929,0.00003
77.94600,0.12694,0.00055,0.00004,0.99940,0.00001
78.01200,0.12694,0.00029,0.00007,0.99964,0.00000
78.07800,0.12694,0.00027,0.00002,0.99970,0.00000
78.14400,0.12694,0.00025,0.00002,0.99973,0.00000
78.21000,0.12694,0.00014,0.00002,0.99984,0.00000
78.27600,0.12694,0.00020,0.00008,0.99972,0.00000
78.34200,0.12694,0.00031,0.00013,0.99956,0.00000
78.40800,0.12694,0.00019,0.00003,0.99977,0.00000
78.47400,0.12694,0.00029,0.00002,0.99969,0.00000
78.54000,0.12694,0.00022,0.00007,0.99972,0.00000
78.60600,0.12694,0.00023,0.00008,0.99968,0.00000
78.67200,0.12694,0.00018,0.00005,0.99977,0.00000
78.73800,0.12694,0.00015,0.00004,0.99981,0.00000
78.80400,0.12694,0.00012,0.00008,0.99980,0.00000
78.87000,0.12694,0.00019,0.00003,0.99978,0.00000
78.93600,0.12694,0.00020,0.00009,0.99970,0.00000
79.00200,0.12694,0.00017,0.00011,0.99972,0.00000
79.06800,0.12694,0.00023,0.00008,0.99969,0.00000
79.13400,0.12694,0.00018,0.00003,0.99979,0.00000
79.20000,0.12694,0.00017,0.00004,0.99979,0.00000
79.26600,0.12694,0.00025,0.00005,0.99969,0.00001
79.33200,0.12694,0.00034,0.00008,0.99957,0.00001
79.39800,0.12694,0.00048,0.00011,0.99940,0.00001
79.46400,0.12694,0.00026,0.00013,0.99960,0.00000
79.53000,0.12694,0.00056,0.00020,0.99923,0.00001
79.59600,0.12694,0.00021,0.00004,0.99975,0.00000
79.66200,0.12694,0.00023,0.00004,0.99973,0.00000
79.72800,0.12694,0.00009,0.00003,0.99988,0.00000
79.79400,0.12694,0.00015,0.00021,0.99964,0.00000
79.86000,0.12694,0.00031,0.00010,0.99958,0.00000
79.92600,0.12694,0.00024,0.00002,0.99974,0.00000
79.99200,0.12694,0.00007,0.00000,0.99993,0.00000
80.05800,0.12694,0.00035,0.00003,0.99962,0.00000
80.12400,0.12694,0.00035,0.00006,0.99958,0.00000
80.19000,0.12694,0.00030,0.00008,0.99962,0.00000
80.25600,0.12694,0.00023,0.00025,0.99952,0.00000
80.32200,0.12694,0.00123,0.00090,0.99785,0.00001
80.38800,0.12694,0.00048,0.00004,0.99947,0.00000
80.45400,0.12694,0.00069,0.00006,0.99924,0.00000
80.52000,0.12694,0.00056,0.00015,0.99928,0.00000
80.58600,0.12694,0.00265,0.00019,0.99714,0.00001
80.65200,0.12694,0.00023,0.00002,0.99974,0.00000
80.71800,0.12694,0.00009,0.00001,0.99990,0.00000
80.78400,0.12694,0.00017,0.00003,0.99980,0.00000
80.85000,0.12694,0.00008,0.00003,0.99989,0.00000
80.91600,0.12694,0.00041,0.00011,0.99947,0.00001
80.98200,0.12694,0.00008,0.00001,0.99991,0.00000
81.04800,0.12694,0.00083,0.00024,0.99893,0.00001
81.11400,0.12694,0.00055,0.00014,0.99928,0.00003
81.18000,0.12694,0.00268,0.00058,0.99611,0.00062
81.24600,0.12694,0.00093,0.00007,0.99899,0.00002
81.31200,0.12694,0.00293,0.00143,0.99541,0.00023
81.37800,0.12694,0.01781,0.00266,0.96629,0.01324
81.44400,0.12694,0.00169,0.00044,0.99774,0.00013
81.51000,0.12694,0.00017,0.00002,0.99981,0.00000
81.57600,0.12694,0.00022,0.00003,0.99975,0.00000
81.64200,0.12694,0.00099,0.00008,0.99891,0.00001
81.70800,0.12694,0.00133,0.00001,0.99865,0.00001
81.77400,0.12694,0.00136,0.00023,0.99838,0.00004
81.84000,0.12694,0.00064,0.00009,0.99926,0.00001
81.90600,0.12694,0.00112,0.00043,0.99843,0.00002
81.97200,0.12694,0.00034,0.00005,0.99961,0.00000
82.03800,0.12694,0.00042,0.00006,0.99950,0.00002
82.10400,0.12694,0.00102,0.00036,0.99854,0.00008
82.17000,0.12694,0.00506,0.00114,0.99279,0.00101
82.23600,0.12694,0.00249,0.00054,0.99682,0.00016
82.30200,0.12694,0.00284,0.00023,0.99662,0.00030
82.36800,0.12694,0.00209,0.00016,0.99767,0.00008
82.43400,0.12694,0.00109,0.00024,0.99866,0.00001
82.50000,0.12694,0.00219,0.00019,0.99747,0.00015
82.56600,0.12694,0.00164,0.00013,0.99819,0.00004
82.63200,0.12693,0.00082,0.00010,0.99907,0.00001
82.69800,0.12694,0.00060,0.00016,0.99924,0.00001
82.76400,0.12694,0.00094,0.00020,0.99882,0.00004
82.83000,0.12694,0.00076,0.00020,0.99902,0.00001
82.89600,0.12693,0.00074,0.00014,0.99910,0.00001
82.96200,0.12694,0.00068,0.00017,0.99914,0.00001
83.02800,0.12694,0.00055,0.00007,0.99938,0.00000
83.09400,0.12694,0.00058,0.00015,0.99926,0.00001
83.16000,0.12693,0.00031,0.00007,0.99961,0.00000
83.22600,0.12694,0.00106,0.00053,0.99839,0.00003
83.29200,0.12694,0.00071,0.00042,0.99887,0.00001
83.35800,0.12694,0.00017,0.00003,0.99980,0.00000
83.42400,0.12693,0.00045,0.00005,0.99949,0.00000
83.49000,0.12694,0.00056,0.00004,0.99940,0.00000
83.55600,0.12694,0.00049,0.00003,0.99947,0.00000
83.62200,0.12694,0.00054,0.00006,0.99940,0.00000
83.68800,0.12693,0.00027,0.00011,0.99962,0.00000
83.75400,0.12694,0.00052,0.00009,0.99938,0.00001
83.82000,0.12694,0.00017,0.00001,0.99982,0.00000
83.88600,0.12694,0.00033,0.00012,0.99954,0.00000
83.95200,0.12693,0.00052,0.00009,0.99939,0.00000
84.01800,0.12694,0.00183,0.00031,0.99784,0.00002
84.08400,0.12694,0.00025,0.00011,0.99965,0.00000
84.15000,0.12694,0.00022,0.00005,0.99972,0.00000
84.21600,0.12694,0.00020,0.00014,0.99966,0.00000
84.28200,0.12694,0.00006,0.00003,0.99991,0.00000
84.34800,0.12694,0.00035,0.00005,0.99960,0.00000
84.41400,0.12694,0.00043,0.00004,0.99953,0.00000
84.48000,0.12694,0.00006,0.00002,0.99992,0.00000
84.54600,0.12694,0.00008,0.00002,0.99990,0.00000
84.61200,0.12694,0.00066,0.00020,0.99914,0.00000
84.67800,0.12694,0.00029,0.00012,0.99959,0.00000
84.74400,0.12694,0.00114,0.00055,0.99825,0.00006
84.81000,0.12694,0.00767,0.00156,0.98964,0.00113
84.87600,0.12694,0.00095,0.00017,0.99878,0.00009
84.94200,0.12694,0.00136,0.00031,0.99830,0.00003
85.00800,0.12694,0.00039,0.00002,0.99959,0.00000
85.07400,0.12694,0.00073,0.00012,0.99910,0.00005
85.14000,0.12694,0.00014,0.00002,0.99984,0.00000
85.20600,0.12694,0.00045,0.00008,0.99946,0.00000
85.27200,0.12694,0.00016,0.00001,0.99983,0.00000
85.33800,0.12694,0.00043,0.00009,0.99947,0.00000
85.40400,0.12694,0.00034,0.00007,0.99960,0.00000
85.47000,0.12694,0.00017,0.00008,0.99975,0.00000
85.53600,0.12694,0.00020,0.00008,0.99972,0.00000
85.60200,0.12694,0.00028,0.00034,0.99938,0.00000
85.66800,0.12694,0.00042,0.00010,0.99947,0.00001
85.73400,0.12694,0.00074,0.00003,0.99923,0.00001
85.80000,0.12694,0.00013,0.00002,0.99985,0.00000
85.86600,0.12694,0.00006,0.00001,0.99993,0.00000
85.93200,0.12694,0.00083,0.00010,0.99907,0.00000
85.99800,0.12694,0.00011,0.00006,0.99983,0.00000
86.06400,0.12694,0.00010,0.00002,0.99987,0.00000
86.13000,0.12694,0.00025,0.00004,0.99971,0.00000
86.19600,0.12694,0.00014,0.00007,0.99978,0.00001
86.26200,0.12694,0.00030,0.00012,0.99956,0.00002
86.32800,0.12694,0.00032,0.00006,0.99962,0.00000
86.39400,0.12694,0.00014,0.00012,0.99974,0.00000
86.46000,0.12694,0.00032,0.00007,0.99961,0.00000
86.52600,0.12694,0.00014,0.00005,0.99981,0.00000
86.59200,0.12694,0.00039,0.00004,0.99957,0.00000
86.65800,0.12694,0.00062,0.00008,0.99930,0.00000
86.72400,0.12694,0.00026,0.00005,0.99968,0.00000
86.79000,0.12694,0.00029,0.00007,0.99964,0.00000
86.85600,0.12694,0.00011,0.00003,0.99986,0.00000
86.92200,0.12694,0.00010,0.00001,0.99990,0.00000
86.98800,0.12694,0.00051,0.00034,0.99914,0.00000
87.05400,0.12694,0.00012,0.00005,0.99983,0.00000
87.12000,0.12694,0.00025,0.00007,0.99967,0.00000
87.18600,0.12694,0.00075,0.00028,0.99896,0.00002
87.25200,0.12694,0.00021,0.00006,0.99972,0.00000
87.31800,0.12694,0.00068,0.00010,0.99919,0.00003
87.38400,0.12694,0.00350,0.00042,0.99548,0.00060
87.45000,0.12694,0.00502,0.00024,0.99444,0.00030
87.51600,0.12694,0.00325,0.00015,0.99648,0.00011
87.58200,0.12694,0.00315,0.00032,0.99633,0.00020
87.64800,0.12694,0.00117,0.00011,0.99871,0.00002
87.71400,0.12694,0.00193,0.00028,0.99769,0.00010
87.78000,0.12694,0.00269,0.00011,0.99716,0.00004
87.84600,0.12694,0.00214,0.00016,0.99768,0.00002
87.91200,0.12694,0.00180,0.00032,0.99787,0.00002
87.97800,0.12694,0.00176,0.00076,0.99744,0.00004
88.04400,0.12694,0.00170,0.00012,0.99815,0.00004
88.11000,0.12694,0.00081,0.00015,0.99902,0.00002
88.17600,0.12694,0.00106,0.00011,0.99882,0.00002
88.24200,0.12694,0.00793,0.00026,0.99134,0.00046
88.30800,0.12694,0.00757,0.00030,0.99087,0.00126
88.37400,0.12694,0.00115,0.00086,0.99783,0.00016
88.44000,0.12694,0.00029,0.00003,0.99967,0.00001
88.50600,0.12694,0.00056,0.00008,0.99936,0.00000
88.57200,0.12694,0.00121,0.00016,0.99863,0.00001
88.63800,0.12694,0.00072,0.00007,0.99920,0.00001
88.70400,0.12694,0.00039,0.00003,0.99957,0.00001
88.77000,0.12694,0.00090,0.00035,0.99872,0.00003
88.83600,0.12694,0.00049,0.00022,0.99927,0.00003
88.90200,0.12694,0.00165,0.00008,0.99814,0.00014
88.96800,0.12694,0.00014,0.00002,0.99984,0.00000
89.03400,0.12694,0.00208,0.00024,0.99759,0.00008
89.10000,0.12694,0.00129,0.00039,0.99823,0.00008
89.16600,0.12694,0.00096,0.00022,0.99881,0.00001
89.23200,0.12694,0.00051,0.00002,0.99947,0.00000
89.29800,0.12694,0.00007,0.00001,0.99991,0.00000
89.36400,0.12694,0.00058,0.00004,0.99938,0.00000
89.43000,0.12694,0.00033,0.00003,0.99965,0.00000
89.49600,0.12694,0.00207,0.00010,0.99779,0.00004
89.56200,0.12694,0.00072,0.00006,0.99921,0.00001
89.62800,0.12694,0.00030,0.00005,0.99965,0.00001
89.69400,0.12694,0.00044,0.00005,0.99951,0.00001
89.76000,0.12694,0.00012,0.00002,0.99985,0.00000
89.82600,0.12694,0.00010,0.00008,0.99983,0.00000
89.89200,0.12694,0.00050,0.00039,0.99910,0.00001
89.95800,0.12694,0.00147,0.00033,0.99815,0.00005
90.02400,0.12694,0.00043,0.00020,0.99936,0.00001
90.09000,0.12694,0.00025,0.00002,0.99973,0.00000
90.15600,0.12694,0.00060,0.00004,0.99934,0.00001
90.22200,0.12694,0.00036,0.00003,0.99961,0.00000
90.28800,0.12694,0.00089,0.00018,0.99891,0.00002
90.35400,0.12694,0.00060,0.00004,0.99935,0.00001
90.42000,0.12694,0.00018,0.00006,0.99976,0.00000
90.48600,0.12694,0.00019,0.00008,0.99973,0.00000
90.55200,0.12694,0.00026,0.00001,0.99972,0.00000
90.61800,0.12694,0.00081,0.00008,0.99909,0.00002
90.68400,0.12694,0.00060,0.00026,0.99913,0.00001
90.75000,0.12694,0.00063,0.00010,0.99925,0.00002
90.81600,0.12694,0.00051,0.00011,0.99936,0.00002
90.88200,0.12693,0.00011,0.00006,0.99984,0.00000
90.94800,0.12694,0.00073,0.00047,0.99878,0.00002
91.01400,0.12694,0.00012,0.00002,0.99986,0.00000
91.08000,0.12694,0.00028,0.00005,0.99967,0.00000
91.14600,0.12693,0.00019,0.00005,0.99976,0.00000
91.21200,0.12694,0.00017,0.00010,0.99972,0.00000
91.27800,0.12694,0.00063,0.00008,0.99929,0.00001
91.34400,0.12694,0.00010,0.00002,0.99988,0.00000
91.41000,0.12693,0.00009,0.00002,0.99989,0.00000
91.47600,0.12694,0.00010,0.00001,0.99989,0.00000
91.54200,0.12694,0.00015,0.00006,0.99979,0.00000
91.60800,0.12694,0.00020,0.00013,0.99967,0.00000
91.67400,0.12693,0.00006,0.00005,0.99989,0.00000
91.74000,0.12694,0.00036,0.00010,0.99953,0.00001
91.80600,0.12694,0.00107,0.00107,0.99784,0.00002
91.87200,0.12694,0.00005,0.00001,0.99993,0.00000
91.93800,0.12693,0.00019,0.00004,0.99977,0.00000
92.00400,0.12694,0.00006,0.00002,0.99992,0.00000
92.07000,0.12694,0.00076,0.00028,0.99896,0.00000
92.13600,0.12694,0.00024,0.00014,0.99962,0.00000
92.20200,0.12693,0.00008,0.00001,0.99991,0.00000
92.26800,0.12694,0.00036,0.00014,0.99949,0.00000
92.33400,0.12694,0.00009,0.00003,0.99989,0.00000
92.40000,0.12694,0.00017,0.00002,0.99981,0.00000
92.46600,0.12694,0.00021,0.00005,0.99973,0.00000
92.53200,0.12694,0.00011,0.00014,0.99975,0.00000
92.59800,0.12694,0.00010,0.00009,0.99981,0.00000
92.66400,0.12694,0.00022,0.00005,0.99973,0.00000
92.73000,0.12694,0.00014,0.00010,0.99977,0.00000
92.79600,0.12694,0.00031,0.00006,0.99962,0.00000
92.86200,0.12694,0.00010,0.00004,0.99986,0.00000
92.92800,0.12694,0.00012,0.00007,0.99981,0.00000
92.99400,0.12694,0.00015,0.00005,0.99980,0.00000
93.06000,0.12694,0.00004,0.00002,0.99994,0.00000
93.12600,0.12694,0.00034,0.00013,0.99953,0.00000
93.19200,0.12694,0.00104,0.00009,0.99887,0.00001
93.25800,0.12694,0.00015,0.00012,0.99972,0.00000
93.32400,0.12694,0.00029,0.00016,0.99955,0.00000
93.39000,0.12694,0.00012,0.00015,0.99973,0.00000
93.45600,0.12694,0.00011,0.00010,0.99980,0.00000
93.52200,0.12694,0.00020,0.00009,0.99971,0.00000
93.58800,0.12694,0.00019,0.00009,0.99972,0.00000
93.65400,0.12694,0.00034,0.00011,0.99954,0.00000
93.72000,0.12694,0.00013,0.00004,0.99983,0.00000
93.78600,0.12694,0.00012,0.00002,0.99986,0.00000
93.85200,0.12694,0.00012,0.00004,0.99984,0.00000
93.91800,0.12694,0.00034,0.00004,0.99962,0.00000
93.98400,0.12694,0.00009,0.00003,0.99988,0.00000
94.05000,0.12694,0.00016,0.00008,0.99976,0.00000
94.11600,0.12694,0.00046,0.00008,0.99945,0.00001
94.18200,0.12694,0.00068,0.00010,0.99922,0.00001
94.24800,0.12694,0.00041,0.00027,0.99931,0.00001
94.31400,0.12694,0.00051,0.00039,0.99909,0.00002
94.38000,0.12694,0.00030,0.00004,0.99965,0.00000
94.44600,0.12694,0.00012,0.00002,0.99985,0.00000
94.51200,0.12694,0.00034,0.00032,0.99934,0.00000
94.57800,0.12694,0.00046,0.00010,0.99941,0.00002
94.64400,0.12694,0.00015,0.00004,0.99980,0.00000
94.71000,0.12694,0.00023,0.00007,0.99970,0.00000
94.77600,0.12694,0.00021,0.00012,0.99967,0.00000
94.84200,0.12694,0.00013,0.00007,0.99979,0.00000
94.90800,0.12694,0.00047,0.00022,0.99931,0.00001
94.97400,0.12694,0.00056,0.00029,0.99914,0.00001
95.04000,0.12694,0.00017,0.00014,0.99969,0.00000
95.10600,0.12694,0.00029,0.00012,0.99958,0.00000
95.17200,0.12694,0.00007,0.00004,0.99989,0.00000
95.23800,0.12694,0.00019,0.00004,0.99977,0.00000
95.30400,0.12694,0.00047,0.00015,0.99938,0.00000
95.37000,0.12694,0.00056,0.00008,0.99936,0.00000
95.43600,0.12694,0.00014,0.00002,0.99984,0.00000
95.50200,0.12694,0.00017,0.00004,0.99978,0.00000
95.56800,0.12694,0.00024,0.00008,0.99968,0.00000
95.63400,0.12694,0.00027,0.00020,0.99953,0.00001
95.70000,0.12694,0.00013,0.00002,0.99985,0.00000
95.76600,0.12694,0.00039,0.00008,0.99952,0.00002
95.83200,0.12694,0.00026,0.00007,0.99966,0.00000
95.89800,0.12694,0.00027,0.00010,0.99962,0.00000
95.96400,0.12694,0.00016,0.00003,0.99981,0.00000
96.03000,0.12694,0.00007,0.00008,0.99986,0.00000
96.09600,0.12694,0.00014,0.00009,0.99977,0.00000
96.16200,0.12694,0.00017,0.00004,0.99979,0.00000
96.22800,0.12694,0.00045,0.00010,0.99945,0.00000
96.29400,0.12694,0.00083,0.00041,0.99869,0.00007
96.36000,0.12694,0.00079,0.00041,0.99877,0.00004
96.42600,0.12694,0.00071,0.00016,0.99913,0.00001
96.49200,0.12694,0.00067,0.00006,0.99925,0.00001
96.55800,0.12694,0.00037,0.00018,0.99944,0.00001
96.62400,0.12694,0.00016,0.00013,0.99971,0.00000
96.69000,0.12694,0.00032,0.00008,0.99960,0.00001
96.75600,0.12694,0.00017,0.00006,0.99976,0.00001
96.82200,0.12694,0.00023,0.00015,0.99961,0.00001
96.88800,0.12694,0.00019,0.00003,0.99977,0.00000
96.95400,0.12694,0.00035,0.00010,0.99954,0.00001
97.02000,0.12694,0.00028,0.00004,0.99968,0.00000
97.08600,0.12694,0.00027,0.00005,0.99968,0.00000
97.15200,0.12694,0.00089,0.00032,0.99878,0.00001
97.21800,0.12694,0.00014,0.00004,0.99981,0.00000
97.28400,0.12694,0.00021,0.00007,0.99972,0.00000
97.35000,0.12694,0.00042,0.00007,0.99952,0.00000
97.41600,0.12694,0.00029,0.00008,0.99962,0.00000
97.48200,0.12694,0.00040,0.00011,0.99950,0.00000
97.54800,0.12694,0.00169,0.00108,0.99722,0.00001
97.61400,0.12694,0.00023,0.00015,0.99962,0.00000
97.68000,0.12694,0.00096,0.00007,0.99897,0.00000
97.74600,0.12694,0.00120,0.00001,0.99879,0.00000
97.81200,0.12694,0.00058,0.00003,0.99939,0.00000
97.87800,0.12694,0.00119,0.00016,0.99865,0.00000
97.94400,0.12694,0.00023,0.00002,0.99975,0.00000
98.01000,0.12694,0.00039,0.00005,0.99956,0.00000
98.07600,0.12694,0.01218,0.00034,0.98741,0.00007
98.14200,0.12694,0.01799,0.00022,0.98172,0.00007
98.20800,0.12694,0.14369,0.00043,0.85354,0.00234
98.27400,0.12694,0.35551,0.00031,0.63355,0.01063
98.34000,0.12694,0.40755,0.00073,0.57292,0.01880
98.40600,0.12694,0.39710,0.00574,0.57974,0.01742
98.47200,0.12694,0.62666,0.00228,0.36987,0.00119
98.53800,0.12694,0.87088,0.00693,0.12206,0.00013
98.60400,0.12694,0.89340,0.00307,0.10346,0.00008
98.67000,0.12694,0.90550,0.00394,0.09055,0.00000
98.73600,0.12694,0.25892,0.01897,0.72211,0.00000
98.80200,0.12694,0.11713,0.00566,0.87721,0.00000
98.86800,0.12694,0.16955,0.02487,0.80558,0.00000
98.93400,0.12694,0.27929,0.00741,0.71330,0.00000
99.00000,0.12694,0.80835,0.01389,0.17773,0.00004
99.06600,0.12694,0.73580,0.00267,0.26135,0.00019
99.13200,0.12693,0.94214,0.01050,0.04733,0.00003
99.19800,0.12694,0.93560,0.00024,0.06415,0.00001
99.26400,0.12694,0.99639,0.00001,0.00360,0.00000
99.33000,0.12694,0.99816,0.00000,0.00184,0.00000
99.39600,0.12693,0.99960,0.00000,0.00040,0.00000
99.46200,0.12694,0.99999,0.00000,0.00001,0.00000
99.52800,0.12694,1.00000,0.00000,0.00000,0.00000
99.59400,0.12694,1.00000,0.00000,0.00000,0.00000
99.66000,0.12693,1.00000,0.00000,0.00000,0.00000
99.72600,0.12694,1.00000,0.00000,0.00000,0.00000
99.79200,0.12694,1.00000,0.00000,0.00000,0.00000
99.85800,0.12694,0.99996,0.00000,0.00004,0.00000
99.92400,0.12693,0.99991,0.00000,0.00009,0.00000
99.99000,0.12694,0.99995,0.00000,0.00004,0.00000
100.05600,0.12694,0.99306,0.00038,0.00004,0.00652
100.12200,0.12694,0.99893,0.00000,0.00057,0.00049
100.18800,0.12693,0.99997,0.00000,0.00003,0.00000
100.25400,0.12694,1.00000,0.00000,0.00000,0.00000
100.32000,0.12694,1.00000,0.00000,0.00000,0.00000
100.38600,0.12694,1.00000,0.00000,0.00000,0.00000
100.45200,0.12693,1.00000,0.00000,0.00000,0.00000
100.51800,0.12694,0.99995,0.00000,0.00005,0.00000
100.58400,0.12694,0.99862,0.00000,0.00056,0.00082
100.65000,0.12694,0.99995,0.00000,0.00002,0.00003
100.71600,0.12694,1.00000,0.00000,0.00000,0.00000
100.78200,0.12694,1.00000,0.00000,0.00000,0.00000
100.84800,0.12694,0.99988,0.00000,0.00012,0.00000
100.91400,0.12694,0.99824,0.00003,0.00158,0.00014
100.98000,0.12694,0.99664,0.00016,0.00039,0.00281
101.04600,0.12694,0.99979,0.00000,0.00019,0.00002
101.11200,0.12694,1.00000,0.00000,0.00000,0.00000
101.17800,0.12694,1.00000,0.00000,0.00000,0.00000
101.24400,0.12694,1.00000,0.00000,0.00000,0.00000
101.31000,0.12694,1.00000,0.00000,0.00000,0.00000
101.37600,0.12694,1.00000,0.00000,0.00000,0.00000
101.44200,0.12694,0.99991,0.00000,0.00004,0.00004
101.50800,0.12694,0.99968,0.00002,0.00009,0.00021
101.57400,0.12694,0.99870,0.00001,0.00108,0.00021
101.64000,0.12694,0.99997,0.00000,0.00003,0.00000
101.70600,0.12694,0.99999,0.00000,0.00001,0.00000
101.77200,0.12694,1.00000,0.00000,0.00000,0.00000
101.83800,0.12694,0.99997,0.00000,0.00003,0.00000
101.90400,0.12694,0.99999,0.00000,0.00001,0.00000
101.97000,0.12694,1.00000,0.00000,0.00000,0.00000
102.03600,0.12694,1.00000,0.00000,0.00000,0.00000
102.10200,0.12694,0.99999,0.00000,0.00001,0.00000
102.16800,0.12694,0.99999,0.00000,0.00001,0.00000
102.23400,0.12694,0.99999,0.00000,0.00001,0.00000
102.30000,0.12694,1.00000,0.00000,0.00000,0.00000
102.36600,0.12694,1.00000,0.00000,0.00000,0.00000
102.43200,0.12694,1.00000,0.00000,0.00000,0.00000
102.49800,0.12694,0.99996,0.00000,0.00004,0.00000
102.56400,0.12694,0.99996,0.00000,0.00003,0.00000
102.63000,0.12694,1.00000,0.00000,0.00000,0.00000
102.69600,0.12694,1.00000,0.00000,0.00000,0.00000
102.76200,0.12694,1.00000,0.00000,0.00000,0.00000
102.82800,0.12694,1.00000,0.00000,0.00000,0.00000
102.89400,0.12694,1.00000,0.00000,0.00000,0.00000
102.96000,0.12694,1.00000,0.00000,0.00000,0.00000
103.02600,0.12694,1.00000,0.00000,0.00000,0.00000
103.09200,0.12694,1.00000,0.00000,0.00000,0.00000
103.15800,0.12694,1.00000,0.00000,0.00000,0.00000
103.22400,0.12694,1.00000,0.00000,0.00000,0.00000
103.29000,0.12694,1.00000,0.00000,0.00000,0.00000
103.35600,0.12694,1.00000,0.00000,0.00000,0.00000
103.42200,0.12694,0.99999,0.00000,0.00001,0.00000
103.48800,0.12694,0.99999,0.00000,0.00001,0.00000
103.55400,0.12694,0.99999,0.00000,0.00001,0.00000
