Time (seconds), Duration (seconds),pred_(unlabeled),pred_brushing_teeth,pred_hair_drying,pred_showering
0.00000,1.02194,0.99616,0.00000,0.00082,0.00302
0.14000,1.02194,0.97855,0.00000,0.01202,0.00943
0.28000,1.02194,0.95055,0.00000,0.03660,0.01285
0.42000,1.02194,0.97068,0.00000,0.01708,0.01224
0.56000,1.02194,0.95548,0.00000,0.03374,0.01078
0.70000,1.02194,0.96413,0.00000,0.02936,0.00651
0.84000,1.02194,0.95539,0.00000,0.03468,0.00993
0.98000,1.02194,0.95661,0.00000,0.03338,0.01000
1.12000,1.02194,0.96821,0.00000,0.02299,0.00880
1.26000,1.02194,0.97058,0.00000,0.01935,0.01007
1.40000,1.02194,0.92952,0.00000,0.04972,0.02076
1.54000,1.02194,0.96172,0.00000,0.01420,0.02408
1.68000,1.02194,0.97247,0.00000,0.00581,0.02172
1.82000,1.02194,0.98906,0.00000,0.00161,0.00933
1.96000,1.02194,0.99134,0.00000,0.00041,0.00825
2.10000,1.02194,0.99177,0.00000,0.00035,0.00788
2.24000,1.02194,0.99060,0.00000,0.00045,0.00895
2.38000,1.02194,0.99133,0.00000,0.00029,0.00837
2.52000,1.02194,0.98951,0.00000,0.00034,0.01016
2.66000,1.02194,0.97563,0.00000,0.00100,0.02338
2.80000,1.02194,0.93301,0.00000,0.00336,0.06363
2.94000,1.02194,0.92949,0.00000,0.00641,0.06410
3.08000,1.02194,0.93298,0.00000,0.00621,0.06082
3.22000,1.02194,0.94661,0.00000,0.00354,0.04985
3.36000,1.02194,0.94037,0.00000,0.00737,0.05227
3.50000,1.02194,0.96854,0.00000,0.00511,0.02635
3.64000,1.02194,0.97630,0.00000,0.00425,0.01945
3.78000,1.02194,0.98750,0.00000,0.00248,0.01002
3.92000,1.02194,0.99309,0.00000,0.00079,0.00611
4.06000,1.02194,0.99651,0.00000,0.00058,0.00291
4.20000,1.02194,0.99713,0.00000,0.00078,0.00209
4.34000,1.02194,0.99813,0.00000,0.00026,0.00161
4.48000,1.02194,0.99800,0.00001,0.00030,0.00170
4.62000,1.02194,0.99690,0.00001,0.00047,0.00262
4.76000,1.02194,0.99595,0.00000,0.00042,0.00362
4.90000,1.02194,0.98571,0.00000,0.00150,0.01278
5.04000,1.02194,0.97543,0.00000,0.00051,0.02406
5.18000,1.02194,0.98908,0.00000,0.00006,0.01086
5.32000,1.02194,0.96826,0.00000,0.00037,0.03138
5.46000,1.02194,0.96394,0.00000,0.00029,0.03577
5.60000,1.02194,0.97487,0.00000,0.00006,0.02507
5.74000,1.02194,0.97992,0.00000,0.00002,0.02006
5.88000,1.02194,0.94904,0.00000,0.00003,0.05093
6.02000,1.02194,0.90461,0.00000,0.00007,0.09532
6.16000,1.02194,0.88809,0.00000,0.00006,0.11185
6.30000,1.02194,0.90330,0.00000,0.00004,0.09666
6.44000,1.02194,0.87564,0.00000,0.00007,0.12428
6.58000,1.02194,0.90448,0.00000,0.00012,0.09540
6.72000,1.02194,0.84557,0.00000,0.00048,0.15395
6.86000,1.02194,0.94496,0.00000,0.00018,0.05486
7.00000,1.02194,0.97149,0.00000,0.00015,0.02835
7.14000,1.02194,0.97474,0.00000,0.00029,0.02497
7.28000,1.02194,0.99501,0.00000,0.00005,0.00494
7.42000,1.02194,0.99890,0.00000,0.00001,0.00109
7.56000,1.02194,0.99935,0.00000,0.00000,0.00065
7.70000,1.02194,0.99975,0.00000,0.00000,0.00025
7.84000,1.02194,0.99873,0.00000,0.00000,0.00127
7.98000,1.02194,0.99817,0.00000,0.00000,0.00183
8.12000,1.02194,0.99794,0.00000,0.00000,0.00206
8.26000,1.02194,0.98134,0.00000,0.00001,0.01865
8.40000,1.02194,0.95399,0.00000,0.00002,0.04598
8.54000,1.02194,0.92347,0.00000,0.00005,0.07648
8.68000,1.02194,0.83510,0.00000,0.00017,0.16472
8.82000,1.02194,0.88534,0.00000,0.00039,0.11427
8.96000,1.02194,0.94176,0.00000,0.00065,0.05759
9.10000,1.02194,0.96332,0.00000,0.00023,0.03645
9.24000,1.02194,0.96818,0.00000,0.00015,0.03167
9.38000,1.02194,0.97098,0.00000,0.00026,0.02876
9.52000,1.02194,0.97942,0.00000,0.00031,0.02027
9.66000,1.02194,0.93217,0.00000,0.00070,0.06714
9.80000,1.02194,0.95799,0.00000,0.00046,0.04155
9.94000,1.02194,0.84816,0.00000,0.00464,0.14720
10.08000,1.02194,0.94626,0.00000,0.00444,0.04930
10.22000,1.02194,0.89475,0.00000,0.01983,0.08542
10.36000,1.02194,0.89497,0.00000,0.03388,0.07115
10.50000,1.02194,0.93255,0.00000,0.02989,0.03756
10.64000,1.02194,0.95161,0.00000,0.02538,0.02301
10.78000,1.02194,0.95747,0.00000,0.02202,0.02050
10.92000,1.02194,0.95846,0.00000,0.01858,0.02296
11.06000,1.02194,0.95622,0.00000,0.01623,0.02755
11.20000,1.02194,0.96005,0.00000,0.02255,0.01739
11.34000,1.02194,0.98546,0.00000,0.00595,0.00859
11.48000,1.02194,0.97808,0.00000,0.01181,0.01010
11.62000,1.02194,0.98801,0.00000,0.00605,0.00593
11.76000,1.02194,0.98521,0.00000,0.00750,0.00729
11.90000,1.02194,0.98498,0.00000,0.00785,0.00717
12.04000,1.02194,0.99169,0.00000,0.00384,0.00447
12.18000,1.02194,0.98372,0.00000,0.00604,0.01025
12.32000,1.02194,0.94481,0.00000,0.02017,0.03502
12.46000,1.02194,0.96282,0.00000,0.01242,0.02476
12.60000,1.02194,0.91070,0.00000,0.01888,0.07041
12.74000,1.02194,0.87800,0.00000,0.02399,0.09800
12.88000,1.02194,0.78800,0.00000,0.02583,0.18617
13.02000,1.02194,0.81531,0.00000,0.04259,0.14210
13.16000,1.02194,0.89682,0.00000,0.01691,0.08627
13.30000,1.02194,0.96491,0.00000,0.00196,0.03312
13.44000,1.02194,0.93209,0.00000,0.00177,0.06614
13.58000,1.02194,0.95349,0.00000,0.00112,0.04538
13.72000,1.02194,0.95843,0.00000,0.00066,0.04091
13.86000,1.02194,0.96135,0.00000,0.00036,0.03829
14.00000,1.02194,0.96426,0.00000,0.00013,0.03561
14.14000,1.02194,0.95248,0.00000,0.00027,0.04725
14.28000,1.02194,0.89335,0.00000,0.00136,0.10529
14.42000,1.02194,0.91800,0.00000,0.00102,0.08098
14.56000,1.02194,0.93939,0.00000,0.00087,0.05974
14.70000,1.02194,0.97173,0.00000,0.00033,0.02794
14.84000,1.02194,0.98006,0.00000,0.00015,0.01979
14.98000,1.02194,0.93808,0.00000,0.00024,0.06168
15.12000,1.02194,0.93519,0.00000,0.00029,0.06452
15.26000,1.02194,0.93387,0.00000,0.00022,0.06592
15.40000,1.02194,0.90516,0.00000,0.00036,0.09449
15.54000,1.02194,0.85470,0.00000,0.00073,0.14456
15.68000,1.02194,0.80452,0.00000,0.00166,0.19382
15.82000,1.02194,0.89018,0.00000,0.00077,0.10905
15.96000,1.02194,0.95616,0.00000,0.00022,0.04362
16.10000,1.02194,0.97719,0.00000,0.00006,0.02274
16.24000,1.02194,0.98736,0.00000,0.00002,0.01262
16.38000,1.02194,0.99110,0.00000,0.00000,0.00889
16.52000,1.02194,0.99701,0.00000,0.00000,0.00299
16.66000,1.02194,0.99732,0.00000,0.00000,0.00268
16.80000,1.02194,0.99577,0.00000,0.00000,0.00423
16.94000,1.02194,0.99634,0.00000,0.00000,0.00366
17.08000,1.02194,0.99560,0.00000,0.00000,0.00440
17.22000,1.02194,0.99688,0.00000,0.00000,0.00312
17.36000,1.02194,0.99865,0.00000,0.00000,0.00135
17.50000,1.02194,0.99855,0.00000,0.00000,0.00145
17.64000,1.02194,0.99879,0.00000,0.00000,0.00121
17.78000,1.02194,0.99929,0.00000,0.00000,0.00071
17.92000,1.02194,0.99812,0.00000,0.00000,0.00188
18.06000,1.02194,0.99822,0.00000,0.00000,0.00178
18.20000,1.02194,0.99877,0.00000,0.00000,0.00123
18.34000,1.02194,0.99742,0.00000,0.00000,0.00258
18.48000,1.02194,0.99851,0.00000,0.00000,0.00149
18.62000,1.02194,0.99824,0.00000,0.00000,0.00176
18.76000,1.02194,0.99628,0.00000,0.00000,0.00372
18.90000,1.02194,0.99877,0.00000,0.00000,0.00123
19.04000,1.02194,0.99842,0.00000,0.00000,0.00158
19.18000,1.02194,0.99211,0.00000,0.00001,0.00788
19.32000,1.02194,0.98822,0.00000,0.00001,0.01177
19.46000,1.02194,0.97924,0.00000,0.00002,0.02074
19.60000,1.02194,0.97701,0.00000,0.00001,0.02298
19.74000,1.02194,0.99322,0.00000,0.00000,0.00678
19.88000,1.02194,0.99486,0.00000,0.00000,0.00514
20.02000,1.02194,0.99632,0.00000,0.00000,0.00368
20.16000,1.02194,0.99556,0.00000,0.00000,0.00444
20.30000,1.02194,0.99833,0.00000,0.00000,0.00167
20.44000,1.02194,0.99836,0.00000,0.00000,0.00164
20.58000,1.02194,0.99835,0.00000,0.00000,0.00165
20.72000,1.02194,0.99545,0.00000,0.00000,0.00455
20.86000,1.02194,0.99538,0.00000,0.00000,0.00461
21.00000,1.02194,0.99360,0.00000,0.00000,0.00640
21.14000,1.02194,0.99201,0.00000,0.00000,0.00799
21.28000,1.02194,0.98718,0.00000,0.00001,0.01282
21.42000,1.02194,0.98564,0.00000,0.00001,0.01435
21.56000,1.02194,0.98744,0.00000,0.00001,0.01255
21.70000,1.02194,0.99324,0.00000,0.00000,0.00675
21.84000,1.02194,0.99653,0.00000,0.00000,0.00346
21.98000,1.02194,0.99656,0.00000,0.00000,0.00344
22.12000,1.02194,0.99654,0.00000,0.00000,0.00346
22.26000,1.02194,0.99689,0.00000,0.00000,0.00311
22.40000,1.02194,0.99651,0.00000,0.00000,0.00349
22.54000,1.02194,0.99160,0.00000,0.00001,0.00839
22.68000,1.02194,0.99450,0.00000,0.00001,0.00549
22.82000,1.02194,0.99507,0.00000,0.00000,0.00493
22.96000,1.02194,0.99690,0.00000,0.00000,0.00310
23.10000,1.02194,0.99870,0.00000,0.00000,0.00130
23.24000,1.02194,0.99874,0.00000,0.00000,0.00126
23.38000,1.02194,0.99929,0.00000,0.00000,0.00071
23.52000,1.02194,0.99941,0.00000,0.00000,0.00059
23.66000,1.02194,0.99864,0.00000,0.00000,0.00136
23.80000,1.02194,0.99850,0.00000,0.00000,0.00150
23.94000,1.02194,0.99740,0.00000,0.00000,0.00260
24.08000,1.02194,0.99574,0.00000,0.00000,0.00426
24.22000,1.02194,0.99046,0.00000,0.00000,0.00954
24.36000,1.02194,0.99290,0.00000,0.00001,0.00709
24.50000,1.02194,0.99314,0.00000,0.00001,0.00685
24.64000,1.02194,0.99487,0.00000,0.00001,0.00512
24.78000,1.02194,0.99230,0.00000,0.00001,0.00769
24.92000,1.02194,0.98800,0.00000,0.00002,0.01199
25.06000,1.02194,0.98007,0.00000,0.00002,0.01990
25.20000,1.02194,0.98563,0.00000,0.00002,0.01436
25.34000,1.02194,0.98639,0.00000,0.00001,0.01360
25.48000,1.02194,0.98367,0.00000,0.00001,0.01632
25.62000,1.02194,0.98465,0.00000,0.00001,0.01534
25.76000,1.02194,0.97966,0.00000,0.00001,0.02032
25.90000,1.02194,0.98220,0.00000,0.00002,0.01778
26.04000,1.02194,0.97952,0.00000,0.00003,0.02046
26.18000,1.02194,0.97549,0.00000,0.00003,0.02447
26.32000,1.02194,0.96209,0.00000,0.00004,0.03787
26.46000,1.02194,0.97955,0.00000,0.00002,0.02043
26.60000,1.02194,0.98768,0.00000,0.00001,0.01231
26.74000,1.02194,0.99090,0.00000,0.00001,0.00909
26.88000,1.02194,0.99224,0.00000,0.00001,0.00775
27.02000,1.02194,0.99438,0.00000,0.00000,0.00561
27.16000,1.02194,0.99724,0.00000,0.00000,0.00276
27.30000,1.02194,0.99730,0.00000,0.00000,0.00270
27.44000,1.02194,0.99731,0.00000,0.00000,0.00268
27.58000,1.02194,0.99805,0.00000,0.00000,0.00195
27.72000,1.02194,0.99800,0.00000,0.00000,0.00200
27.86000,1.02194,0.99889,0.00000,0.00000,0.00111
28.00000,1.02194,0.99890,0.00000,0.00000,0.00109
28.14000,1.02194,0.99788,0.00000,0.00000,0.00212
28.28000,1.02194,0.99850,0.00000,0.00000,0.00150
28.42000,1.02194,0.99797,0.00000,0.00000,0.00202
28.56000,1.02194,0.99799,0.00000,0.00000,0.00201
28.70000,1.02194,0.99765,0.00000,0.00000,0.00235
28.84000,1.02194,0.99353,0.00000,0.00000,0.00646
28.98000,1.02194,0.99537,0.00000,0.00000,0.00463
29.12000,1.02194,0.99664,0.00000,0.00000,0.00335
29.26000,1.02194,0.99448,0.00000,0.00000,0.00552
29.40000,1.02194,0.99600,0.00000,0.00000,0.00400
29.54000,1.02194,0.98665,0.00000,0.00000,0.01335
29.68000,1.02194,0.96074,0.00000,0.00000,0.03926
29.82000,1.02194,0.85728,0.00000,0.00001,0.14271
29.96000,1.02194,0.94242,0.00000,0.00000,0.05758
30.10000,1.02194,0.97098,0.00000,0.00000,0.02902
30.24000,1.02194,0.98832,0.00000,0.00000,0.01168
30.38000,1.02194,0.98667,0.00000,0.00000,0.01333
30.52000,1.02194,0.99619,0.00000,0.00000,0.00381
30.66000,1.02194,0.99859,0.00000,0.00000,0.00141
30.80000,1.02194,0.99956,0.00000,0.00000,0.00044
30.94000,1.02194,0.99841,0.00000,0.00000,0.00159
31.08000,1.02194,0.99875,0.00000,0.00000,0.00125
31.22000,1.02194,0.99862,0.00000,0.00000,0.00138
31.36000,1.02194,0.99931,0.00000,0.00000,0.00069
31.50000,1.02194,0.99917,0.00000,0.00000,0.00083
31.64000,1.02194,0.99903,0.00000,0.00000,0.00097
31.78000,1.02194,0.99933,0.00000,0.00000,0.00067
31.92000,1.02194,0.99935,0.00000,0.00000,0.00065
32.06000,1.02193,0.99959,0.00000,0.00000,0.00041
32.20000,1.02194,0.99954,0.00000,0.00000,0.00046
32.34000,1.02194,0.99948,0.00000,0.00000,0.00052
32.48000,1.02194,0.99965,0.00000,0.00000,0.00035
32.62000,1.02194,0.99972,0.00000,0.00000,0.00028
32.76000,1.02194,0.99985,0.00000,0.00000,0.00015
32.90000,1.02193,0.99989,0.00000,0.00000,0.00011
33.04000,1.02194,0.99985,0.00000,0.00000,0.00015
33.18000,1.02194,0.99982,0.00000,0.00000,0.00018
33.32000,1.02194,0.99979,0.00000,0.00000,0.00021
33.46000,1.02194,0.99961,0.00000,0.00000,0.00039
33.60000,1.02194,0.99943,0.00000,0.00000,0.00057
33.74000,1.02193,0.99908,0.00000,0.00000,0.00092
33.88000,1.02194,0.99856,0.00000,0.00000,0.00144
34.02000,1.02194,0.99882,0.00000,0.00000,0.00118
34.16000,1.02194,0.99848,0.00000,0.00000,0.00152
34.30000,1.02194,0.99851,0.00000,0.00000,0.00149
34.44000,1.02194,0.99827,0.00000,0.00000,0.00173
34.58000,1.02193,0.99787,0.00000,0.00000,0.00212
34.72000,1.02193,0.99826,0.00000,0.00000,0.00174
34.86000,1.02194,0.99858,0.00000,0.00000,0.00142
35.00000,1.02194,0.99906,0.00000,0.00000,0.00094
35.14000,1.02194,0.99955,0.00000,0.00000,0.00045
35.28000,1.02194,0.99979,0.00000,0.00000,0.00021
35.42000,1.02194,0.99985,0.00000,0.00000,0.00015
35.56000,1.02193,0.99985,0.00000,0.00000,0.00015
35.70000,1.02194,0.99982,0.00000,0.00000,0.00018
35.84000,1.02194,0.99985,0.00000,0.00000,0.00015
35.98000,1.02194,0.99965,0.00000,0.00000,0.00035
36.12000,1.02194,0.99860,0.00000,0.00000,0.00140
36.26000,1.02194,0.99678,0.00000,0.00000,0.00322
36.40000,1.02193,0.99644,0.00000,0.00000,0.00355
36.54000,1.02194,0.99707,0.00000,0.00000,0.00292
36.68000,1.02194,0.99716,0.00000,0.00000,0.00284
36.82000,1.02194,0.99559,0.00000,0.00000,0.00441
36.96000,1.02194,0.99596,0.00000,0.00000,0.00403
37.10000,1.02194,0.99841,0.00000,0.00000,0.00159
37.24000,1.02193,0.99815,0.00000,0.00000,0.00185
37.38000,1.02194,0.99792,0.00000,0.00000,0.00208
37.52000,1.02194,0.99840,0.00000,0.00000,0.00160
37.66000,1.02194,0.99801,0.00000,0.00000,0.00199
37.80000,1.02194,0.99759,0.00000,0.00000,0.00241
37.94000,1.02194,0.98604,0.00000,0.00001,0.01396
38.08000,1.02193,0.96388,0.00000,0.00001,0.03612
38.22000,1.02193,0.89231,0.00000,0.00001,0.10767
38.36000,1.02194,0.81413,0.00000,0.00001,0.18586
38.50000,1.02194,0.85452,0.00000,0.00000,0.14547
38.64000,1.02194,0.82932,0.00000,0.00001,0.17067
38.78000,1.02194,0.93471,0.00000,0.00000,0.06529
38.92000,1.02194,0.98247,0.00000,0.00000,0.01753
39.06000,1.02193,0.98995,0.00000,0.00000,0.01005
39.20000,1.02194,0.99901,0.00000,0.00000,0.00099
39.34000,1.02194,0.99893,0.00000,0.00000,0.00107
39.48000,1.02194,0.99937,0.00000,0.00000,0.00063
39.62000,1.02194,0.99883,0.00000,0.00000,0.00117
39.76000,1.02194,0.99865,0.00000,0.00000,0.00135
39.90000,1.02193,0.99825,0.00000,0.00000,0.00175
40.04000,1.02194,0.99831,0.00000,0.00000,0.00169
40.18000,1.02194,0.99745,0.00000,0.00000,0.00255
40.32000,1.02194,0.99742,0.00000,0.00000,0.00258
40.46000,1.02194,0.99722,0.00000,0.00000,0.00278
40.60000,1.02194,0.99873,0.00000,0.00000,0.00127
40.74000,1.02193,0.99943,0.00000,0.00000,0.00057
40.88000,1.02194,0.99871,0.00000,0.00000,0.00129
41.02000,1.02194,0.99768,0.00000,0.00000,0.00231
41.16000,1.02194,0.99540,0.00000,0.00001,0.00459
41.30000,1.02194,0.99853,0.00000,0.00000,0.00147
41.44000,1.02194,0.99484,0.00000,0.00000,0.00516
41.58000,1.02193,0.98490,0.00000,0.00000,0.01510
41.72000,1.02193,0.89419,0.00000,0.00001,0.10580
41.86000,1.02194,0.76015,0.00000,0.00002,0.23982
42.00000,1.02194,0.78962,0.00000,0.00001,0.21037
42.14000,1.02194,0.92888,0.00000,0.00000,0.07112
42.28000,1.02194,0.94723,0.00000,0.00000,0.05277
42.42000,1.02194,0.97547,0.00000,0.00000,0.02453
42.56000,1.02193,0.98365,0.00000,0.00000,0.01635
42.70000,1.02194,0.99699,0.00000,0.00000,0.00301
42.84000,1.02194,0.99966,0.00000,0.00000,0.00034
42.98000,1.02194,0.99995,0.00000,0.00000,0.00005
43.12000,1.02194,0.99990,0.00000,0.00000,0.00010
43.26000,1.02194,0.99988,0.00000,0.00000,0.00012
43.40000,1.02193,0.99998,0.00000,0.00000,0.00002
43.54000,1.02194,0.99998,0.00000,0.00000,0.00002
43.68000,1.02194,0.99998,0.00000,0.00000,0.00002
43.82000,1.02194,0.99999,0.00000,0.00000,0.00001
43.96000,1.02194,1.00000,0.00000,0.00000,0.00000
44.10000,1.02194,0.99999,0.00000,0.00000,0.00001
44.24000,1.02193,1.00000,0.00000,0.00000,0.00000
44.38000,1.02194,1.00000,0.00000,0.00000,0.00000
44.52000,1.02194,1.00000,0.00000,0.00000,0.00000
44.66000,1.02194,1.00000,0.00000,0.00000,0.00000
44.80000,1.02194,1.00000,0.00000,0.00000,0.00000
44.94000,1.02194,0.99955,0.00000,0.00000,0.00044
45.08000,1.02193,0.99988,0.00000,0.00000,0.00012
45.22000,1.02193,0.99542,0.00000,0.00000,0.00458
45.36000,1.02194,0.99635,0.00000,0.00000,0.00365
45.50000,1.02194,0.98481,0.00000,0.00000,0.01519
45.64000,1.02194,0.95200,0.00000,0.00000,0.04800
45.78000,1.02194,0.99310,0.00000,0.00000,0.00690
45.92000,1.02194,0.99240,0.00000,0.00000,0.00760
46.06000,1.02193,0.96678,0.00000,0.00000,0.03322
46.20000,1.02194,0.97221,0.00000,0.00000,0.02779
46.34000,1.02194,0.92718,0.00000,0.00001,0.07282
46.48000,1.02194,0.80951,0.00000,0.00003,0.19046
46.62000,1.02194,0.88631,0.00000,0.00002,0.11367
46.76000,1.02194,0.36839,0.00000,0.00044,0.63117
46.90000,1.02193,0.80417,0.00000,0.00020,0.19563
47.04000,1.02194,0.95415,0.00000,0.00003,0.04582
47.18000,1.02194,0.96507,0.00000,0.00002,0.03491
47.32000,1.02194,0.98086,0.00000,0.00002,0.01913
47.46000,1.02194,0.99652,0.00000,0.00001,0.00347
47.60000,1.02194,0.99913,0.00000,0.00000,0.00087
47.74000,1.02193,0.99888,0.00000,0.00000,0.00112
47.88000,1.02194,0.99803,0.00000,0.00000,0.00197
48.02000,1.02194,0.99780,0.00000,0.00000,0.00220
48.16000,1.02194,0.99354,0.00000,0.00000,0.00646
48.30000,1.02194,0.99423,0.00000,0.00000,0.00577
48.44000,1.02194,0.99475,0.00000,0.00000,0.00525
48.58000,1.02193,0.98941,0.00000,0.00000,0.01059
48.72000,1.02193,0.99728,0.00000,0.00000,0.00272
48.86000,1.02194,0.99697,0.00000,0.00000,0.00303
49.00000,1.02194,0.99826,0.00000,0.00000,0.00174
49.14000,1.02194,0.99950,0.00000,0.00000,0.00050
49.28000,1.02194,0.99962,0.00000,0.00000,0.00038
49.42000,1.02194,0.99935,0.00000,0.00000,0.00065
49.56000,1.02193,0.99905,0.00000,0.00000,0.00095
49.70000,1.02194,0.99934,0.00000,0.00000,0.00066
49.84000,1.02194,0.99911,0.00000,0.00000,0.00088
49.98000,1.02194,0.99940,0.00000,0.00000,0.00060
50.12000,1.02194,0.99932,0.00000,0.00000,0.00068
50.26000,1.02194,0.99954,0.00000,0.00000,0.00046
50.40000,1.02193,0.99960,0.00000,0.00000,0.00040
50.54000,1.02194,0.99965,0.00000,0.00000,0.00035
50.68000,1.02194,0.99971,0.00000,0.00000,0.00029
50.82000,1.02194,0.99974,0.00000,0.00000,0.00026
50.96000,1.02194,0.99965,0.00000,0.00000,0.00035
51.10000,1.02194,0.99959,0.00000,0.00000,0.00041
51.24000,1.02193,0.99935,0.00000,0.00000,0.00065
51.38000,1.02194,0.99654,0.00000,0.00000,0.00346
51.52000,1.02194,0.99769,0.00000,0.00000,0.00231
51.66000,1.02194,0.99539,0.00000,0.00003,0.00458
51.80000,1.02194,0.99512,0.00000,0.00057,0.00431
51.94000,1.02194,0.95179,0.00014,0.04341,0.00466
52.08000,1.02193,0.81465,0.00102,0.18215,0.00218
52.22000,1.02193,0.01957,0.00101,0.97938,0.00004
52.36000,1.02194,0.00496,0.00015,0.99488,0.00001
52.50000,1.02194,0.00300,0.00013,0.99687,0.00000
52.64000,1.02194,0.00284,0.00011,0.99705,0.00000
52.78000,1.02194,0.00310,0.00009,0.99681,0.00000
52.92000,1.02194,0.00323,0.00008,0.99669,0.00000
53.06000,1.02193,0.00332,0.00008,0.99661,0.00000
53.20000,1.02194,0.00362,0.00008,0.99630,0.00000
53.34000,1.02194,0.00359,0.00007,0.99634,0.00000
53.48000,1.02194,0.00344,0.00007,0.99649,0.00000
53.62000,1.02194,0.00351,0.00007,0.99641,0.00000
53.76000,1.02194,0.00322,0.00008,0.99670,0.00000
53.90000,1.02193,0.00324,0.00007,0.99669,0.00000
54.04000,1.02194,0.00327,0.00007,0.99666,0.00000
54.18000,1.02194,0.00325,0.00007,0.99668,0.00000
54.32000,1.02194,0.00340,0.00007,0.99653,0.00000
54.46000,1.02194,0.00322,0.00007,0.99671,0.00000
54.60000,1.02194,0.00315,0.00006,0.99678,0.00000
54.74000,1.02193,0.00335,0.00006,0.99659,0.00000
54.88000,1.02194,0.00323,0.00006,0.99671,0.00000
55.02000,1.02194,0.00334,0.00006,0.99660,0.00000
55.16000,1.02194,0.00294,0.00006,0.99699,0.00000
55.30000,1.02194,0.00309,0.00006,0.99685,0.00000
55.44000,1.02194,0.00334,0.00006,0.99660,0.00000
55.58000,1.02193,0.00344,0.00005,0.99651,0.00000
55.72000,1.02193,0.00354,0.00006,0.99640,0.00000
55.86000,1.02194,0.00368,0.00006,0.99626,0.00000
56.00000,1.02194,0.00354,0.00006,0.99640,0.00000
56.14000,1.02194,0.00411,0.00005,0.99584,0.00000
56.28000,1.02194,0.00428,0.00006,0.99566,0.00000
56.42000,1.02194,0.00381,0.00006,0.99613,0.00000
56.56000,1.02193,0.00395,0.00006,0.99599,0.00000
56.70000,1.02194,0.00386,0.00006,0.99608,0.00000
56.84000,1.02194,0.00376,0.00006,0.99617,0.00000
56.98000,1.02194,0.00389,0.00006,0.99605,0.00000
57.12000,1.02194,0.00347,0.00006,0.99646,0.00000
57.26000,1.02194,0.00330,0.00006,0.99664,0.00000
57.40000,1.02193,0.00326,0.00007,0.99668,0.00000
57.54000,1.02194,0.00349,0.00006,0.99644,0.00000
57.68000,1.02194,0.00328,0.00006,0.99665,0.00000
57.82000,1.02194,0.00306,0.00007,0.99688,0.00000
57.96000,1.02194,0.00329,0.00006,0.99665,0.00000
58.10000,1.02194,0.00340,0.00007,0.99654,0.00000
58.24000,1.02193,0.00331,0.00006,0.99662,0.00000
58.38000,1.02194,0.00328,0.00006,0.99666,0.00000
58.52000,1.02194,0.00310,0.00006,0.99684,0.00000
58.66000,1.02194,0.00354,0.00006,0.99640,0.00000
58.80000,1.02194,0.00337,0.00006,0.99657,0.00000
58.94000,1.02194,0.00328,0.00006,0.99666,0.00000
59.08000,1.02193,0.00314,0.00006,0.99680,0.00000
59.22000,1.02193,0.00321,0.00006,0.99673,0.00000
59.36000,1.02194,0.00342,0.00006,0.99652,0.00000
59.50000,1.02194,0.00329,0.00006,0.99665,0.00000
59.64000,1.02194,0.00368,0.00006,0.99626,0.00000
59.78000,1.02194,0.00345,0.00006,0.99649,0.00000
59.92000,1.02194,0.00356,0.00006,0.99638,0.00000
60.06000,1.02193,0.00367,0.00006,0.99626,0.00000
60.20000,1.02194,0.00326,0.00007,0.99667,0.00000
60.34000,1.02194,0.00356,0.00006,0.99637,0.00000
60.48000,1.02194,0.00337,0.00006,0.99656,0.00000
60.62000,1.02194,0.00307,0.00007,0.99686,0.00000
60.76000,1.02194,0.00336,0.00006,0.99657,0.00000
60.90000,1.02193,0.00327,0.00006,0.99667,0.00000
61.04000,1.02194,0.00321,0.00006,0.99672,0.00000
61.18000,1.02194,0.00328,0.00006,0.99666,0.00000
61.32000,1.02194,0.00320,0.00006,0.99674,0.00000
61.46000,1.02194,0.00320,0.00006,0.99674,0.00000
61.60000,1.02194,0.00317,0.00006,0.99677,0.00000
61.74000,1.02193,0.00299,0.00006,0.99695,0.00000
61.88000,1.02194,0.00330,0.00006,0.99665,0.00000
62.02000,1.02194,0.00326,0.00006,0.99668,0.00000
62.16000,1.02194,0.00328,0.00006,0.99666,0.00000
62.30000,1.02194,0.00331,0.00006,0.99663,0.00000
62.44000,1.02194,0.00350,0.00006,0.99644,0.00000
62.58000,1.02193,0.00354,0.00006,0.99640,0.00000
62.72000,1.02193,0.00814,0.00006,0.99180,0.00000
62.86000,1.02194,0.03448,0.00085,0.96466,0.00001
63.00000,1.02193,0.02364,0.00051,0.97584,0.00001
63.14000,1.02193,0.02874,0.00092,0.97033,0.00001
63.28000,1.02194,0.02052,0.00053,0.97894,0.00001
63.42000,1.02194,0.02448,0.00077,0.97473,0.00001
63.56000,1.02194,0.02009,0.00061,0.97928,0.00001
63.70000,1.02194,0.00610,0.00042,0.99348,0.00000
63.84000,1.02194,0.00207,0.00007,0.99786,0.00000
63.98000,1.02194,0.00209,0.00007,0.99784,0.00000
64.12000,1.02193,0.00213,0.00008,0.99780,0.00000
64.26000,1.02193,0.00185,0.00008,0.99807,0.00000
64.40000,1.02193,0.00202,0.00008,0.99791,0.00000
64.54000,1.02193,0.00187,0.00008,0.99804,0.00000
64.68000,1.02193,0.00195,0.00008,0.99797,0.00000
64.82000,1.02193,0.00233,0.00007,0.99760,0.00000
64.96000,1.02194,0.00264,0.00007,0.99728,0.00000
65.10000,1.02194,0.00823,0.00006,0.99171,0.00000
65.24000,1.02194,0.04622,0.00004,0.95369,0.00005
65.38000,1.02194,0.70785,0.00001,0.29184,0.00031
65.52000,1.02194,0.89648,0.00000,0.10290,0.00062
65.66000,1.02193,0.98527,0.00000,0.01346,0.00127
65.80000,1.02193,0.99576,0.00000,0.00204,0.00220
65.94000,1.02193,0.99592,0.00000,0.00014,0.00394
66.08000,1.02193,0.99731,0.00000,0.00002,0.00267
66.22000,1.02193,0.99801,0.00000,0.00004,0.00196
66.36000,1.02193,0.99310,0.00000,0.00005,0.00685
66.50000,1.02193,0.99658,0.00000,0.00001,0.00341
66.64000,1.02193,0.99897,0.00000,0.00000,0.00103
66.78000,1.02194,0.99922,0.00000,0.00000,0.00077
66.92000,1.02194,0.99925,0.00000,0.00000,0.00075
67.06000,1.02194,0.99949,0.00000,0.00000,0.00051
67.20000,1.02194,0.99970,0.00000,0.00000,0.00030
67.34000,1.02194,0.99969,0.00000,0.00000,0.00031
67.48000,1.02193,0.99955,0.00000,0.00000,0.00045
67.62000,1.02193,0.99928,0.00000,0.00000,0.00072
67.76000,1.02193,0.99943,0.00000,0.00000,0.00057
67.90000,1.02193,0.99961,0.00000,0.00000,0.00039
68.04000,1.02193,0.99963,0.00000,0.00000,0.00037
68.18000,1.02193,0.99957,0.00000,0.00000,0.00043
68.32000,1.02193,0.99940,0.00000,0.00000,0.00060
68.46000,1.02194,0.99929,0.00000,0.00000,0.00071
68.60000,1.02194,0.99949,0.00000,0.00000,0.00051
68.74000,1.02194,0.99940,0.00000,0.00000,0.00060
68.88000,1.02194,0.99941,0.00000,0.00000,0.00059
69.02000,1.02194,0.99945,0.00000,0.00000,0.00055
69.16000,1.02193,0.99924,0.00000,0.00000,0.00076
69.30000,1.02193,0.99934,0.00000,0.00000,0.00066
69.44000,1.02193,0.99945,0.00000,0.00000,0.00055
69.58000,1.02193,0.99951,0.00000,0.00000,0.00049
69.72000,1.02193,0.99932,0.00000,0.00000,0.00067
69.86000,1.02193,0.99884,0.00000,0.00000,0.00116
70.00000,1.02193,0.99853,0.00000,0.00000,0.00147
70.14000,1.02193,0.99863,0.00000,0.00000,0.00137
70.28000,1.02194,0.99919,0.00000,0.00000,0.00081
70.42000,1.02194,0.99857,0.00000,0.00000,0.00143
70.56000,1.02194,0.99827,0.00000,0.00000,0.00173
70.70000,1.02194,0.99545,0.00000,0.00000,0.00455
70.84000,1.02194,0.99607,0.00000,0.00000,0.00393
70.98000,1.02193,0.99823,0.00000,0.00000,0.00177
71.12000,1.02193,0.99909,0.00000,0.00000,0.00091
71.26000,1.02193,0.99812,0.00000,0.00000,0.00188
71.40000,1.02193,0.99827,0.00000,0.00000,0.00173
71.54000,1.02193,0.99860,0.00000,0.00000,0.00140
71.68000,1.02193,0.99914,0.00000,0.00000,0.00086
71.82000,1.02193,0.99955,0.00000,0.00000,0.00045
71.96000,1.02194,0.99909,0.00000,0.00000,0.00091
72.10000,1.02194,0.99863,0.00000,0.00000,0.00137
72.24000,1.02194,0.99924,0.00000,0.00000,0.00076
72.38000,1.02194,0.99926,0.00000,0.00000,0.00074
72.52000,1.02194,0.99901,0.00000,0.00000,0.00099
72.66000,1.02193,0.99894,0.00000,0.00000,0.00105
72.80000,1.02193,0.99853,0.00000,0.00000,0.00147
72.94000,1.02193,0.99816,0.00000,0.00000,0.00184
73.08000,1.02193,0.99806,0.00000,0.00000,0.00194
73.22000,1.02193,0.99842,0.00000,0.00000,0.00158
73.36000,1.02193,0.99826,0.00000,0.00000,0.00173
73.50000,1.02193,0.99784,0.00000,0.00000,0.00215
73.64000,1.02193,0.99770,0.00000,0.00000,0.00230
73.78000,1.02194,0.99751,0.00000,0.00000,0.00249
73.92000,1.02194,0.99751,0.00000,0.00000,0.00249
74.06000,1.02194,0.99749,0.00000,0.00000,0.00251
74.20000,1.02194,0.99588,0.00000,0.00001,0.00412
74.34000,1.02194,0.99597,0.00000,0.00001,0.00402
74.48000,1.02193,0.99385,0.00000,0.00001,0.00614
74.62000,1.02193,0.99473,0.00000,0.00001,0.00526
74.76000,1.02193,0.99443,0.00000,0.00001,0.00557
74.90000,1.02193,0.99545,0.00000,0.00000,0.00454
75.04000,1.02193,0.99370,0.00000,0.00001,0.00629
75.18000,1.02193,0.99602,0.00000,0.00000,0.00397
75.32000,1.02193,0.99688,0.00000,0.00000,0.00312
75.46000,1.02194,0.99741,0.00000,0.00000,0.00259
75.60000,1.02194,0.99725,0.00000,0.00000,0.00274
75.74000,1.02194,0.99779,0.00000,0.00000,0.00221
75.88000,1.02194,0.99754,0.00000,0.00000,0.00246
76.02000,1.02194,0.99809,0.00000,0.00000,0.00191
76.16000,1.02193,0.99838,0.00000,0.00000,0.00162
76.30000,1.02193,0.99775,0.00000,0.00000,0.00225
76.44000,1.02193,0.99848,0.00000,0.00000,0.00152
76.58000,1.02193,0.99770,0.00000,0.00000,0.00230
76.72000,1.02193,0.99785,0.00000,0.00000,0.00215
76.86000,1.02193,0.99737,0.00000,0.00000,0.00263
77.00000,1.02193,0.99585,0.00000,0.00000,0.00414
77.14000,1.02193,0.99797,0.00000,0.00000,0.00203
77.28000,1.02194,0.99841,0.00000,0.00000,0.00159
77.42000,1.02194,0.99973,0.00000,0.00000,0.00027
77.56000,1.02194,0.99973,0.00000,0.00000,0.00027
77.70000,1.02194,0.99982,0.00000,0.00000,0.00018
77.84000,1.02194,0.99990,0.00000,0.00000,0.00010
77.98000,1.02193,0.99995,0.00000,0.00000,0.00005
78.12000,1.02193,0.99992,0.00000,0.00000,0.00008
78.26000,1.02193,0.99992,0.00000,0.00000,0.00008
78.40000,1.02193,0.99981,0.00000,0.00000,0.00019
78.54000,1.02193,0.99977,0.00000,0.00000,0.00022
78.68000,1.02193,0.99960,0.00000,0.00000,0.00040
78.82000,1.02193,0.99917,0.00000,0.00000,0.00083
78.96000,1.02194,0.99827,0.00000,0.00000,0.00173
79.10000,1.02194,0.99810,0.00000,0.00000,0.00190
79.24000,1.02194,0.99840,0.00000,0.00000,0.00160
79.38000,1.02194,0.99825,0.00000,0.00000,0.00175
79.52000,1.02194,0.99857,0.00000,0.00000,0.00143
79.66000,1.02193,0.99888,0.00000,0.00000,0.00112
79.80000,1.02193,0.99899,0.00000,0.00000,0.00101
79.94000,1.02193,0.99914,0.00000,0.00000,0.00086
80.08000,1.02193,0.99883,0.00000,0.00000,0.00117
80.22000,1.02193,0.99809,0.00000,0.00000,0.00191
80.36000,1.02193,0.99525,0.00000,0.00000,0.00475
80.50000,1.02193,0.99559,0.00000,0.00001,0.00441
80.64000,1.02193,0.99515,0.00000,0.00032,0.00454
80.78000,1.02194,0.99678,0.00001,0.00142,0.00179
80.92000,1.02194,0.96424,0.00016,0.03335,0.00225
81.06000,1.02194,0.71031,0.00123,0.28750,0.00096
81.20000,1.02194,0.01542,0.00013,0.98444,0.00001
81.34000,1.02194,0.00502,0.00008,0.99490,0.00000
81.48000,1.02193,0.00273,0.00010,0.99717,0.00000
81.62000,1.02193,0.00262,0.00009,0.99729,0.00000
81.76000,1.02193,0.00240,0.00009,0.99752,0.00000
81.90000,1.02193,0.00229,0.00008,0.99762,0.00000
82.04000,1.02193,0.00227,0.00010,0.99764,0.00000
82.18000,1.02193,0.00278,0.00009,0.99713,0.00000
82.32000,1.02193,0.01004,0.00009,0.98986,0.00000
82.46000,1.02194,0.09095,0.00053,0.90841,0.00011
82.60000,1.02194,0.21767,0.00157,0.78026,0.00050
82.74000,1.02194,0.15418,0.00115,0.84435,0.00032
82.88000,1.02194,0.14028,0.00097,0.85846,0.00029
83.02000,1.02194,0.12381,0.00130,0.87467,0.00023
83.16000,1.02193,0.16524,0.00171,0.83276,0.00030
83.30000,1.02193,0.03898,0.00324,0.95775,0.00003
83.44000,1.02193,0.00194,0.00009,0.99797,0.00000
83.58000,1.02193,0.00181,0.00010,0.99809,0.00000
83.72000,1.02193,0.00190,0.00009,0.99801,0.00000
83.86000,1.02193,0.00230,0.00009,0.99761,0.00000
84.00000,1.02193,0.00229,0.00008,0.99763,0.00000
84.14000,1.02193,0.00228,0.00007,0.99765,0.00000
84.28000,1.02194,0.00237,0.00007,0.99755,0.00000
84.42000,1.02194,0.00248,0.00007,0.99745,0.00000
84.56000,1.02194,0.00253,0.00007,0.99740,0.00000
84.70000,1.02194,0.00236,0.00007,0.99757,0.00000
84.84000,1.02194,0.00251,0.00007,0.99742,0.00000
84.98000,1.02193,0.00252,0.00007,0.99741,0.00000
85.12000,1.02193,0.00239,0.00007,0.99755,0.00000
85.26000,1.02193,0.00214,0.00008,0.99778,0.00000
85.40000,1.02193,0.00218,0.00007,0.99775,0.00000
85.54000,1.02193,0.00215,0.00008,0.99777,0.00000
85.68000,1.02193,0.00224,0.00008,0.99768,0.00000
85.82000,1.02193,0.00208,0.00008,0.99783,0.00000
85.96000,1.02194,0.00197,0.00008,0.99795,0.00000
86.10000,1.02194,0.00220,0.00008,0.99771,0.00000
86.24000,1.02194,0.00220,0.00007,0.99772,0.00000
86.38000,1.02194,0.00240,0.00007,0.99753,0.00000
86.52000,1.02194,0.00246,0.00007,0.99747,0.00000
86.66000,1.02193,0.00225,0.00007,0.99768,0.00000
86.80000,1.02193,0.00247,0.00007,0.99745,0.00000
86.94000,1.02193,0.00234,0.00007,0.99759,0.00000
87.08000,1.02193,0.00212,0.00007,0.99780,0.00000
87.22000,1.02193,0.00212,0.00008,0.99780,0.00000
87.36000,1.02193,0.00189,0.00009,0.99802,0.00000
87.50000,1.02193,0.00180,0.00009,0.99810,0.00000
87.64000,1.02193,0.00173,0.00011,0.99817,0.00000
87.78000,1.02194,0.00157,0.00011,0.99832,0.00000
87.92000,1.02194,0.00154,0.00011,0.99835,0.00000
88.06000,1.02194,0.00174,0.00011,0.99815,0.00000
88.20000,1.02194,0.00171,0.00011,0.99818,0.00000
88.34000,1.02194,0.00174,0.00010,0.99816,0.00000
88.48000,1.02193,0.00184,0.00011,0.99806,0.00000
88.62000,1.02193,0.00191,0.00009,0.99800,0.00000
88.76000,1.02193,0.00212,0.00009,0.99779,0.00000
88.90000,1.02193,0.00192,0.00009,0.99799,0.00000
89.04000,1.02193,0.00194,0.00009,0.99797,0.00000
89.18000,1.02193,0.00210,0.00010,0.99780,0.00000
89.32000,1.02193,0.00203,0.00008,0.99789,0.00000
89.46000,1.02194,0.00204,0.00009,0.99787,0.00000
89.60000,1.02194,0.00196,0.00009,0.99795,0.00000
89.74000,1.02194,0.00209,0.00010,0.99781,0.00000
89.88000,1.02194,0.00193,0.00009,0.99798,0.00000
90.02000,1.02194,0.00187,0.00009,0.99804,0.00000
90.16000,1.02193,0.00177,0.00009,0.99813,0.00000
90.30000,1.02193,0.00173,0.00009,0.99818,0.00000
90.44000,1.02193,0.00185,0.00009,0.99806,0.00000
90.58000,1.02193,0.00185,0.00009,0.99806,0.00000
90.72000,1.02193,0.00176,0.00009,0.99815,0.00000
90.86000,1.02193,0.00191,0.00009,0.99800,0.00000
91.00000,1.02193,0.00176,0.00010,0.99815,0.00000
91.14000,1.02193,0.00156,0.00009,0.99835,0.00000
91.28000,1.02194,0.00142,0.00012,0.99845,0.00000
91.42000,1.02194,0.00155,0.00013,0.99833,0.00000
91.56000,1.02194,0.00158,0.00010,0.99832,0.00000
91.70000,1.02194,0.00188,0.00010,0.99802,0.00000
91.84000,1.02194,0.00182,0.00010,0.99809,0.00000
91.98000,1.02193,0.00189,0.00010,0.99800,0.00000
92.12000,1.02193,0.00219,0.00008,0.99772,0.00000
92.26000,1.02193,0.00216,0.00008,0.99776,0.00000
92.40000,1.02193,0.00193,0.00009,0.99798,0.00000
92.54000,1.02193,0.00197,0.00010,0.99793,0.00000
92.68000,1.02193,0.00165,0.00011,0.99824,0.00000
92.82000,1.02193,0.00146,0.00012,0.99842,0.00000
92.96000,1.02194,0.00148,0.00013,0.99840,0.00000
93.10000,1.02194,0.00132,0.00013,0.99855,0.00000
93.24000,1.02194,0.00114,0.00017,0.99870,0.00000
93.38000,1.02194,0.00117,0.00017,0.99866,0.00000
93.52000,1.02194,0.00100,0.00020,0.99879,0.00000
93.66000,1.02193,0.00111,0.00020,0.99869,0.00000
93.80000,1.02193,0.00115,0.00018,0.99867,0.00000
93.94000,1.02193,0.00110,0.00018,0.99872,0.00000
94.08000,1.02193,0.00133,0.00016,0.99851,0.00000
94.22000,1.02193,0.00163,0.00013,0.99825,0.00000
94.36000,1.02193,0.00186,0.00011,0.99803,0.00000
94.50000,1.02193,0.00214,0.00009,0.99777,0.00000
94.64000,1.02193,0.00238,0.00008,0.99754,0.00000
94.78000,1.02194,0.00272,0.00008,0.99720,0.00000
94.92000,1.02194,0.00279,0.00007,0.99714,0.00000
95.06000,1.02194,0.00297,0.00007,0.99695,0.00000
95.20000,1.02194,0.00306,0.00007,0.99686,0.00000
95.34000,1.02194,0.00401,0.00006,0.99593,0.00000
95.48000,1.02193,0.02296,0.00005,0.97698,0.00001
95.62000,1.02193,0.41992,0.00004,0.57998,0.00005
95.76000,1.02193,0.76158,0.00001,0.23810,0.00031
95.90000,1.02193,0.96649,0.00000,0.03311,0.00040
96.04000,1.02193,0.99327,0.00000,0.00575,0.00098
96.18000,1.02193,0.99582,0.00000,0.00128,0.00290
96.32000,1.02193,0.99520,0.00000,0.00010,0.00470
96.46000,1.02194,0.99173,0.00000,0.00006,0.00821
96.60000,1.02194,0.97946,0.00000,0.00021,0.02033
96.74000,1.02194,0.98950,0.00000,0.00003,0.01047
96.88000,1.02194,0.99560,0.00000,0.00001,0.00440
97.02000,1.02194,0.99791,0.00000,0.00000,0.00209
97.16000,1.02193,0.99913,0.00000,0.00000,0.00087
97.30000,1.02193,0.99920,0.00000,0.00000,0.00080
97.44000,1.02193,0.99909,0.00000,0.00000,0.00091
97.58000,1.02193,0.99851,0.00000,0.00000,0.00149
97.72000,1.02193,0.99597,0.00000,0.00002,0.00402
97.86000,1.02193,0.99423,0.00000,0.00003,0.00575
98.00000,1.02193,0.99137,0.00000,0.00006,0.00857
98.14000,1.02193,0.98372,0.00000,0.00018,0.01610
98.28000,1.02194,0.97179,0.00000,0.00051,0.02770
98.42000,1.02194,0.96944,0.00000,0.00080,0.02976
98.56000,1.02194,0.96802,0.00000,0.00096,0.03102
98.70000,1.02194,0.97160,0.00000,0.00083,0.02757
98.84000,1.02194,0.96650,0.00000,0.00106,0.03245
98.98000,1.02193,0.98201,0.00000,0.00025,0.01773
99.12000,1.02193,0.98846,0.00000,0.00008,0.01145
99.26000,1.02193,0.99318,0.00000,0.00003,0.00679
99.40000,1.02193,0.99277,0.00000,0.00003,0.00720
99.54000,1.02193,0.99152,0.00000,0.00004,0.00844
99.68000,1.02193,0.99258,0.00000,0.00004,0.00738
99.82000,1.02193,0.98993,0.00000,0.00008,0.00999
99.96000,1.02194,0.98630,0.00000,0.00021,0.01349
100.10000,1.02194,0.98611,0.00000,0.00028,0.01361
100.24000,1.02194,0.98140,0.00000,0.00046,0.01814
100.38000,1.02194,0.98501,0.00000,0.00029,0.01470
100.52000,1.02194,0.98693,0.00000,0.00017,0.01290
100.66000,1.02193,0.99637,0.00000,0.00002,0.00361
100.80000,1.02193,0.99806,0.00000,0.00001,0.00193
100.94000,1.02193,0.99896,0.00000,0.00000,0.00103
101.08000,1.02193,0.99895,0.00000,0.00000,0.00105
101.22000,1.02193,0.99906,0.00000,0.00000,0.00094
101.36000,1.02193,0.99947,0.00000,0.00000,0.00053
