Time (seconds), Duration (seconds),pred_(unlabeled),pred_brushing_teeth,pred_hair_drying,pred_showering
0.00000,0.12694,1.00000,0.00000,0.00000,0.00000
0.06600,0.12694,1.00000,0.00000,0.00000,0.00000
0.13200,0.12694,1.00000,0.00000,0.00000,0.00000
0.19800,0.12694,1.00000,0.00000,0.00000,0.00000
0.26400,0.12694,0.99996,0.00000,0.00003,0.00000
0.33000,0.12694,0.99999,0.00000,0.00001,0.00000
0.39600,0.12694,0.99994,0.00000,0.00006,0.00000
0.46200,0.12694,0.99994,0.00000,0.00006,0.00000
0.52800,0.12694,0.99909,0.00000,0.00086,0.00005
0.59400,0.12694,0.99541,0.00005,0.00160,0.00294
0.66000,0.12694,0.99924,0.00000,0.00060,0.00016
0.72600,0.12694,0.99995,0.00000,0.00005,0.00000
0.79200,0.12694,0.99999,0.00000,0.00001,0.00000
0.85800,0.12694,0.99999,0.00000,0.00001,0.00000
0.92400,0.12694,0.99999,0.00000,0.00001,0.00000
0.99000,0.12694,1.00000,0.00000,0.00000,0.00000
1.05600,0.12694,0.99986,0.00000,0.00013,0.00000
1.12200,0.12694,0.99983,0.00000,0.00017,0.00000
1.18800,0.12694,0.99998,0.00000,0.00002,0.00000
1.25400,0.12694,0.99995,0.00000,0.00005,0.00000
1.32000,0.12694,0.99975,0.00000,0.00023,0.00003
1.38600,0.12694,0.99968,0.00000,0.00028,0.00004
1.45200,0.12694,0.99989,0.00000,0.00010,0.00001
1.51800,0.12694,0.99997,0.00000,0.00003,0.00000
1.58400,0.12694,0.99998,0.00000,0.00002,0.00000
1.65000,0.12694,0.99999,0.00000,0.00001,0.00000
1.71600,0.12694,1.00000,0.00000,0.00000,0.00000
1.78200,0.12694,0.99999,0.00000,0.00001,0.00000
1.84800,0.12694,0.99998,0.00000,0.00002,0.00000
1.91400,0.12694,0.99980,0.00000,0.00020,0.00000
1.98000,0.12694,0.99998,0.00000,0.00002,0.00000
2.04600,0.12694,1.00000,0.00000,0.00000,0.00000
2.11200,0.12694,1.00000,0.00000,0.00000,0.00000
2.17800,0.12694,0.99999,0.00000,0.00001,0.00000
2.24400,0.12694,0.99999,0.00000,0.00001,0.00000
2.31000,0.12694,0.99996,0.00000,0.00004,0.00000
2.37600,0.12694,0.99993,0.00000,0.00007,0.00000
2.44200,0.12694,0.99993,0.00000,0.00007,0.00000
2.50800,0.12694,0.99998,0.00000,0.00002,0.00000
2.57400,0.12694,0.99999,0.00000,0.00001,0.00000
2.64000,0.12694,0.99988,0.00000,0.00012,0.00000
2.70600,0.12694,0.99989,0.00000,0.00011,0.00000
2.77200,0.12694,0.99998,0.00000,0.00002,0.00000
2.83800,0.12694,0.99999,0.00000,0.00000,0.00000
2.90400,0.12694,1.00000,0.00000,0.00000,0.00000
2.97000,0.12694,1.00000,0.00000,0.00000,0.00000
3.03600,0.12694,0.99999,0.00000,0.00001,0.00000
3.10200,0.12694,0.99999,0.00000,0.00001,0.00000
3.16800,0.12694,0.99998,0.00000,0.00002,0.00000
3.23400,0.12694,1.00000,0.00000,0.00000,0.00000
3.30000,0.12694,0.99998,0.00000,0.00001,0.00000
3.36600,0.12694,0.99997,0.00000,0.00003,0.00000
3.43200,0.12694,1.00000,0.00000,0.00000,0.00000
3.49800,0.12694,1.00000,0.00000,0.00000,0.00000
3.56400,0.12694,1.00000,0.00000,0.00000,0.00000
3.63000,0.12694,0.99999,0.00000,0.00001,0.00000
3.69600,0.12694,0.99999,0.00000,0.00001,0.00000
3.76200,0.12694,0.99995,0.00000,0.00005,0.00000
3.82800,0.12694,0.99999,0.00000,0.00001,0.00000
3.89400,0.12694,1.00000,0.00000,0.00000,0.00000
3.96000,0.12694,0.99986,0.00000,0.00012,0.00002
4.02600,0.12694,0.93667,0.00041,0.00582,0.05709
4.09200,0.12694,0.96009,0.00005,0.00305,0.03680
4.15800,0.12694,0.99883,0.00000,0.00064,0.00052
4.22400,0.12694,0.99999,0.00000,0.00001,0.00000
4.29000,0.12694,1.00000,0.00000,0.00000,0.00000
4.35600,0.12694,0.99999,0.00000,0.00001,0.00000
4.42200,0.12694,0.99976,0.00000,0.00024,0.00000
4.48800,0.12694,0.99963,0.00000,0.00034,0.00003
4.55400,0.12694,0.99987,0.00000,0.00012,0.00001
4.62000,0.12694,0.99961,0.00000,0.00029,0.00010
4.68600,0.12694,0.99872,0.00002,0.00067,0.00058
4.75200,0.12694,0.99752,0.00068,0.00017,0.00163
4.81800,0.12694,0.96057,0.03718,0.00003,0.00222
4.88400,0.12694,0.90749,0.02990,0.00023,0.06237
4.95000,0.12694,0.94351,0.00392,0.00076,0.05181
5.01600,0.12694,0.99080,0.00093,0.00178,0.00650
5.08200,0.12694,0.99950,0.00000,0.00044,0.00006
5.14800,0.12694,0.99932,0.00000,0.00046,0.00022
5.21400,0.12694,0.99269,0.00026,0.00252,0.00453
5.28000,0.12694,0.98738,0.00088,0.00244,0.00930
5.34600,0.12694,0.99842,0.00000,0.00082,0.00076
5.41200,0.12694,0.99981,0.00000,0.00018,0.00001
5.47800,0.12694,0.99973,0.00000,0.00027,0.00000
5.54400,0.12694,0.99928,0.00000,0.00069,0.00002
5.61000,0.12694,0.99996,0.00000,0.00004,0.00000
5.67600,0.12694,0.99978,0.00000,0.00021,0.00001
5.74200,0.12694,0.99929,0.00000,0.00069,0.00002
5.80800,0.12694,0.99987,0.00000,0.00013,0.00000
5.87400,0.12694,0.99993,0.00000,0.00007,0.00000
5.94000,0.12694,0.99955,0.00000,0.00045,0.00000
6.00600,0.12694,0.99946,0.00000,0.00054,0.00000
6.07200,0.12694,0.99997,0.00000,0.00003,0.00000
6.13800,0.12694,0.99998,0.00000,0.00002,0.00000
6.20400,0.12694,1.00000,0.00000,0.00000,0.00000
6.27000,0.12694,0.99997,0.00000,0.00003,0.00000
6.33600,0.12694,0.99993,0.00000,0.00007,0.00000
6.40200,0.12694,0.99999,0.00000,0.00001,0.00000
6.46800,0.12694,1.00000,0.00000,0.00000,0.00000
6.53400,0.12694,0.99999,0.00000,0.00001,0.00000
6.60000,0.12694,0.99988,0.00000,0.00011,0.00000
6.66600,0.12694,0.99956,0.00000,0.00044,0.00000
6.73200,0.12694,0.99998,0.00000,0.00002,0.00000
6.79800,0.12694,1.00000,0.00000,0.00000,0.00000
6.86400,0.12694,0.99987,0.00000,0.00012,0.00001
6.93000,0.12694,0.99710,0.00006,0.00172,0.00113
6.99600,0.12694,0.96893,0.00026,0.00785,0.02296
7.06200,0.12694,0.97289,0.00010,0.01098,0.01603
7.12800,0.12694,0.99408,0.00002,0.00416,0.00174
7.19400,0.12694,0.94400,0.00093,0.00803,0.04705
7.26000,0.12694,0.79360,0.01109,0.00448,0.19082
7.32600,0.12694,0.97587,0.00053,0.00953,0.01407
7.39200,0.12694,0.89634,0.00001,0.10337,0.00029
7.45800,0.12694,0.92836,0.00000,0.07160,0.00003
7.52400,0.12694,0.87053,0.00003,0.11570,0.01375
7.59000,0.12694,0.23603,0.07215,0.62707,0.06475
7.65600,0.12694,0.09947,0.01113,0.88423,0.00517
7.72200,0.12694,0.04373,0.00507,0.95016,0.00104
7.78800,0.12694,0.02177,0.00403,0.97359,0.00062
7.85400,0.12694,0.03942,0.00285,0.95643,0.00131
7.92000,0.12694,0.02616,0.00141,0.97196,0.00048
7.98600,0.12694,0.00663,0.00055,0.99271,0.00011
8.05200,0.12694,0.00850,0.00020,0.99127,0.00003
8.11800,0.12694,0.00612,0.00015,0.99372,0.00002
8.18400,0.12694,0.00353,0.00042,0.99602,0.00002
8.25000,0.12694,0.00134,0.00010,0.99856,0.00000
8.31600,0.12694,0.00120,0.00026,0.99854,0.00000
8.38200,0.12694,0.00366,0.00021,0.99611,0.00002
8.44800,0.12694,0.00473,0.00020,0.99502,0.00004
8.51400,0.12694,0.02180,0.00201,0.97552,0.00066
8.58000,0.12694,0.05243,0.00053,0.94309,0.00395
8.64600,0.12694,0.01263,0.00026,0.98672,0.00039
8.71200,0.12694,0.00675,0.00155,0.99140,0.00031
8.77800,0.12694,0.00381,0.00297,0.99307,0.00014
8.84400,0.12694,0.00269,0.00058,0.99671,0.00002
8.91000,0.12694,0.00254,0.00016,0.99730,0.00000
8.97600,0.12694,0.00817,0.00031,0.99149,0.00002
9.04200,0.12694,0.00776,0.00078,0.99139,0.00007
9.10800,0.12694,0.01158,0.00562,0.98249,0.00030
9.17400,0.12694,0.00482,0.00482,0.99014,0.00022
9.24000,0.12694,0.00998,0.01088,0.97871,0.00043
9.30600,0.12694,0.00699,0.00148,0.99144,0.00009
9.37200,0.12694,0.01485,0.00439,0.98041,0.00035
9.43800,0.12694,0.01283,0.00088,0.98614,0.00014
9.50400,0.12694,0.00297,0.00046,0.99656,0.00002
9.57000,0.12694,0.00419,0.00193,0.99355,0.00032
9.63600,0.12694,0.00616,0.01205,0.98099,0.00080
9.70200,0.12694,0.00363,0.00530,0.99096,0.00012
9.76800,0.12694,0.00455,0.00514,0.98999,0.00032
9.83400,0.12694,0.00190,0.00101,0.99706,0.00003
9.90000,0.12694,0.00238,0.00048,0.99713,0.00001
9.96600,0.12694,0.00597,0.00183,0.99208,0.00012
10.03200,0.12694,0.00438,0.00070,0.99489,0.00004
10.09800,0.12694,0.00258,0.00130,0.99611,0.00001
10.16400,0.12694,0.00123,0.00072,0.99805,0.00000
10.23000,0.12694,0.00226,0.00235,0.99535,0.00004
10.29600,0.12694,0.00507,0.00130,0.99359,0.00004
10.36200,0.12694,0.00380,0.00071,0.99547,0.00002
10.42800,0.12694,0.00229,0.00028,0.99742,0.00001
10.49400,0.12694,0.00275,0.00018,0.99706,0.00000
10.56000,0.12694,0.00309,0.00037,0.99654,0.00001
10.62600,0.12694,0.00246,0.00030,0.99724,0.00000
10.69200,0.12694,0.00746,0.00052,0.99197,0.00005
10.75800,0.12694,0.01005,0.00138,0.98836,0.00021
10.82400,0.12694,0.01998,0.00245,0.97738,0.00019
10.89000,0.12694,0.00408,0.00038,0.99552,0.00002
10.95600,0.12694,0.00884,0.00084,0.99024,0.00008
11.02200,0.12694,0.00284,0.00097,0.99614,0.00005
11.08800,0.12694,0.01047,0.00064,0.98868,0.00021
11.15400,0.12694,0.04949,0.00137,0.94748,0.00165
11.22000,0.12694,0.00704,0.00280,0.98999,0.00017
11.28600,0.12694,0.01249,0.01106,0.97553,0.00092
11.35200,0.12694,0.23151,0.01084,0.73893,0.01871
11.41800,0.12694,0.64597,0.00672,0.29649,0.05081
11.48400,0.12694,0.62239,0.00867,0.24419,0.12476
11.55000,0.12694,0.72643,0.00249,0.09494,0.17615
11.61600,0.12694,0.65703,0.00115,0.32470,0.01713
11.68200,0.12694,0.54787,0.00095,0.44162,0.00957
11.74800,0.12694,0.10962,0.00467,0.88032,0.00539
11.81400,0.12694,0.22587,0.00328,0.75600,0.01485
11.88000,0.12694,0.12220,0.00096,0.86630,0.01054
11.94600,0.12694,0.07577,0.00099,0.91929,0.00395
12.01200,0.12694,0.05713,0.01339,0.92514,0.00434
12.07800,0.12694,0.04979,0.00773,0.93877,0.00371
12.14400,0.12694,0.10445,0.00524,0.88274,0.00756
12.21000,0.12694,0.06549,0.00091,0.93241,0.00118
12.27600,0.12694,0.02288,0.00164,0.97481,0.00067
12.34200,0.12694,0.09923,0.00263,0.88065,0.01748
12.40800,0.12694,0.12076,0.00145,0.85013,0.02766
12.47400,0.12694,0.02567,0.00046,0.97268,0.00119
12.54000,0.12694,0.02144,0.00229,0.97441,0.00186
12.60600,0.12694,0.00560,0.00138,0.99284,0.00018
12.67200,0.12694,0.01240,0.00262,0.98452,0.00047
12.73800,0.12694,0.00500,0.00015,0.99484,0.00002
12.80400,0.12694,0.01385,0.00098,0.98493,0.00023
12.87000,0.12694,0.00553,0.00170,0.99251,0.00026
12.93600,0.12694,0.00703,0.01110,0.98154,0.00033
13.00200,0.12694,0.01432,0.00669,0.97609,0.00290
13.06800,0.12694,0.01787,0.00746,0.97134,0.00334
13.13400,0.12694,0.15883,0.04408,0.76848,0.02861
13.20000,0.12694,0.04012,0.00054,0.95915,0.00020
13.26600,0.12694,0.00194,0.00008,0.99799,0.00000
13.33200,0.12694,0.00379,0.00160,0.99458,0.00003
13.39800,0.12694,0.00966,0.00631,0.98288,0.00115
13.46400,0.12694,0.00386,0.00271,0.99339,0.00005
13.53000,0.12694,0.00559,0.00431,0.99001,0.00008
13.59600,0.12694,0.00423,0.00256,0.99315,0.00005
13.66200,0.12694,0.00636,0.00196,0.99156,0.00012
13.72800,0.12694,0.00633,0.00114,0.99239,0.00014
13.79400,0.12694,0.00527,0.00051,0.99417,0.00005
13.86000,0.12694,0.00750,0.00315,0.98899,0.00035
13.92600,0.12694,0.01287,0.00148,0.98481,0.00085
13.99200,0.12694,0.00716,0.00147,0.99113,0.00024
14.05800,0.12694,0.00230,0.00085,0.99681,0.00004
14.12400,0.12694,0.00392,0.00405,0.99196,0.00007
14.19000,0.12694,0.00810,0.00089,0.99093,0.00008
14.25600,0.12694,0.00747,0.00104,0.99135,0.00014
14.32200,0.12694,0.01685,0.00427,0.97823,0.00065
14.38800,0.12694,0.06128,0.00372,0.93373,0.00127
14.45400,0.12694,0.10871,0.01441,0.85893,0.01795
14.52000,0.12694,0.02990,0.00235,0.96577,0.00198
14.58600,0.12694,0.01976,0.00376,0.97530,0.00118
14.65200,0.12694,0.04945,0.00322,0.94581,0.00152
14.71800,0.12694,0.00929,0.00148,0.98876,0.00046
14.78400,0.12694,0.03488,0.00109,0.96184,0.00219
14.85000,0.12694,0.12138,0.00609,0.81712,0.05542
14.91600,0.12694,0.51542,0.01184,0.38539,0.08735
14.98200,0.12694,0.18567,0.00201,0.80511,0.00721
15.04800,0.12694,0.15018,0.01024,0.83326,0.00632
15.11400,0.12694,0.02850,0.01797,0.94985,0.00367
15.18000,0.12694,0.09785,0.03144,0.83741,0.03330
15.24600,0.12694,0.18504,0.01942,0.68652,0.10902
15.31200,0.12694,0.05903,0.01291,0.90830,0.01976
15.37800,0.12694,0.00516,0.00122,0.99353,0.00010
15.44400,0.12694,0.00197,0.00007,0.99795,0.00000
15.51000,0.12694,0.00207,0.00025,0.99767,0.00001
15.57600,0.12694,0.01789,0.00462,0.97686,0.00062
15.64200,0.12694,0.04265,0.00315,0.95279,0.00141
15.70800,0.12694,0.16918,0.00385,0.81956,0.00742
15.77400,0.12694,0.23446,0.00314,0.74918,0.01322
15.84000,0.12694,0.18764,0.00302,0.80306,0.00628
15.90600,0.12694,0.07168,0.00443,0.91730,0.00659
15.97200,0.12694,0.00417,0.00359,0.99201,0.00024
16.03800,0.12694,0.08388,0.01240,0.90168,0.00204
16.10400,0.12694,0.18530,0.00703,0.79976,0.00790
16.17000,0.12694,0.23475,0.00592,0.74814,0.01119
16.23600,0.12694,0.01967,0.00039,0.97987,0.00007
16.30200,0.12694,0.00181,0.00007,0.99812,0.00000
16.36800,0.12694,0.00450,0.00103,0.99444,0.00002
16.43400,0.12694,0.05199,0.01796,0.92641,0.00364
16.50000,0.12694,0.04120,0.00164,0.95567,0.00150
16.56600,0.12694,0.10968,0.00198,0.87341,0.01493
16.63200,0.12694,0.10760,0.00074,0.88964,0.00202
16.69800,0.12694,0.39965,0.01463,0.49702,0.08870
16.76400,0.12694,0.05234,0.00562,0.93141,0.01063
16.83000,0.12694,0.01033,0.00226,0.98602,0.00138
16.89600,0.12694,0.06831,0.01033,0.90911,0.01225
16.96200,0.12694,0.05214,0.00698,0.93376,0.00711
17.02800,0.12694,0.00315,0.00328,0.99346,0.00012
17.09400,0.12694,0.00524,0.00329,0.99108,0.00039
17.16000,0.12694,0.01430,0.00135,0.98387,0.00048
17.22600,0.12694,0.03225,0.00435,0.96168,0.00172
17.29200,0.12694,0.00927,0.00473,0.98545,0.00054
17.35800,0.12694,0.00487,0.00085,0.99421,0.00006
17.42400,0.12694,0.01750,0.02517,0.95534,0.00198
17.49000,0.12694,0.00597,0.00109,0.99286,0.00009
17.55600,0.12694,0.00742,0.00080,0.99170,0.00009
17.62200,0.12694,0.00643,0.00400,0.98947,0.00010
17.68800,0.12694,0.00283,0.00068,0.99649,0.00001
17.75400,0.12694,0.01857,0.01099,0.96927,0.00117
17.82000,0.12694,0.00939,0.00261,0.98773,0.00027
17.88600,0.12694,0.00360,0.00433,0.99199,0.00008
17.95200,0.12694,0.00236,0.00069,0.99693,0.00002
18.01800,0.12694,0.00134,0.00023,0.99843,0.00000
18.08400,0.12694,0.00441,0.00164,0.99392,0.00003
18.15000,0.12694,0.00496,0.00141,0.99361,0.00002
18.21600,0.12694,0.00322,0.00051,0.99625,0.00001
18.28200,0.12694,0.00538,0.00152,0.99305,0.00004
18.34800,0.12694,0.00586,0.00125,0.99283,0.00006
18.41400,0.12694,0.00364,0.00062,0.99573,0.00001
18.48000,0.12694,0.00180,0.00053,0.99766,0.00001
18.54600,0.12694,0.03063,0.00356,0.96527,0.00055
18.61200,0.12694,0.01584,0.00026,0.98382,0.00008
18.67800,0.12694,0.00406,0.00012,0.99581,0.00001
18.74400,0.12694,0.00446,0.00079,0.99471,0.00005
18.81000,0.12694,0.00213,0.00077,0.99709,0.00001
18.87600,0.12694,0.00563,0.00711,0.98718,0.00007
18.94200,0.12694,0.00470,0.00109,0.99414,0.00006
19.00800,0.12694,0.00283,0.00036,0.99680,0.00001
19.07400,0.12694,0.00199,0.00024,0.99777,0.00000
19.14000,0.12694,0.00340,0.00076,0.99582,0.00001
19.20600,0.12694,0.00294,0.00046,0.99658,0.00001
19.27200,0.12694,0.00547,0.00091,0.99361,0.00001
19.33800,0.12694,0.00739,0.00086,0.99171,0.00004
19.40400,0.12694,0.00278,0.00038,0.99684,0.00001
19.47000,0.12694,0.00408,0.00105,0.99486,0.00001
19.53600,0.12694,0.00459,0.00258,0.99280,0.00002
19.60200,0.12694,0.00197,0.00088,0.99713,0.00001
19.66800,0.12694,0.00278,0.00061,0.99659,0.00002
19.73400,0.12694,0.00527,0.00051,0.99422,0.00001
19.80000,0.12694,0.01248,0.00229,0.98516,0.00007
19.86600,0.12694,0.00540,0.00052,0.99405,0.00003
19.93200,0.12694,0.00657,0.00131,0.99209,0.00004
19.99800,0.12694,0.00169,0.00043,0.99788,0.00001
20.06400,0.12694,0.00201,0.00037,0.99762,0.00000
20.13000,0.12694,0.01167,0.00548,0.98277,0.00007
20.19600,0.12694,0.00160,0.00014,0.99826,0.00000
20.26200,0.12694,0.00178,0.00007,0.99814,0.00000
20.32800,0.12694,0.00373,0.00059,0.99567,0.00001
20.39400,0.12694,0.00313,0.00063,0.99623,0.00001
20.46000,0.12694,0.00361,0.00176,0.99458,0.00004
20.52600,0.12694,0.00384,0.00308,0.99294,0.00014
20.59200,0.12694,0.00231,0.00097,0.99670,0.00002
20.65800,0.12694,0.00358,0.00433,0.99206,0.00003
20.72400,0.12694,0.00660,0.00417,0.98905,0.00018
20.79000,0.12694,0.00229,0.00065,0.99705,0.00001
20.85600,0.12694,0.00199,0.00023,0.99777,0.00001
20.92200,0.12694,0.00345,0.00109,0.99544,0.00002
20.98800,0.12694,0.00431,0.00082,0.99485,0.00002
21.05400,0.12694,0.01102,0.00314,0.98575,0.00009
21.12000,0.12694,0.01386,0.00609,0.97984,0.00021
21.18600,0.12694,0.00598,0.00210,0.99182,0.00010
21.25200,0.12694,0.00535,0.00127,0.99333,0.00006
21.31800,0.12694,0.00998,0.00095,0.98898,0.00010
21.38400,0.12694,0.00579,0.00062,0.99356,0.00003
21.45000,0.12694,0.00547,0.00060,0.99389,0.00003
21.51600,0.12694,0.00122,0.00013,0.99864,0.00000
21.58200,0.12694,0.00505,0.00087,0.99407,0.00002
21.64800,0.12694,0.00860,0.00380,0.98745,0.00015
21.71400,0.12694,0.00924,0.00227,0.98844,0.00005
21.78000,0.12694,0.03913,0.00486,0.95524,0.00077
21.84600,0.12694,0.02722,0.01739,0.95412,0.00126
21.91200,0.12694,0.00827,0.00304,0.98851,0.00019
21.97800,0.12694,0.00543,0.00165,0.99285,0.00007
22.04400,0.12694,0.00560,0.00076,0.99360,0.00005
22.11000,0.12694,0.00708,0.00122,0.99167,0.00003
22.17600,0.12694,0.00770,0.00102,0.99126,0.00002
22.24200,0.12694,0.01206,0.00610,0.98163,0.00020
22.30800,0.12694,0.00467,0.00196,0.99330,0.00008
22.37400,0.12694,0.00435,0.00196,0.99362,0.00007
22.44000,0.12694,0.00569,0.00166,0.99252,0.00013
22.50600,0.12694,0.01514,0.00928,0.97508,0.00050
22.57200,0.12694,0.00181,0.00056,0.99761,0.00003
22.63800,0.12694,0.00179,0.00039,0.99781,0.00001
22.70400,0.12694,0.00315,0.00288,0.99390,0.00007
22.77000,0.12694,0.00872,0.00287,0.98815,0.00026
22.83600,0.12694,0.00590,0.00065,0.99332,0.00013
22.90200,0.12694,0.00170,0.00022,0.99808,0.00001
22.96800,0.12694,0.00290,0.00096,0.99609,0.00006
23.03400,0.12694,0.00428,0.00125,0.99423,0.00024
23.10000,0.12694,0.00268,0.00037,0.99688,0.00008
23.16600,0.12694,0.00623,0.00274,0.99075,0.00028
23.23200,0.12694,0.00294,0.00056,0.99646,0.00004
23.29800,0.12694,0.00396,0.00027,0.99574,0.00003
23.36400,0.12694,0.01287,0.00157,0.98451,0.00105
23.43000,0.12694,0.00758,0.00131,0.99072,0.00039
23.49600,0.12694,0.00350,0.00056,0.99591,0.00003
23.56200,0.12694,0.00340,0.00089,0.99564,0.00007
23.62800,0.12694,0.00308,0.00041,0.99646,0.00006
23.69400,0.12694,0.01191,0.00180,0.98520,0.00109
23.76000,0.12694,0.01081,0.00205,0.98531,0.00183
23.82600,0.12694,0.00566,0.00370,0.99029,0.00035
23.89200,0.12694,0.00523,0.00179,0.99261,0.00037
23.95800,0.12694,0.00341,0.00064,0.99583,0.00012
24.02400,0.12694,0.00338,0.00039,0.99617,0.00006
24.09000,0.12694,0.00420,0.00351,0.99178,0.00051
24.15600,0.12694,0.00211,0.00362,0.99406,0.00021
24.22200,0.12694,0.00315,0.00233,0.99446,0.00006
24.28800,0.12694,0.00230,0.00047,0.99718,0.00005
24.35400,0.12694,0.00496,0.00122,0.99372,0.00010
24.42000,0.12694,0.01026,0.00248,0.98666,0.00059
24.48600,0.12694,0.00299,0.00063,0.99627,0.00011
24.55200,0.12694,0.00594,0.00087,0.99254,0.00065
24.61800,0.12694,0.02461,0.00185,0.97066,0.00288
24.68400,0.12694,0.00602,0.00092,0.99284,0.00022
24.75000,0.12694,0.00315,0.00098,0.99582,0.00006
24.81600,0.12694,0.01128,0.00334,0.98460,0.00078
24.88200,0.12694,0.00542,0.00148,0.99265,0.00045
24.94800,0.12694,0.00421,0.00132,0.99429,0.00018
25.01400,0.12694,0.01151,0.00491,0.98184,0.00174
25.08000,0.12694,0.00562,0.00222,0.99108,0.00108
25.14600,0.12694,0.00313,0.00108,0.99546,0.00032
25.21200,0.12694,0.00166,0.00022,0.99809,0.00003
25.27800,0.12694,0.00384,0.00221,0.99377,0.00018
25.34400,0.12694,0.00501,0.00075,0.99410,0.00015
25.41000,0.12694,0.00466,0.00052,0.99475,0.00008
25.47600,0.12694,0.00575,0.00181,0.99207,0.00037
25.54200,0.12694,0.00344,0.00049,0.99602,0.00004
25.60800,0.12694,0.00495,0.00037,0.99464,0.00004
25.67400,0.12694,0.00435,0.00178,0.99363,0.00023
25.74000,0.12694,0.00183,0.00065,0.99750,0.00002
25.80600,0.12694,0.00338,0.00147,0.99496,0.00019
25.87200,0.12694,0.00393,0.00103,0.99498,0.00006
25.93800,0.12694,0.00912,0.00220,0.98840,0.00028
26.00400,0.12694,0.00804,0.00059,0.99098,0.00039
26.07000,0.12694,0.00345,0.00036,0.99612,0.00006
26.13600,0.12694,0.00748,0.00517,0.98642,0.00093
26.20200,0.12694,0.00587,0.00146,0.99253,0.00014
26.26800,0.12694,0.00246,0.00025,0.99727,0.00002
26.33400,0.12694,0.00753,0.00340,0.98858,0.00048
26.40000,0.12694,0.01527,0.00241,0.98130,0.00102
26.46600,0.12694,0.00155,0.00025,0.99819,0.00001
26.53200,0.12694,0.00207,0.00034,0.99757,0.00001
26.59800,0.12694,0.00485,0.00095,0.99414,0.00005
26.66400,0.12694,0.00508,0.00112,0.99370,0.00010
26.73000,0.12694,0.00148,0.00018,0.99833,0.00001
26.79600,0.12694,0.00193,0.00043,0.99762,0.00002
26.86200,0.12694,0.00148,0.00028,0.99823,0.00001
26.92800,0.12694,0.00389,0.00064,0.99538,0.00009
26.99400,0.12694,0.00968,0.00175,0.98820,0.00038
27.06000,0.12694,0.01179,0.00753,0.97930,0.00138
27.12600,0.12694,0.01143,0.00548,0.98257,0.00053
27.19200,0.12694,0.00514,0.00085,0.99389,0.00011
27.25800,0.12694,0.00291,0.00081,0.99619,0.00010
27.32400,0.12694,0.00302,0.00077,0.99616,0.00006
27.39000,0.12694,0.00569,0.00108,0.99311,0.00012
27.45600,0.12694,0.00188,0.00031,0.99778,0.00003
27.52200,0.12694,0.00615,0.00310,0.99030,0.00045
27.58800,0.12694,0.00417,0.00147,0.99428,0.00008
27.65400,0.12694,0.00854,0.00145,0.98982,0.00019
27.72000,0.12694,0.00444,0.00055,0.99494,0.00007
27.78600,0.12694,0.00399,0.00067,0.99529,0.00005
27.85200,0.12694,0.00270,0.00029,0.99697,0.00004
27.91800,0.12694,0.00262,0.00064,0.99670,0.00004
27.98400,0.12694,0.00247,0.00023,0.99727,0.00003
28.05000,0.12694,0.00565,0.00250,0.99154,0.00032
28.11600,0.12694,0.00391,0.00161,0.99428,0.00020
28.18200,0.12694,0.00199,0.00060,0.99735,0.00005
28.24800,0.12694,0.00319,0.00056,0.99623,0.00002
28.31400,0.12694,0.00718,0.00571,0.98695,0.00016
28.38000,0.12694,0.00339,0.00086,0.99552,0.00023
28.44600,0.12694,0.01621,0.01190,0.96973,0.00215
28.51200,0.12694,0.00338,0.00068,0.99589,0.00005
28.57800,0.12694,0.00886,0.00195,0.98867,0.00052
28.64400,0.12694,0.00364,0.00074,0.99556,0.00006
28.71000,0.12694,0.00319,0.00041,0.99637,0.00004
28.77600,0.12694,0.00555,0.00186,0.99243,0.00017
28.84200,0.12694,0.00461,0.00156,0.99365,0.00018
28.90800,0.12694,0.01171,0.00255,0.98483,0.00092
28.97400,0.12694,0.01272,0.00565,0.97986,0.00176
29.04000,0.12694,0.00572,0.00207,0.99200,0.00022
29.10600,0.12694,0.00295,0.00116,0.99584,0.00005
29.17200,0.12694,0.00304,0.00187,0.99497,0.00012
29.23800,0.12694,0.00578,0.00871,0.98482,0.00069
29.30400,0.12694,0.00349,0.00292,0.99351,0.00008
29.37000,0.12694,0.00557,0.00101,0.99336,0.00006
29.43600,0.12694,0.00879,0.00577,0.98428,0.00116
29.50200,0.12694,0.00387,0.00094,0.99513,0.00006
29.56800,0.12694,0.00375,0.00113,0.99508,0.00004
29.63400,0.12694,0.00470,0.00121,0.99406,0.00003
29.70000,0.12694,0.00190,0.00033,0.99776,0.00001
29.76600,0.12694,0.00208,0.00037,0.99753,0.00002
29.83200,0.12694,0.00174,0.00040,0.99783,0.00003
29.89800,0.12694,0.00304,0.00028,0.99667,0.00001
29.96400,0.12694,0.00220,0.00022,0.99757,0.00002
30.03000,0.12694,0.00617,0.00281,0.99062,0.00040
30.09600,0.12694,0.00476,0.00165,0.99342,0.00017
30.16200,0.12694,0.00239,0.00099,0.99657,0.00005
30.22800,0.12694,0.00335,0.00058,0.99604,0.00003
30.29400,0.12694,0.02211,0.00580,0.97047,0.00161
30.36000,0.12694,0.00533,0.00050,0.99399,0.00019
30.42600,0.12694,0.00478,0.00104,0.99410,0.00008
30.49200,0.12694,0.00680,0.00438,0.98856,0.00027
30.55800,0.12694,0.00199,0.00062,0.99729,0.00010
30.62400,0.12694,0.00348,0.00198,0.99412,0.00042
30.69000,0.12694,0.00493,0.00074,0.99419,0.00014
30.75600,0.12694,0.00254,0.00024,0.99720,0.00002
30.82200,0.12694,0.00281,0.00032,0.99686,0.00002
30.88800,0.12694,0.00310,0.00040,0.99647,0.00003
30.95400,0.12694,0.00277,0.00048,0.99670,0.00005
31.02000,0.12694,0.00266,0.00065,0.99664,0.00005
31.08600,0.12694,0.00195,0.00020,0.99784,0.00001
31.15200,0.12694,0.00596,0.00072,0.99298,0.00035
31.21800,0.12694,0.01350,0.01149,0.96957,0.00544
31.28400,0.12694,0.00265,0.00048,0.99681,0.00007
31.35000,0.12694,0.00472,0.00108,0.99407,0.00013
31.41600,0.12694,0.00673,0.00181,0.99106,0.00040
31.48200,0.12694,0.01222,0.00531,0.98060,0.00188
31.54800,0.12694,0.00311,0.00070,0.99615,0.00005
31.61400,0.12694,0.00197,0.00020,0.99783,0.00000
31.68000,0.12694,0.00392,0.00062,0.99543,0.00003
31.74600,0.12694,0.00441,0.00066,0.99490,0.00003
31.81200,0.12694,0.00147,0.00027,0.99825,0.00002
31.87800,0.12694,0.00526,0.00118,0.99345,0.00010
31.94400,0.12694,0.00406,0.00074,0.99514,0.00005
32.01000,0.12694,0.00331,0.00101,0.99562,0.00007
32.07600,0.12694,0.00545,0.00210,0.99230,0.00016
32.14200,0.12694,0.00293,0.00123,0.99575,0.00009
32.20800,0.12694,0.00483,0.00547,0.98934,0.00036
32.27400,0.12694,0.00594,0.00308,0.99076,0.00022
32.34000,0.12694,0.00585,0.00059,0.99349,0.00008
32.40600,0.12694,0.00353,0.00063,0.99578,0.00006
32.47200,0.12694,0.00360,0.00074,0.99563,0.00003
32.53800,0.12694,0.00106,0.00017,0.99876,0.00001
32.60400,0.12694,0.00438,0.00083,0.99472,0.00007
32.67000,0.12694,0.00197,0.00062,0.99737,0.00004
32.73600,0.12694,0.00191,0.00133,0.99670,0.00006
32.80200,0.12694,0.00296,0.00032,0.99667,0.00004
32.86800,0.12694,0.00889,0.00472,0.98614,0.00025
32.93400,0.12694,0.00594,0.00329,0.99057,0.00020
33.00000,0.12694,0.00213,0.00097,0.99686,0.00004
33.06600,0.12693,0.00623,0.00371,0.98919,0.00086
33.13200,0.12694,0.00584,0.00245,0.99017,0.00154
33.19800,0.12693,0.00671,0.00207,0.99066,0.00056
33.26400,0.12694,0.00230,0.00106,0.99658,0.00006
33.33000,0.12693,0.00411,0.00137,0.99440,0.00012
33.39600,0.12694,0.00644,0.00182,0.99135,0.00039
33.46200,0.12693,0.02958,0.01415,0.95208,0.00420
33.52800,0.12694,0.00967,0.00061,0.98957,0.00015
33.59400,0.12693,0.00312,0.00023,0.99657,0.00008
33.66000,0.12694,0.00367,0.00104,0.99505,0.00024
33.72600,0.12693,0.00645,0.00399,0.98933,0.00023
33.79200,0.12694,0.00239,0.00108,0.99648,0.00005
33.85800,0.12693,0.00224,0.00114,0.99658,0.00004
33.92400,0.12694,0.00375,0.00072,0.99547,0.00007
33.99000,0.12693,0.00919,0.00648,0.98306,0.00128
34.05600,0.12694,0.00768,0.00422,0.98754,0.00056
34.12200,0.12693,0.00297,0.00046,0.99650,0.00007
34.18800,0.12694,0.00395,0.00074,0.99527,0.00004
34.25400,0.12693,0.00797,0.00154,0.99034,0.00015
34.32000,0.12694,0.01002,0.00346,0.98599,0.00053
34.38600,0.12693,0.00795,0.00352,0.98802,0.00052
34.45200,0.12694,0.00497,0.00098,0.99386,0.00019
34.51800,0.12693,0.00244,0.00016,0.99735,0.00004
34.58400,0.12694,0.00381,0.00086,0.99523,0.00010
34.65000,0.12694,0.00132,0.00012,0.99856,0.00000
34.71600,0.12694,0.00821,0.00386,0.98768,0.00025
34.78200,0.12694,0.00305,0.00046,0.99645,0.00004
34.84800,0.12694,0.00360,0.00186,0.99435,0.00018
34.91400,0.12694,0.00693,0.00575,0.98669,0.00063
34.98000,0.12694,0.00221,0.00135,0.99637,0.00007
35.04600,0.12694,0.00912,0.00354,0.98707,0.00027
35.11200,0.12694,0.00297,0.00033,0.99666,0.00004
35.17800,0.12694,0.00433,0.00140,0.99422,0.00006
35.24400,0.12694,0.00439,0.00113,0.99443,0.00005
35.31000,0.12694,0.00282,0.00092,0.99622,0.00004
35.37600,0.12694,0.00414,0.00290,0.99263,0.00033
35.44200,0.12694,0.00295,0.00108,0.99588,0.00008
35.50800,0.12694,0.00124,0.00009,0.99867,0.00000
35.57400,0.12694,0.00191,0.00021,0.99787,0.00001
35.64000,0.12694,0.00127,0.00027,0.99845,0.00001
35.70600,0.12694,0.00679,0.00280,0.99021,0.00019
35.77200,0.12694,0.01274,0.01488,0.96993,0.00245
35.83800,0.12694,0.00564,0.00367,0.98980,0.00089
35.90400,0.12694,0.00490,0.00059,0.99437,0.00014
35.97000,0.12694,0.00205,0.00019,0.99772,0.00005
36.03600,0.12694,0.00339,0.00181,0.99470,0.00010
36.10200,0.12694,0.00608,0.00259,0.99108,0.00024
36.16800,0.12694,0.00825,0.00465,0.98608,0.00102
36.23400,0.12694,0.00458,0.00171,0.99347,0.00024
36.30000,0.12694,0.00449,0.00050,0.99493,0.00008
36.36600,0.12694,0.00534,0.00102,0.99349,0.00015
36.43200,0.12694,0.00424,0.00123,0.99438,0.00016
36.49800,0.12694,0.00419,0.00080,0.99494,0.00006
36.56400,0.12694,0.00462,0.00051,0.99484,0.00003
36.63000,0.12694,0.00189,0.00019,0.99791,0.00001
36.69600,0.12694,0.00196,0.00038,0.99764,0.00002
36.76200,0.12694,0.00677,0.00085,0.99217,0.00021
36.82800,0.12694,0.00764,0.00140,0.99083,0.00013
36.89400,0.12694,0.00308,0.00014,0.99675,0.00003
36.96000,0.12694,0.00124,0.00006,0.99869,0.00001
37.02600,0.12694,0.00219,0.00016,0.99765,0.00001
37.09200,0.12694,0.01492,0.00168,0.98277,0.00063
37.15800,0.12694,0.00382,0.00085,0.99528,0.00005
37.22400,0.12694,0.00550,0.00275,0.99125,0.00050
37.29000,0.12694,0.00645,0.00323,0.98964,0.00068
37.35600,0.12694,0.00578,0.00449,0.98942,0.00031
37.42200,0.12694,0.00480,0.00405,0.99091,0.00025
37.48800,0.12694,0.00156,0.00031,0.99812,0.00002
37.55400,0.12694,0.00177,0.00049,0.99770,0.00004
37.62000,0.12694,0.00348,0.00074,0.99572,0.00005
37.68600,0.12694,0.00268,0.00050,0.99681,0.00001
37.75200,0.12694,0.00743,0.00093,0.99148,0.00016
37.81800,0.12694,0.00504,0.00153,0.99315,0.00028
37.88400,0.12694,0.00491,0.00155,0.99343,0.00011
37.95000,0.12694,0.00264,0.00044,0.99690,0.00003
38.01600,0.12694,0.00219,0.00061,0.99709,0.00011
38.08200,0.12694,0.01502,0.01025,0.97270,0.00203
38.14800,0.12694,0.00299,0.00057,0.99641,0.00003
38.21400,0.12694,0.00586,0.00144,0.99262,0.00009
38.28000,0.12694,0.00571,0.00216,0.99186,0.00027
38.34600,0.12694,0.00173,0.00051,0.99769,0.00006
38.41200,0.12694,0.00466,0.00335,0.99160,0.00039
38.47800,0.12694,0.00413,0.00148,0.99431,0.00008
38.54400,0.12694,0.00475,0.00038,0.99484,0.00003
38.61000,0.12694,0.00195,0.00023,0.99780,0.00002
38.67600,0.12694,0.00993,0.00221,0.98768,0.00018
38.74200,0.12694,0.00360,0.00039,0.99597,0.00004
38.80800,0.12694,0.00317,0.00073,0.99606,0.00004
38.87400,0.12694,0.00241,0.00041,0.99716,0.00002
38.94000,0.12694,0.00527,0.00174,0.99290,0.00009
39.00600,0.12694,0.00169,0.00023,0.99808,0.00001
39.07200,0.12694,0.00264,0.00082,0.99651,0.00003
39.13800,0.12694,0.00547,0.00109,0.99323,0.00022
39.20400,0.12694,0.00586,0.00162,0.99237,0.00015
39.27000,0.12694,0.00140,0.00009,0.99850,0.00001
39.33600,0.12694,0.00541,0.00314,0.99113,0.00032
39.40200,0.12694,0.00455,0.00143,0.99389,0.00013
39.46800,0.12694,0.00389,0.00079,0.99522,0.00009
39.53400,0.12694,0.00217,0.00023,0.99758,0.00001
39.60000,0.12694,0.00376,0.00065,0.99555,0.00005
39.66600,0.12694,0.00266,0.00015,0.99716,0.00003
39.73200,0.12694,0.00376,0.00025,0.99597,0.00002
39.79800,0.12694,0.00335,0.00062,0.99601,0.00003
39.86400,0.12694,0.00359,0.00062,0.99572,0.00007
39.93000,0.12694,0.00271,0.00033,0.99688,0.00008
39.99600,0.12694,0.00352,0.00073,0.99572,0.00003
40.06200,0.12694,0.00280,0.00023,0.99696,0.00002
40.12800,0.12694,0.00226,0.00023,0.99751,0.00001
40.19400,0.12694,0.00312,0.00053,0.99634,0.00001
40.26000,0.12694,0.00215,0.00050,0.99731,0.00004
40.32600,0.12694,0.01290,0.00358,0.98312,0.00041
40.39200,0.12694,0.00402,0.00078,0.99508,0.00011
40.45800,0.12694,0.00694,0.00223,0.99010,0.00073
40.52400,0.12694,0.00406,0.00125,0.99438,0.00031
40.59000,0.12694,0.00282,0.00061,0.99650,0.00006
40.65600,0.12694,0.00589,0.00093,0.99300,0.00018
40.72200,0.12694,0.00380,0.00018,0.99599,0.00003
40.78800,0.12694,0.00356,0.00057,0.99583,0.00003
40.85400,0.12694,0.00229,0.00033,0.99732,0.00006
40.92000,0.12694,0.00505,0.00072,0.99416,0.00007
40.98600,0.12694,0.00672,0.00128,0.99171,0.00028
41.05200,0.12694,0.00411,0.00026,0.99559,0.00004
41.11800,0.12694,0.00634,0.00140,0.99201,0.00025
41.18400,0.12694,0.00730,0.00222,0.99003,0.00044
41.25000,0.12694,0.00290,0.00056,0.99651,0.00004
41.31600,0.12693,0.00632,0.00152,0.99203,0.00013
41.38200,0.12694,0.01834,0.01319,0.96443,0.00404
41.44800,0.12693,0.00662,0.00188,0.99123,0.00027
41.51400,0.12694,0.00121,0.00022,0.99854,0.00004
41.58000,0.12693,0.00623,0.00303,0.99051,0.00023
41.64600,0.12694,0.00846,0.00510,0.98529,0.00115
41.71200,0.12693,0.00527,0.00104,0.99356,0.00013
41.77800,0.12694,0.00257,0.00011,0.99730,0.00002
41.84400,0.12693,0.00587,0.00046,0.99360,0.00006
41.91000,0.12694,0.00196,0.00033,0.99770,0.00002
41.97600,0.12693,0.02379,0.00516,0.97030,0.00075
42.04200,0.12694,0.00966,0.00113,0.98882,0.00040
42.10800,0.12693,0.00829,0.00066,0.99089,0.00015
42.17400,0.12694,0.01191,0.00222,0.98517,0.00070
42.24000,0.12693,0.00518,0.00114,0.99349,0.00019
42.30600,0.12694,0.01080,0.00240,0.98650,0.00031
42.37200,0.12693,0.00408,0.00039,0.99547,0.00006
42.43800,0.12694,0.00563,0.00163,0.99254,0.00021
42.50400,0.12693,0.00701,0.00698,0.98555,0.00046
42.57000,0.12694,0.00240,0.00018,0.99740,0.00003
42.63600,0.12693,0.00383,0.00047,0.99564,0.00006
42.70200,0.12694,0.00711,0.00141,0.99128,0.00020
42.76800,0.12693,0.00582,0.00057,0.99351,0.00010
42.83400,0.12694,0.00405,0.00097,0.99489,0.00009
42.90000,0.12694,0.00333,0.00107,0.99553,0.00007
42.96600,0.12694,0.00535,0.00074,0.99387,0.00005
43.03200,0.12694,0.00469,0.00040,0.99488,0.00003
43.09800,0.12694,0.01026,0.00280,0.98649,0.00046
43.16400,0.12694,0.00311,0.00095,0.99582,0.00012
43.23000,0.12694,0.00251,0.00017,0.99731,0.00001
43.29600,0.12694,0.00198,0.00052,0.99749,0.00002
43.36200,0.12694,0.00153,0.00059,0.99784,0.00004
43.42800,0.12694,0.01433,0.00511,0.97899,0.00157
43.49400,0.12694,0.00438,0.00048,0.99506,0.00008
43.56000,0.12694,0.00748,0.00143,0.99098,0.00010
43.62600,0.12694,0.00955,0.00079,0.98954,0.00012
43.69200,0.12694,0.00524,0.00184,0.99276,0.00016
43.75800,0.12694,0.00502,0.00155,0.99331,0.00012
43.82400,0.12694,0.00480,0.00211,0.99294,0.00014
43.89000,0.12694,0.00540,0.00126,0.99324,0.00010
43.95600,0.12694,0.00343,0.00044,0.99603,0.00011
44.02200,0.12694,0.00604,0.00185,0.99197,0.00014
44.08800,0.12694,0.00374,0.00098,0.99520,0.00008
44.15400,0.12694,0.00271,0.00038,0.99689,0.00002
44.22000,0.12694,0.00543,0.00038,0.99409,0.00011
44.28600,0.12694,0.00270,0.00020,0.99706,0.00004
44.35200,0.12694,0.00350,0.00050,0.99592,0.00007
44.41800,0.12694,0.00783,0.00404,0.98765,0.00048
44.48400,0.12694,0.00758,0.00078,0.99139,0.00025
44.55000,0.12694,0.00379,0.00048,0.99565,0.00008
44.61600,0.12694,0.00292,0.00042,0.99662,0.00004
44.68200,0.12694,0.00240,0.00034,0.99722,0.00004
44.74800,0.12694,0.00299,0.00028,0.99664,0.00008
44.81400,0.12694,0.00467,0.00152,0.99331,0.00050
44.88000,0.12694,0.00340,0.00048,0.99609,0.00003
44.94600,0.12694,0.00291,0.00055,0.99650,0.00004
45.01200,0.12694,0.00767,0.00476,0.98689,0.00068
45.07800,0.12694,0.01046,0.01129,0.97294,0.00531
45.14400,0.12694,0.00534,0.00411,0.98997,0.00058
45.21000,0.12694,0.00137,0.00026,0.99835,0.00002
45.27600,0.12694,0.00549,0.00367,0.99028,0.00055
45.34200,0.12694,0.00345,0.00073,0.99573,0.00009
45.40800,0.12694,0.00406,0.00095,0.99493,0.00006
45.47400,0.12694,0.00241,0.00017,0.99742,0.00001
45.54000,0.12694,0.00704,0.00121,0.99167,0.00008
45.60600,0.12694,0.00483,0.00200,0.99286,0.00031
45.67200,0.12694,0.00145,0.00018,0.99837,0.00001
45.73800,0.12694,0.00368,0.00050,0.99577,0.00005
45.80400,0.12694,0.02052,0.01546,0.96244,0.00158
45.87000,0.12694,0.00222,0.00024,0.99752,0.00001
45.93600,0.12694,0.00401,0.00020,0.99577,0.00002
46.00200,0.12694,0.00186,0.00014,0.99799,0.00001
46.06800,0.12694,0.00952,0.00295,0.98740,0.00013
46.13400,0.12694,0.00626,0.00259,0.99081,0.00035
46.20000,0.12694,0.00438,0.00108,0.99439,0.00015
46.26600,0.12694,0.00275,0.00034,0.99689,0.00003
46.33200,0.12694,0.00227,0.00035,0.99733,0.00004
46.39800,0.12694,0.00417,0.00061,0.99514,0.00008
46.46400,0.12694,0.01089,0.00381,0.98480,0.00050
46.53000,0.12694,0.00955,0.00655,0.98017,0.00372
46.59600,0.12694,0.00683,0.00162,0.99109,0.00046
46.66200,0.12694,0.00271,0.00055,0.99672,0.00002
46.72800,0.12694,0.00151,0.00027,0.99820,0.00002
46.79400,0.12694,0.00192,0.00101,0.99697,0.00010
46.86000,0.12694,0.00338,0.00287,0.99348,0.00027
46.92600,0.12694,0.00719,0.00251,0.98961,0.00069
46.99200,0.12694,0.02359,0.00841,0.96189,0.00611
47.05800,0.12694,0.01215,0.00371,0.98284,0.00130
47.12400,0.12694,0.00268,0.00057,0.99671,0.00004
47.19000,0.12694,0.00198,0.00017,0.99783,0.00002
47.25600,0.12694,0.00436,0.00070,0.99485,0.00010
47.32200,0.12694,0.00257,0.00030,0.99708,0.00005
47.38800,0.12694,0.00246,0.00054,0.99698,0.00002
47.45400,0.12694,0.00137,0.00041,0.99821,0.00001
47.52000,0.12694,0.00399,0.00096,0.99500,0.00006
47.58600,0.12694,0.01771,0.00575,0.97557,0.00098
47.65200,0.12694,0.00410,0.00136,0.99439,0.00016
47.71800,0.12694,0.00180,0.00022,0.99798,0.00001
47.78400,0.12694,0.00388,0.00046,0.99557,0.00008
47.85000,0.12694,0.00436,0.00123,0.99430,0.00011
47.91600,0.12694,0.00495,0.00165,0.99328,0.00012
47.98200,0.12694,0.00407,0.00093,0.99496,0.00005
48.04800,0.12694,0.00358,0.00018,0.99621,0.00003
48.11400,0.12694,0.00186,0.00022,0.99791,0.00001
48.18000,0.12694,0.00483,0.00163,0.99345,0.00009
48.24600,0.12694,0.00583,0.00546,0.98839,0.00032
48.31200,0.12694,0.01118,0.00737,0.97980,0.00165
48.37800,0.12694,0.00557,0.00243,0.99173,0.00027
48.44400,0.12694,0.00557,0.00083,0.99348,0.00013
48.51000,0.12694,0.00325,0.00032,0.99639,0.00004
48.57600,0.12694,0.00241,0.00060,0.99693,0.00006
48.64200,0.12694,0.00256,0.00056,0.99683,0.00005
48.70800,0.12694,0.00818,0.00186,0.98944,0.00053
48.77400,0.12694,0.00503,0.00164,0.99317,0.00016
48.84000,0.12694,0.00121,0.00034,0.99843,0.00001
48.90600,0.12694,0.00371,0.00040,0.99584,0.00004
48.97200,0.12694,0.03625,0.00632,0.95416,0.00326
49.03800,0.12694,0.02966,0.00579,0.96177,0.00278
49.10400,0.12694,0.00805,0.00103,0.99057,0.00035
49.17000,0.12694,0.00232,0.00039,0.99727,0.00002
49.23600,0.12694,0.00310,0.00127,0.99558,0.00005
49.30200,0.12694,0.00544,0.00238,0.99207,0.00010
49.36800,0.12694,0.00464,0.00097,0.99428,0.00011
49.43400,0.12694,0.00301,0.00093,0.99603,0.00003
49.50000,0.12694,0.00857,0.00284,0.98819,0.00040
49.56600,0.12693,0.00376,0.00023,0.99598,0.00003
49.63200,0.12694,0.00341,0.00070,0.99586,0.00004
49.69800,0.12693,0.00827,0.00272,0.98818,0.00083
49.76400,0.12694,0.00523,0.00067,0.99406,0.00005
49.83000,0.12693,0.00457,0.00101,0.99431,0.00011
49.89600,0.12694,0.00618,0.00228,0.99099,0.00055
49.96200,0.12693,0.00349,0.00099,0.99538,0.00014
50.02800,0.12694,0.00872,0.00424,0.98632,0.00073
50.09400,0.12693,0.00562,0.00164,0.99245,0.00029
50.16000,0.12694,0.00439,0.00082,0.99467,0.00012
50.22600,0.12693,0.00463,0.00087,0.99430,0.00020
50.29200,0.12694,0.00496,0.00136,0.99349,0.00020
50.35800,0.12693,0.00089,0.00005,0.99906,0.00000
50.42400,0.12694,0.00534,0.00125,0.99336,0.00006
50.49000,0.12693,0.00801,0.00364,0.98757,0.00078
50.55600,0.12694,0.00159,0.00035,0.99804,0.00002
50.62200,0.12693,0.01149,0.00276,0.98508,0.00067
50.68800,0.12694,0.01264,0.00170,0.98513,0.00053
50.75400,0.12693,0.00700,0.00068,0.99216,0.00016
50.82000,0.12694,0.00135,0.00013,0.99852,0.00001
50.88600,0.12693,0.00291,0.00113,0.99588,0.00008
50.95200,0.12694,0.00491,0.00284,0.99209,0.00017
51.01800,0.12693,0.00753,0.00155,0.99073,0.00019
51.08400,0.12694,0.00249,0.00022,0.99727,0.00003
51.15000,0.12694,0.00256,0.00048,0.99691,0.00004
51.21600,0.12694,0.00375,0.00060,0.99559,0.00006
51.28200,0.12694,0.00919,0.00220,0.98834,0.00026
51.34800,0.12694,0.00391,0.00061,0.99544,0.00004
51.41400,0.12694,0.00271,0.00030,0.99698,0.00001
51.48000,0.12694,0.00333,0.00040,0.99623,0.00004
51.54600,0.12694,0.00264,0.00054,0.99679,0.00003
51.61200,0.12694,0.00456,0.00156,0.99368,0.00020
51.67800,0.12694,0.00812,0.00333,0.98797,0.00058
51.74400,0.12694,0.00533,0.00370,0.99032,0.00066
51.81000,0.12694,0.00606,0.00172,0.99198,0.00023
51.87600,0.12694,0.00489,0.00171,0.99327,0.00012
51.94200,0.12694,0.00297,0.00088,0.99606,0.00009
52.00800,0.12694,0.00311,0.00043,0.99643,0.00002
52.07400,0.12694,0.00247,0.00046,0.99706,0.00001
52.14000,0.12694,0.00484,0.00115,0.99395,0.00005
52.20600,0.12694,0.00153,0.00013,0.99833,0.00001
52.27200,0.12694,0.00260,0.00070,0.99665,0.00005
52.33800,0.12694,0.01606,0.00362,0.97934,0.00098
52.40400,0.12694,0.00661,0.00131,0.99170,0.00039
52.47000,0.12694,0.00343,0.00038,0.99611,0.00008
52.53600,0.12694,0.00509,0.00154,0.99297,0.00040
52.60200,0.12694,0.00781,0.00663,0.98460,0.00096
52.66800,0.12694,0.00401,0.00157,0.99435,0.00007
52.73400,0.12694,0.00541,0.00069,0.99382,0.00009
52.80000,0.12694,0.00184,0.00011,0.99803,0.00002
52.86600,0.12694,0.00420,0.00067,0.99507,0.00006
52.93200,0.12694,0.01124,0.00056,0.98801,0.00018
52.99800,0.12694,0.00658,0.00056,0.99275,0.00010
53.06400,0.12694,0.00520,0.00099,0.99373,0.00008
53.13000,0.12694,0.00432,0.00134,0.99421,0.00013
53.19600,0.12694,0.01087,0.00511,0.98295,0.00107
53.26200,0.12694,0.00803,0.00369,0.98761,0.00067
53.32800,0.12694,0.00364,0.00241,0.99354,0.00041
53.39400,0.12694,0.00653,0.00099,0.99235,0.00013
53.46000,0.12694,0.01657,0.00185,0.98061,0.00098
53.52600,0.12694,0.00507,0.00142,0.99332,0.00019
53.59200,0.12694,0.00213,0.00096,0.99687,0.00004
53.65800,0.12694,0.00234,0.00086,0.99675,0.00005
53.72400,0.12694,0.00765,0.00260,0.98926,0.00049
53.79000,0.12694,0.00443,0.00153,0.99383,0.00021
53.85600,0.12694,0.00457,0.00188,0.99323,0.00031
53.92200,0.12694,0.00185,0.00017,0.99797,0.00002
53.98800,0.12694,0.00366,0.00101,0.99520,0.00012
54.05400,0.12694,0.00278,0.00044,0.99671,0.00007
54.12000,0.12694,0.00494,0.00158,0.99327,0.00021
54.18600,0.12694,0.00211,0.00028,0.99760,0.00002
54.25200,0.12694,0.00186,0.00025,0.99787,0.00002
54.31800,0.12694,0.00314,0.00130,0.99547,0.00009
54.38400,0.12694,0.00295,0.00180,0.99510,0.00015
54.45000,0.12694,0.00183,0.00030,0.99785,0.00002
54.51600,0.12694,0.01502,0.00544,0.97757,0.00197
54.58200,0.12694,0.01235,0.00320,0.98356,0.00089
54.64800,0.12694,0.00815,0.00096,0.99066,0.00023
54.71400,0.12694,0.00337,0.00152,0.99498,0.00013
54.78000,0.12694,0.00148,0.00037,0.99813,0.00002
54.84600,0.12694,0.00458,0.00247,0.99279,0.00016
54.91200,0.12694,0.00433,0.00152,0.99397,0.00018
54.97800,0.12694,0.00318,0.00058,0.99621,0.00004
55.04400,0.12694,0.00986,0.00360,0.98565,0.00089
55.11000,0.12694,0.00895,0.00268,0.98777,0.00060
55.17600,0.12694,0.00283,0.00042,0.99670,0.00005
55.24200,0.12694,0.00254,0.00134,0.99604,0.00007
55.30800,0.12694,0.00259,0.00089,0.99648,0.00004
55.37400,0.12694,0.00375,0.00076,0.99542,0.00007
55.44000,0.12694,0.00652,0.00174,0.99137,0.00037
55.50600,0.12694,0.00919,0.00440,0.98603,0.00038
55.57200,0.12694,0.00424,0.00118,0.99443,0.00015
55.63800,0.12694,0.00333,0.00073,0.99588,0.00007
55.70400,0.12694,0.00919,0.00292,0.98682,0.00106
55.77000,0.12694,0.00472,0.00045,0.99478,0.00006
55.83600,0.12694,0.00701,0.00107,0.99176,0.00017
55.90200,0.12694,0.00462,0.00153,0.99372,0.00012
55.96800,0.12694,0.00452,0.00064,0.99478,0.00007
56.03400,0.12694,0.01334,0.00219,0.98348,0.00098
56.10000,0.12694,0.00201,0.00007,0.99791,0.00001
56.16600,0.12694,0.00595,0.00147,0.99232,0.00026
56.23200,0.12694,0.00469,0.00152,0.99354,0.00024
56.29800,0.12694,0.00571,0.00138,0.99282,0.00009
56.36400,0.12694,0.00560,0.00113,0.99316,0.00010
56.43000,0.12694,0.00838,0.00258,0.98857,0.00047
56.49600,0.12694,0.00358,0.00027,0.99606,0.00009
56.56200,0.12694,0.00423,0.00051,0.99518,0.00007
56.62800,0.12694,0.00227,0.00065,0.99705,0.00003
56.69400,0.12694,0.00710,0.00319,0.98939,0.00032
56.76000,0.12694,0.01250,0.00096,0.98611,0.00043
56.82600,0.12694,0.01202,0.00107,0.98676,0.00016
56.89200,0.12694,0.00479,0.00029,0.99488,0.00004
56.95800,0.12694,0.00438,0.00132,0.99423,0.00006
57.02400,0.12694,0.00690,0.00242,0.99051,0.00017
57.09000,0.12694,0.00716,0.00178,0.99090,0.00016
57.15600,0.12694,0.02621,0.01144,0.95819,0.00416
57.22200,0.12694,0.01205,0.00421,0.98304,0.00071
57.28800,0.12694,0.00470,0.00119,0.99376,0.00035
57.35400,0.12694,0.00642,0.00186,0.99125,0.00048
57.42000,0.12694,0.00767,0.00104,0.99116,0.00013
57.48600,0.12694,0.00570,0.00105,0.99306,0.00019
57.55200,0.12694,0.00197,0.00025,0.99775,0.00003
57.61800,0.12694,0.00366,0.00018,0.99614,0.00002
57.68400,0.12694,0.00601,0.00081,0.99311,0.00008
57.75000,0.12694,0.00128,0.00031,0.99839,0.00002
57.81600,0.12693,0.00281,0.00070,0.99645,0.00003
57.88200,0.12694,0.01300,0.00283,0.98334,0.00083
57.94800,0.12693,0.01157,0.00082,0.98695,0.00066
58.01400,0.12694,0.00787,0.00092,0.99097,0.00024
58.08000,0.12693,0.00476,0.00070,0.99444,0.00010
58.14600,0.12694,0.00656,0.00136,0.99196,0.00012
58.21200,0.12693,0.00417,0.00063,0.99517,0.00004
58.27800,0.12694,0.00171,0.00034,0.99793,0.00002
58.34400,0.12693,0.00101,0.00006,0.99893,0.00001
58.41000,0.12694,0.01038,0.00119,0.98801,0.00041
58.47600,0.12693,0.00564,0.00094,0.99323,0.00019
58.54200,0.12694,0.00260,0.00070,0.99664,0.00006
58.60800,0.12693,0.00138,0.00035,0.99825,0.00001
58.67400,0.12694,0.01019,0.00180,0.98777,0.00023
58.74000,0.12693,0.00513,0.00089,0.99388,0.00010
58.80600,0.12694,0.00257,0.00039,0.99701,0.00003
58.87200,0.12693,0.00432,0.00127,0.99432,0.00009
58.93800,0.12694,0.00149,0.00026,0.99824,0.00001
59.00400,0.12693,0.00333,0.00065,0.99600,0.00002
59.07000,0.12694,0.00336,0.00020,0.99642,0.00002
59.13600,0.12693,0.00264,0.00062,0.99669,0.00006
59.20200,0.12694,0.00342,0.00139,0.99512,0.00008
59.26800,0.12693,0.00314,0.00032,0.99651,0.00003
59.33400,0.12694,0.00727,0.00146,0.99100,0.00027
59.40000,0.12694,0.00563,0.00182,0.99234,0.00020
59.46600,0.12694,0.00437,0.00174,0.99370,0.00019
59.53200,0.12694,0.00494,0.00231,0.99253,0.00022
59.59800,0.12694,0.00195,0.00074,0.99728,0.00003
59.66400,0.12694,0.00260,0.00033,0.99706,0.00001
59.73000,0.12694,0.00344,0.00021,0.99627,0.00008
59.79600,0.12694,0.00811,0.00107,0.99057,0.00026
59.86200,0.12694,0.00235,0.00006,0.99759,0.00000
59.92800,0.12694,0.00237,0.00045,0.99715,0.00003
59.99400,0.12694,0.00264,0.00080,0.99652,0.00004
60.06000,0.12694,0.00417,0.00117,0.99458,0.00008
60.12600,0.12694,0.00240,0.00103,0.99652,0.00005
60.19200,0.12694,0.00469,0.00168,0.99341,0.00022
60.25800,0.12694,0.00611,0.00119,0.99251,0.00019
60.32400,0.12694,0.00383,0.00075,0.99534,0.00008
60.39000,0.12694,0.00331,0.00073,0.99589,0.00006
60.45600,0.12694,0.00425,0.00115,0.99455,0.00006
60.52200,0.12694,0.02691,0.00810,0.96234,0.00264
60.58800,0.12694,0.00705,0.00082,0.99192,0.00021
60.65400,0.12694,0.01297,0.00234,0.98366,0.00102
60.72000,0.12694,0.00718,0.00074,0.99183,0.00025
60.78600,0.12694,0.00258,0.00056,0.99682,0.00004
60.85200,0.12694,0.00523,0.00065,0.99408,0.00004
60.91800,0.12694,0.00472,0.00123,0.99391,0.00015
60.98400,0.12694,0.00753,0.00299,0.98920,0.00028
61.05000,0.12694,0.00584,0.00081,0.99313,0.00022
61.11600,0.12694,0.00309,0.00030,0.99658,0.00003
61.18200,0.12694,0.00572,0.00080,0.99336,0.00013
61.24800,0.12694,0.01089,0.00126,0.98727,0.00058
61.31400,0.12694,0.00526,0.00145,0.99291,0.00037
61.38000,0.12694,0.00857,0.00214,0.98888,0.00041
61.44600,0.12694,0.00451,0.00107,0.99430,0.00012
61.51200,0.12694,0.00402,0.00123,0.99461,0.00014
61.57800,0.12694,0.00391,0.00069,0.99535,0.00005
61.64400,0.12694,0.00517,0.00151,0.99299,0.00033
61.71000,0.12694,0.00289,0.00102,0.99601,0.00008
61.77600,0.12694,0.00329,0.00142,0.99523,0.00006
61.84200,0.12694,0.00517,0.00235,0.99235,0.00013
61.90800,0.12694,0.00363,0.00266,0.99362,0.00009
61.97400,0.12694,0.00431,0.00078,0.99484,0.00006
62.04000,0.12694,0.00261,0.00049,0.99687,0.00003
62.10600,0.12694,0.00269,0.00043,0.99686,0.00002
62.17200,0.12694,0.00573,0.00245,0.99133,0.00049
62.23800,0.12694,0.00429,0.00161,0.99391,0.00019
62.30400,0.12694,0.00728,0.00168,0.99061,0.00043
62.37000,0.12694,0.00306,0.00040,0.99651,0.00003
62.43600,0.12694,0.00182,0.00017,0.99799,0.00002
62.50200,0.12694,0.00442,0.00105,0.99447,0.00005
62.56800,0.12694,0.00217,0.00046,0.99734,0.00002
62.63400,0.12694,0.00789,0.00665,0.98485,0.00062
62.70000,0.12694,0.00685,0.00366,0.98928,0.00021
62.76600,0.12694,0.00305,0.00058,0.99635,0.00002
62.83200,0.12694,0.00211,0.00046,0.99741,0.00002
62.89800,0.12694,0.00280,0.00057,0.99657,0.00005
62.96400,0.12694,0.00169,0.00014,0.99816,0.00001
63.03000,0.12694,0.00306,0.00058,0.99633,0.00003
63.09600,0.12694,0.00194,0.00035,0.99769,0.00001
63.16200,0.12694,0.00835,0.00321,0.98822,0.00023
63.22800,0.12694,0.00285,0.00047,0.99657,0.00010
63.29400,0.12694,0.00135,0.00026,0.99838,0.00001
63.36000,0.12694,0.00210,0.00037,0.99750,0.00003
63.42600,0.12694,0.00275,0.00043,0.99680,0.00002
63.49200,0.12694,0.00164,0.00030,0.99804,0.00002
63.55800,0.12694,0.00324,0.00147,0.99513,0.00016
63.62400,0.12694,0.00498,0.00291,0.99169,0.00042
63.69000,0.12694,0.01020,0.00537,0.98417,0.00026
63.75600,0.12694,0.00643,0.00150,0.99191,0.00016
63.82200,0.12694,0.00980,0.00241,0.98712,0.00067
63.88800,0.12694,0.00482,0.00111,0.99381,0.00026
63.95400,0.12694,0.01139,0.00666,0.98039,0.00156
64.02000,0.12694,0.00379,0.00077,0.99538,0.00006
64.08600,0.12694,0.00426,0.00059,0.99509,0.00007
64.15200,0.12694,0.00325,0.00050,0.99622,0.00003
64.21800,0.12694,0.00232,0.00093,0.99671,0.00003
64.28400,0.12694,0.00470,0.00055,0.99469,0.00006
64.35000,0.12694,0.00375,0.00041,0.99581,0.00003
64.41600,0.12694,0.00436,0.00047,0.99511,0.00006
64.48200,0.12694,0.00655,0.00139,0.99181,0.00026
64.54800,0.12694,0.00383,0.00089,0.99523,0.00006
64.61400,0.12694,0.00301,0.00070,0.99625,0.00004
64.68000,0.12694,0.00566,0.00223,0.99203,0.00008
64.74600,0.12694,0.00386,0.00122,0.99480,0.00012
64.81200,0.12694,0.00271,0.00155,0.99565,0.00009
64.87800,0.12694,0.00146,0.00020,0.99833,0.00001
64.94400,0.12694,0.00247,0.00045,0.99705,0.00003
65.01000,0.12694,0.01496,0.00570,0.97851,0.00082
65.07600,0.12694,0.00804,0.00098,0.99081,0.00017
65.14200,0.12694,0.01160,0.00227,0.98578,0.00035
65.20800,0.12694,0.00342,0.00070,0.99583,0.00004
65.27400,0.12694,0.00323,0.00034,0.99640,0.00003
65.34000,0.12694,0.00158,0.00021,0.99821,0.00001
65.40600,0.12694,0.00476,0.00083,0.99436,0.00005
65.47200,0.12694,0.00268,0.00028,0.99698,0.00006
65.53800,0.12694,0.00653,0.00300,0.99018,0.00029
65.60400,0.12694,0.01145,0.00168,0.98656,0.00030
65.67000,0.12694,0.00657,0.00135,0.99182,0.00026
65.73600,0.12694,0.00226,0.00021,0.99751,0.00001
65.80200,0.12694,0.00447,0.00060,0.99485,0.00007
65.86800,0.12694,0.00267,0.00025,0.99707,0.00002
65.93400,0.12694,0.01031,0.00302,0.98566,0.00101
66.00000,0.12694,0.00300,0.00079,0.99611,0.00010
66.06600,0.12694,0.00373,0.00047,0.99575,0.00004
66.13200,0.12693,0.00210,0.00017,0.99772,0.00002
66.19800,0.12694,0.00441,0.00090,0.99462,0.00008
66.26400,0.12694,0.00226,0.00099,0.99670,0.00005
66.33000,0.12694,0.00328,0.00102,0.99567,0.00003
66.39600,0.12693,0.00362,0.00264,0.99359,0.00015
66.46200,0.12694,0.00137,0.00027,0.99833,0.00002
66.52800,0.12694,0.00243,0.00047,0.99709,0.00002
66.59400,0.12694,0.00159,0.00013,0.99827,0.00001
66.66000,0.12693,0.00646,0.00109,0.99235,0.00010
66.72600,0.12694,0.00413,0.00125,0.99437,0.00026
66.79200,0.12694,0.00393,0.00177,0.99423,0.00007
66.85800,0.12694,0.00394,0.00087,0.99506,0.00013
66.92400,0.12693,0.00501,0.00253,0.99226,0.00020
66.99000,0.12694,0.00723,0.00358,0.98862,0.00057
67.05600,0.12694,0.00614,0.00343,0.98982,0.00061
67.12200,0.12694,0.00560,0.00490,0.98917,0.00034
67.18800,0.12693,0.00179,0.00052,0.99766,0.00003
67.25400,0.12694,0.00211,0.00068,0.99718,0.00004
67.32000,0.12694,0.01216,0.00273,0.98483,0.00027
67.38600,0.12694,0.00681,0.00094,0.99204,0.00021
67.45200,0.12693,0.00559,0.00152,0.99271,0.00018
67.51800,0.12694,0.00504,0.00150,0.99318,0.00029
67.58400,0.12694,0.00927,0.00163,0.98859,0.00051
67.65000,0.12694,0.00683,0.00161,0.99129,0.00027
67.71600,0.12694,0.00211,0.00020,0.99766,0.00003
67.78200,0.12694,0.00417,0.00186,0.99383,0.00014
67.84800,0.12694,0.00580,0.00340,0.99005,0.00075
67.91400,0.12694,0.00645,0.00073,0.99261,0.00021
67.98000,0.12694,0.00480,0.00060,0.99456,0.00004
68.04600,0.12694,0.00549,0.00062,0.99383,0.00006
68.11200,0.12694,0.00160,0.00027,0.99812,0.00001
68.17800,0.12694,0.00324,0.00076,0.99590,0.00009
68.24400,0.12694,0.00341,0.00152,0.99490,0.00017
68.31000,0.12694,0.01234,0.00751,0.97813,0.00202
68.37600,0.12694,0.00601,0.00079,0.99314,0.00006
68.44200,0.12694,0.00737,0.00050,0.99208,0.00005
68.50800,0.12694,0.00389,0.00067,0.99537,0.00007
68.57400,0.12694,0.00471,0.00304,0.99192,0.00034
68.64000,0.12694,0.00460,0.00238,0.99285,0.00017
68.70600,0.12694,0.00427,0.00046,0.99517,0.00010
68.77200,0.12694,0.00362,0.00083,0.99548,0.00007
68.83800,0.12694,0.00224,0.00072,0.99702,0.00002
68.90400,0.12694,0.00337,0.00158,0.99496,0.00009
68.97000,0.12694,0.00240,0.00110,0.99641,0.00009
69.03600,0.12694,0.00369,0.00047,0.99580,0.00004
69.10200,0.12694,0.00643,0.00149,0.99183,0.00026
69.16800,0.12694,0.00525,0.00199,0.99253,0.00022
69.23400,0.12694,0.00280,0.00063,0.99652,0.00005
69.30000,0.12694,0.00359,0.00057,0.99572,0.00011
69.36600,0.12694,0.00247,0.00025,0.99726,0.00002
69.43200,0.12694,0.00388,0.00047,0.99563,0.00002
69.49800,0.12694,0.00483,0.00132,0.99376,0.00010
69.56400,0.12694,0.00292,0.00058,0.99644,0.00006
69.63000,0.12694,0.00755,0.00118,0.99112,0.00015
69.69600,0.12694,0.00602,0.00086,0.99293,0.00019
69.76200,0.12694,0.00337,0.00055,0.99601,0.00008
69.82800,0.12694,0.00296,0.00030,0.99670,0.00004
69.89400,0.12694,0.00146,0.00007,0.99847,0.00001
69.96000,0.12694,0.00426,0.00094,0.99472,0.00008
70.02600,0.12694,0.00542,0.00194,0.99243,0.00022
70.09200,0.12694,0.00339,0.00115,0.99535,0.00011
70.15800,0.12694,0.00243,0.00040,0.99714,0.00003
70.22400,0.12694,0.00222,0.00055,0.99719,0.00003
70.29000,0.12694,0.00554,0.00127,0.99309,0.00011
70.35600,0.12694,0.00627,0.00128,0.99226,0.00019
70.42200,0.12694,0.01006,0.00211,0.98734,0.00049
70.48800,0.12694,0.00614,0.00051,0.99318,0.00017
70.55400,0.12694,0.00534,0.00089,0.99360,0.00017
70.62000,0.12694,0.00669,0.00102,0.99208,0.00021
70.68600,0.12694,0.00302,0.00043,0.99651,0.00004
70.75200,0.12694,0.00284,0.00069,0.99638,0.00009
70.81800,0.12694,0.01707,0.00531,0.97674,0.00087
70.88400,0.12694,0.00720,0.00099,0.99169,0.00012
70.95000,0.12694,0.00675,0.00069,0.99251,0.00005
71.01600,0.12694,0.00487,0.00056,0.99449,0.00008
71.08200,0.12694,0.00525,0.00159,0.99297,0.00019
71.14800,0.12694,0.00341,0.00119,0.99532,0.00008
71.21400,0.12694,0.00532,0.00227,0.99231,0.00010
71.28000,0.12694,0.00402,0.00201,0.99389,0.00008
71.34600,0.12694,0.00172,0.00041,0.99785,0.00001
71.41200,0.12694,0.00182,0.00029,0.99786,0.00003
71.47800,0.12694,0.00584,0.00112,0.99295,0.00009
71.54400,0.12694,0.00450,0.00036,0.99511,0.00004
71.61000,0.12694,0.00147,0.00012,0.99840,0.00001
71.67600,0.12694,0.00695,0.00271,0.98988,0.00046
71.74200,0.12694,0.00290,0.00045,0.99663,0.00003
71.80800,0.12694,0.00949,0.00119,0.98920,0.00013
71.87400,0.12694,0.01810,0.00870,0.97060,0.00260
71.94000,0.12694,0.06729,0.00659,0.92130,0.00482
72.00600,0.12694,0.03455,0.00137,0.96248,0.00160
72.07200,0.12694,0.07022,0.00474,0.92059,0.00446
72.13800,0.12694,0.01073,0.00122,0.98756,0.00049
72.20400,0.12694,0.00681,0.00177,0.99115,0.00027
72.27000,0.12694,0.00195,0.00035,0.99767,0.00002
72.33600,0.12694,0.02182,0.00600,0.97097,0.00120
72.40200,0.12694,0.00338,0.00044,0.99607,0.00011
72.46800,0.12694,0.00547,0.00152,0.99277,0.00024
72.53400,0.12694,0.00266,0.00093,0.99636,0.00005
72.60000,0.12694,0.00139,0.00043,0.99816,0.00002
72.66600,0.12694,0.00519,0.00002,0.99477,0.00002
72.73200,0.12694,0.15643,0.00011,0.84195,0.00151
72.79800,0.12694,0.03717,0.00001,0.96273,0.00008
72.86400,0.12694,0.01242,0.00001,0.98755,0.00002
72.93000,0.12694,0.05986,0.00035,0.93817,0.00162
72.99600,0.12694,0.00766,0.00033,0.99176,0.00025
73.06200,0.12694,0.00632,0.00197,0.99137,0.00035
73.12800,0.12694,0.00485,0.00207,0.99275,0.00033
73.19400,0.12694,0.00458,0.00487,0.99038,0.00017
73.26000,0.12694,0.00282,0.00090,0.99623,0.00005
73.32600,0.12694,0.00442,0.00048,0.99505,0.00006
73.39200,0.12694,0.00241,0.00024,0.99733,0.00002
73.45800,0.12694,0.00212,0.00042,0.99745,0.00002
73.52400,0.12694,0.00349,0.00047,0.99600,0.00003
73.59000,0.12694,0.00606,0.00250,0.99115,0.00028
73.65600,0.12694,0.00411,0.00095,0.99482,0.00012
73.72200,0.12694,0.00787,0.00248,0.98931,0.00035
73.78800,0.12694,0.00801,0.00082,0.99110,0.00008
73.85400,0.12694,0.00399,0.00053,0.99544,0.00004
73.92000,0.12694,0.00789,0.00347,0.98824,0.00040
73.98600,0.12694,0.00290,0.00093,0.99607,0.00010
74.05200,0.12694,0.00840,0.00108,0.99034,0.00018
74.11800,0.12694,0.00831,0.00068,0.99085,0.00015
74.18400,0.12694,0.00843,0.00152,0.98962,0.00044
74.25000,0.12694,0.00597,0.00166,0.99228,0.00009
74.31600,0.12694,0.00347,0.00107,0.99537,0.00008
74.38200,0.12693,0.00620,0.00111,0.99256,0.00013
74.44800,0.12694,0.00575,0.00139,0.99272,0.00014
74.51400,0.12694,0.00475,0.00098,0.99405,0.00021
74.58000,0.12694,0.01842,0.00852,0.96856,0.00450
74.64600,0.12693,0.01298,0.00517,0.97986,0.00199
74.71200,0.12694,0.00757,0.00481,0.98593,0.00169
74.77800,0.12694,0.00405,0.00097,0.99481,0.00018
74.84400,0.12694,0.00852,0.00155,0.98958,0.00035
74.91000,0.12693,0.01349,0.00356,0.98136,0.00159
74.97600,0.12694,0.00678,0.00455,0.98807,0.00059
75.04200,0.12694,0.00224,0.00023,0.99751,0.00002
75.10800,0.12694,0.01471,0.00271,0.98204,0.00053
75.17400,0.12693,0.00280,0.00025,0.99692,0.00002
75.24000,0.12694,0.00500,0.00101,0.99387,0.00012
75.30600,0.12694,0.01207,0.00127,0.98601,0.00065
75.37200,0.12694,0.00737,0.00110,0.99117,0.00036
75.43800,0.12693,0.00214,0.00014,0.99769,0.00004
75.50400,0.12694,0.00204,0.00022,0.99770,0.00005
75.57000,0.12694,0.00373,0.00037,0.99583,0.00007
75.63600,0.12694,0.00490,0.00065,0.99430,0.00016
75.70200,0.12693,0.00335,0.00055,0.99607,0.00003
75.76800,0.12694,0.00305,0.00077,0.99614,0.00003
75.83400,0.12694,0.00278,0.00019,0.99699,0.00003
75.90000,0.12694,0.00205,0.00008,0.99787,0.00001
75.96600,0.12694,0.00863,0.00092,0.99031,0.00014
76.03200,0.12694,0.00390,0.00065,0.99538,0.00007
76.09800,0.12694,0.00401,0.00081,0.99513,0.00006
76.16400,0.12694,0.00935,0.00294,0.98719,0.00052
76.23000,0.12694,0.00414,0.00073,0.99507,0.00006
76.29600,0.12694,0.00465,0.00238,0.99277,0.00021
76.36200,0.12694,0.00347,0.00085,0.99561,0.00008
76.42800,0.12694,0.00724,0.00215,0.99038,0.00023
76.49400,0.12694,0.00470,0.00092,0.99422,0.00016
76.56000,0.12694,0.00321,0.00024,0.99646,0.00009
76.62600,0.12694,0.00989,0.00179,0.98733,0.00099
76.69200,0.12694,0.00579,0.00325,0.99047,0.00050
76.75800,0.12694,0.00575,0.00535,0.98815,0.00075
76.82400,0.12694,0.00527,0.00259,0.99190,0.00024
76.89000,0.12694,0.00371,0.00163,0.99462,0.00004
76.95600,0.12694,0.00431,0.00061,0.99501,0.00006
77.02200,0.12694,0.00332,0.00091,0.99568,0.00008
77.08800,0.12694,0.00455,0.00092,0.99444,0.00008
77.15400,0.12694,0.00234,0.00033,0.99730,0.00004
77.22000,0.12694,0.02299,0.01256,0.95549,0.00896
77.28600,0.12694,0.01268,0.00238,0.98389,0.00106
77.35200,0.12694,0.00617,0.00107,0.99255,0.00022
77.41800,0.12694,0.00578,0.00123,0.99285,0.00014
77.48400,0.12694,0.00142,0.00033,0.99823,0.00001
77.55000,0.12694,0.00249,0.00063,0.99684,0.00004
77.61600,0.12694,0.00183,0.00014,0.99802,0.00001
77.68200,0.12694,0.00400,0.00053,0.99539,0.00008
77.74800,0.12694,0.00066,0.00012,0.99922,0.00000
77.81400,0.12694,0.00209,0.00049,0.99739,0.00004
77.88000,0.12694,0.00345,0.00143,0.99490,0.00023
77.94600,0.12694,0.00271,0.00051,0.99675,0.00003
78.01200,0.12694,0.00282,0.00047,0.99669,0.00001
78.07800,0.12694,0.00550,0.00299,0.99134,0.00016
78.14400,0.12694,0.00111,0.00027,0.99860,0.00002
78.21000,0.12694,0.00493,0.00175,0.99320,0.00012
78.27600,0.12694,0.00606,0.00102,0.99273,0.00019
78.34200,0.12694,0.01129,0.00180,0.98648,0.00043
78.40800,0.12694,0.00591,0.00046,0.99357,0.00006
78.47400,0.12694,0.00349,0.00044,0.99600,0.00008
78.54000,0.12694,0.00941,0.00214,0.98820,0.00025
78.60600,0.12694,0.00425,0.00093,0.99476,0.00006
78.67200,0.12694,0.00452,0.00119,0.99420,0.00009
78.73800,0.12694,0.00595,0.00073,0.99323,0.00009
78.80400,0.12694,0.00246,0.00024,0.99726,0.00004
78.87000,0.12694,0.00656,0.00173,0.99131,0.00040
78.93600,0.12694,0.00892,0.00177,0.98868,0.00063
79.00200,0.12694,0.01843,0.00330,0.97772,0.00055
79.06800,0.12694,0.00389,0.00039,0.99567,0.00006
79.13400,0.12694,0.00383,0.00060,0.99551,0.00006
79.20000,0.12694,0.00226,0.00093,0.99678,0.00004
79.26600,0.12694,0.00295,0.00042,0.99659,0.00004
79.33200,0.12694,0.00495,0.00103,0.99378,0.00024
79.39800,0.12694,0.00888,0.00083,0.98972,0.00057
79.46400,0.12694,0.00600,0.00081,0.99286,0.00033
79.53000,0.12694,0.00506,0.00186,0.99290,0.00018
79.59600,0.12694,0.00198,0.00064,0.99736,0.00003
79.66200,0.12694,0.00106,0.00031,0.99862,0.00001
79.72800,0.12694,0.00230,0.00019,0.99747,0.00003
79.79400,0.12694,0.00317,0.00032,0.99644,0.00007
79.86000,0.12694,0.00416,0.00052,0.99522,0.00010
79.92600,0.12694,0.00523,0.00313,0.99130,0.00034
79.99200,0.12694,0.00735,0.00331,0.98878,0.00057
80.05800,0.12694,0.00229,0.00078,0.99685,0.00008
80.12400,0.12694,0.00326,0.00043,0.99628,0.00003
80.19000,0.12694,0.00561,0.00035,0.99395,0.00009
80.25600,0.12694,0.00498,0.00077,0.99417,0.00008
80.32200,0.12694,0.00765,0.00424,0.98760,0.00050
80.38800,0.12694,0.00194,0.00027,0.99778,0.00002
80.45400,0.12694,0.00499,0.00214,0.99273,0.00014
80.52000,0.12694,0.00377,0.00089,0.99525,0.00009
80.58600,0.12694,0.00228,0.00093,0.99675,0.00004
80.65200,0.12694,0.01060,0.00334,0.98539,0.00068
80.71800,0.12694,0.01803,0.00277,0.97610,0.00310
80.78400,0.12694,0.00276,0.00058,0.99661,0.00005
80.85000,0.12694,0.00893,0.00569,0.98483,0.00055
80.91600,0.12694,0.00796,0.00198,0.98959,0.00047
80.98200,0.12694,0.00438,0.00086,0.99458,0.00018
81.04800,0.12694,0.00802,0.00373,0.98755,0.00070
81.11400,0.12694,0.00542,0.00063,0.99350,0.00045
81.18000,0.12694,0.00295,0.00048,0.99633,0.00024
81.24600,0.12694,0.00363,0.00023,0.99610,0.00004
81.31200,0.12694,0.00397,0.00034,0.99556,0.00013
81.37800,0.12694,0.00449,0.00088,0.99448,0.00016
81.44400,0.12694,0.00507,0.00063,0.99415,0.00015
81.51000,0.12694,0.00489,0.00075,0.99420,0.00017
81.57600,0.12694,0.00433,0.00098,0.99459,0.00010
81.64200,0.12694,0.00349,0.00100,0.99540,0.00011
81.70800,0.12694,0.00488,0.00147,0.99344,0.00020
81.77400,0.12694,0.00751,0.00138,0.99086,0.00024
81.84000,0.12694,0.00717,0.00111,0.99149,0.00024
81.90600,0.12694,0.00454,0.00259,0.99257,0.00029
81.97200,0.12694,0.00852,0.00104,0.98943,0.00101
82.03800,0.12694,0.00283,0.00012,0.99702,0.00003
82.10400,0.12694,0.00429,0.00052,0.99511,0.00008
82.17000,0.12694,0.00466,0.00127,0.99388,0.00019
82.23600,0.12694,0.01300,0.00422,0.98159,0.00119
82.30200,0.12694,0.00592,0.00145,0.99230,0.00033
82.36800,0.12694,0.00346,0.00070,0.99579,0.00005
82.43400,0.12694,0.01082,0.00421,0.98343,0.00155
82.50000,0.12694,0.00312,0.00066,0.99612,0.00010
82.56600,0.12694,0.00936,0.00130,0.98885,0.00048
82.63200,0.12693,0.00414,0.00107,0.99466,0.00013
82.69800,0.12694,0.00411,0.00064,0.99515,0.00009
82.76400,0.12694,0.00364,0.00044,0.99587,0.00005
82.83000,0.12694,0.00350,0.00178,0.99457,0.00015
82.89600,0.12693,0.00281,0.00054,0.99661,0.00004
82.96200,0.12694,0.00349,0.00055,0.99592,0.00004
83.02800,0.12694,0.00148,0.00037,0.99813,0.00002
83.09400,0.12694,0.00788,0.00587,0.98490,0.00134
83.16000,0.12693,0.00619,0.00207,0.99109,0.00066
83.22600,0.12694,0.00219,0.00015,0.99765,0.00001
83.29200,0.12694,0.00496,0.00093,0.99406,0.00005
83.35800,0.12694,0.00226,0.00039,0.99733,0.00002
83.42400,0.12693,0.00568,0.00174,0.99244,0.00014
83.49000,0.12694,0.00647,0.00303,0.99015,0.00036
83.55600,0.12694,0.00847,0.00216,0.98863,0.00074
83.62200,0.12694,0.00368,0.00152,0.99463,0.00017
83.68800,0.12693,0.00679,0.00204,0.99018,0.00099
83.75400,0.12694,0.00112,0.00019,0.99864,0.00005
83.82000,0.12694,0.00488,0.00213,0.99263,0.00036
83.88600,0.12694,0.00406,0.00154,0.99416,0.00024
83.95200,0.12693,0.00256,0.00068,0.99670,0.00007
84.01800,0.12694,0.00580,0.00158,0.99236,0.00026
84.08400,0.12694,0.00236,0.00096,0.99662,0.00006
84.15000,0.12694,0.00435,0.00249,0.99287,0.00028
84.21600,0.12694,0.00339,0.00120,0.99535,0.00006
84.28200,0.12694,0.00294,0.00101,0.99600,0.00006
84.34800,0.12694,0.00990,0.00436,0.98495,0.00080
84.41400,0.12694,0.00822,0.00625,0.98424,0.00129
84.48000,0.12694,0.00628,0.00178,0.99129,0.00065
84.54600,0.12694,0.00497,0.00043,0.99452,0.00008
84.61200,0.12694,0.00152,0.00072,0.99772,0.00004
84.67800,0.12694,0.00151,0.00023,0.99826,0.00001
84.74400,0.12694,0.00340,0.00052,0.99605,0.00003
84.81000,0.12694,0.00517,0.00074,0.99398,0.00011
84.87600,0.12694,0.00347,0.00322,0.99301,0.00030
84.94200,0.12694,0.00236,0.00071,0.99685,0.00007
85.00800,0.12694,0.00348,0.00263,0.99366,0.00022
85.07400,0.12694,0.00736,0.00397,0.98743,0.00124
85.14000,0.12694,0.00530,0.00147,0.99306,0.00017
85.20600,0.12694,0.00634,0.00272,0.99055,0.00038
85.27200,0.12694,0.00685,0.00105,0.99176,0.00033
85.33800,0.12694,0.00475,0.00112,0.99400,0.00014
85.40400,0.12694,0.00580,0.00082,0.99326,0.00013
85.47000,0.12694,0.00321,0.00044,0.99631,0.00004
85.53600,0.12694,0.00265,0.00036,0.99695,0.00005
85.60200,0.12694,0.00190,0.00036,0.99773,0.00002
85.66800,0.12694,0.01035,0.00435,0.98462,0.00069
85.73400,0.12694,0.00343,0.00123,0.99519,0.00016
85.80000,0.12694,0.00267,0.00096,0.99634,0.00003
85.86600,0.12694,0.00379,0.00038,0.99579,0.00004
85.93200,0.12694,0.00247,0.00027,0.99723,0.00002
85.99800,0.12694,0.00219,0.00059,0.99719,0.00003
86.06400,0.12694,0.00296,0.00086,0.99612,0.00006
86.13000,0.12694,0.00637,0.00112,0.99235,0.00015
86.19600,0.12694,0.00450,0.00033,0.99511,0.00005
86.26200,0.12694,0.00214,0.00011,0.99775,0.00001
86.32800,0.12694,0.00458,0.00057,0.99477,0.00008
86.39400,0.12694,0.00920,0.00387,0.98596,0.00097
86.46000,0.12694,0.00423,0.00022,0.99550,0.00005
86.52600,0.12694,0.00467,0.00108,0.99409,0.00016
86.59200,0.12694,0.00271,0.00029,0.99696,0.00003
86.65800,0.12694,0.00573,0.00067,0.99344,0.00016
86.72400,0.12694,0.00293,0.00026,0.99678,0.00002
86.79000,0.12694,0.00401,0.00200,0.99379,0.00020
86.85600,0.12694,0.00674,0.00137,0.99138,0.00050
86.92200,0.12694,0.00392,0.00033,0.99565,0.00010
86.98800,0.12694,0.00556,0.00113,0.99292,0.00038
87.05400,0.12694,0.00392,0.00283,0.99287,0.00038
87.12000,0.12694,0.00269,0.00148,0.99578,0.00005
87.18600,0.12694,0.00157,0.00023,0.99819,0.00001
87.25200,0.12694,0.00164,0.00035,0.99799,0.00002
87.31800,0.12694,0.00198,0.00120,0.99680,0.00002
87.38400,0.12694,0.00161,0.00038,0.99800,0.00002
87.45000,0.12694,0.00271,0.00057,0.99669,0.00004
87.51600,0.12694,0.00460,0.00132,0.99383,0.00025
87.58200,0.12694,0.00568,0.00162,0.99245,0.00025
87.64800,0.12694,0.00527,0.00085,0.99378,0.00009
87.71400,0.12694,0.00622,0.00138,0.99213,0.00027
87.78000,0.12694,0.00435,0.00053,0.99497,0.00016
87.84600,0.12694,0.00384,0.00052,0.99557,0.00007
87.91200,0.12694,0.00413,0.00080,0.99496,0.00011
87.97800,0.12694,0.01831,0.00665,0.97181,0.00323
88.04400,0.12694,0.00160,0.00040,0.99797,0.00003
88.11000,0.12694,0.00177,0.00018,0.99803,0.00001
88.17600,0.12694,0.00667,0.00137,0.99189,0.00006
88.24200,0.12694,0.00318,0.00078,0.99599,0.00005
88.30800,0.12694,0.00211,0.00071,0.99713,0.00005
88.37400,0.12694,0.00259,0.00037,0.99702,0.00002
88.44000,0.12694,0.00657,0.00063,0.99273,0.00007
88.50600,0.12694,0.00657,0.00228,0.99073,0.00042
88.57200,0.12694,0.00517,0.00081,0.99396,0.00006
88.63800,0.12694,0.00435,0.00077,0.99471,0.00016
88.70400,0.12694,0.01223,0.00307,0.98406,0.00064
88.77000,0.12694,0.00771,0.00259,0.98929,0.00041
88.83600,0.12694,0.00249,0.00057,0.99690,0.00003
88.90200,0.12694,0.00460,0.00114,0.99403,0.00023
88.96800,0.12694,0.00427,0.00124,0.99435,0.00015
89.03400,0.12694,0.00241,0.00086,0.99671,0.00002
89.10000,0.12694,0.00362,0.00089,0.99541,0.00008
89.16600,0.12694,0.00658,0.00205,0.99091,0.00046
89.23200,0.12694,0.00471,0.00032,0.99490,0.00007
89.29800,0.12694,0.00773,0.00170,0.99040,0.00018
89.36400,0.12694,0.00243,0.00043,0.99712,0.00002
89.43000,0.12694,0.00666,0.00125,0.99199,0.00009
89.49600,0.12694,0.00180,0.00017,0.99801,0.00001
89.56200,0.12694,0.00100,0.00009,0.99890,0.00000
89.62800,0.12694,0.00444,0.00260,0.99274,0.00022
89.69400,0.12694,0.00658,0.00175,0.99143,0.00024
89.76000,0.12694,0.00454,0.00078,0.99459,0.00009
89.82600,0.12694,0.00212,0.00066,0.99720,0.00003
89.89200,0.12694,0.00388,0.00174,0.99427,0.00011
89.95800,0.12694,0.00467,0.00178,0.99325,0.00030
90.02400,0.12694,0.00285,0.00056,0.99656,0.00003
90.09000,0.12694,0.00146,0.00014,0.99839,0.00001
90.15600,0.12694,0.00301,0.00078,0.99611,0.00010
90.22200,0.12694,0.00301,0.00035,0.99661,0.00003
90.28800,0.12694,0.00258,0.00013,0.99726,0.00003
90.35400,0.12694,0.00371,0.00023,0.99603,0.00003
90.42000,0.12694,0.00554,0.00108,0.99329,0.00009
90.48600,0.12694,0.00321,0.00087,0.99585,0.00006
90.55200,0.12694,0.01087,0.01385,0.97293,0.00235
90.61800,0.12694,0.00104,0.00015,0.99880,0.00001
90.68400,0.12694,0.00447,0.00146,0.99395,0.00012
90.75000,0.12694,0.00449,0.00094,0.99447,0.00010
90.81600,0.12694,0.00893,0.00186,0.98892,0.00028
90.88200,0.12693,0.00725,0.00413,0.98769,0.00092
90.94800,0.12694,0.00412,0.00206,0.99365,0.00016
91.01400,0.12694,0.00140,0.00047,0.99811,0.00002
91.08000,0.12694,0.00439,0.00359,0.99176,0.00027
91.14600,0.12693,0.00318,0.00251,0.99415,0.00016
91.21200,0.12694,0.00450,0.00087,0.99452,0.00011
91.27800,0.12694,0.00361,0.00029,0.99604,0.00006
91.34400,0.12694,0.00545,0.00161,0.99275,0.00019
91.41000,0.12693,0.00582,0.00120,0.99279,0.00019
91.47600,0.12694,0.00322,0.00027,0.99647,0.00004
91.54200,0.12694,0.00598,0.00245,0.99113,0.00044
91.60800,0.12694,0.00451,0.00181,0.99346,0.00022
91.67400,0.12693,0.00191,0.00051,0.99757,0.00001
91.74000,0.12694,0.02002,0.00870,0.97089,0.00039
91.80600,0.12694,0.01213,0.00203,0.98544,0.00040
91.87200,0.12694,0.00285,0.00039,0.99671,0.00004
91.93800,0.12693,0.00680,0.00122,0.99170,0.00028
92.00400,0.12694,0.00117,0.00012,0.99870,0.00001
92.07000,0.12694,0.00222,0.00052,0.99721,0.00005
92.13600,0.12694,0.00320,0.00206,0.99456,0.00018
92.20200,0.12693,0.00257,0.00048,0.99688,0.00008
92.26800,0.12694,0.00273,0.00080,0.99641,0.00006
92.33400,0.12694,0.00329,0.00178,0.99486,0.00008
92.40000,0.12694,0.00419,0.00059,0.99518,0.00004
92.46600,0.12694,0.00378,0.00060,0.99560,0.00002
92.53200,0.12694,0.00517,0.00048,0.99430,0.00005
92.59800,0.12694,0.00110,0.00005,0.99884,0.00000
92.66400,0.12694,0.00137,0.00039,0.99822,0.00002
92.73000,0.12694,0.00218,0.00061,0.99718,0.00004
92.79600,0.12694,0.00404,0.00156,0.99430,0.00009
92.86200,0.12694,0.00342,0.00047,0.99602,0.00009
92.92800,0.12694,0.00495,0.00097,0.99400,0.00009
92.99400,0.12694,0.00474,0.00038,0.99479,0.00010
93.06000,0.12694,0.00238,0.00016,0.99743,0.00002
93.12600,0.12694,0.00312,0.00022,0.99663,0.00003
93.19200,0.12694,0.00169,0.00022,0.99808,0.00001
93.25800,0.12694,0.00638,0.00446,0.98875,0.00040
93.32400,0.12694,0.00331,0.00100,0.99562,0.00007
93.39000,0.12694,0.00543,0.00184,0.99234,0.00038
93.45600,0.12694,0.00286,0.00055,0.99647,0.00011
93.52200,0.12694,0.00273,0.00013,0.99712,0.00002
93.58800,0.12694,0.01283,0.00126,0.98543,0.00048
93.65400,0.12694,0.00430,0.00049,0.99510,0.00010
93.72000,0.12694,0.00308,0.00108,0.99577,0.00008
93.78600,0.12694,0.00465,0.00153,0.99356,0.00025
93.85200,0.12694,0.00383,0.00073,0.99534,0.00010
93.91800,0.12694,0.00268,0.00044,0.99686,0.00002
93.98400,0.12694,0.00098,0.00022,0.99879,0.00001
94.05000,0.12694,0.00384,0.00367,0.99242,0.00007
94.11600,0.12694,0.00387,0.00124,0.99483,0.00006
94.18200,0.12694,0.00135,0.00030,0.99835,0.00001
94.24800,0.12694,0.00272,0.00082,0.99642,0.00004
94.31400,0.12694,0.00363,0.00047,0.99572,0.00018
94.38000,0.12694,0.00749,0.00342,0.98877,0.00032
94.44600,0.12694,0.00418,0.00086,0.99491,0.00005
94.51200,0.12694,0.00129,0.00030,0.99840,0.00001
94.57800,0.12694,0.01490,0.00396,0.98037,0.00077
94.64400,0.12694,0.01602,0.00193,0.98114,0.00092
94.71000,0.12694,0.00311,0.00051,0.99628,0.00010
94.77600,0.12694,0.00506,0.00112,0.99373,0.00009
94.84200,0.12694,0.01193,0.00109,0.98630,0.00068
94.90800,0.12694,0.00861,0.00269,0.98830,0.00040
94.97400,0.12694,0.00257,0.00033,0.99708,0.00002
95.04000,0.12694,0.00910,0.00213,0.98814,0.00062
95.10600,0.12694,0.00871,0.00087,0.99009,0.00033
95.17200,0.12694,0.00492,0.00029,0.99468,0.00011
95.23800,0.12694,0.00405,0.00048,0.99529,0.00018
95.30400,0.12694,0.00364,0.00057,0.99571,0.00008
95.37000,0.12694,0.00719,0.00111,0.99135,0.00036
95.43600,0.12694,0.00501,0.00220,0.99252,0.00027
95.50200,0.12694,0.00308,0.00102,0.99573,0.00018
95.56800,0.12694,0.00360,0.00092,0.99543,0.00005
95.63400,0.12694,0.00236,0.00043,0.99716,0.00006
95.70000,0.12694,0.00220,0.00068,0.99708,0.00005
95.76600,0.12694,0.00801,0.00258,0.98910,0.00031
95.83200,0.12694,0.00525,0.00081,0.99387,0.00006
95.89800,0.12694,0.00338,0.00056,0.99600,0.00006
95.96400,0.12694,0.00559,0.00184,0.99188,0.00070
96.03000,0.12694,0.00554,0.00120,0.99310,0.00016
96.09600,0.12694,0.00428,0.00135,0.99423,0.00014
96.16200,0.12694,0.00661,0.00260,0.99048,0.00031
96.22800,0.12694,0.00520,0.00224,0.99231,0.00025
96.29400,0.12694,0.00411,0.00119,0.99465,0.00005
96.36000,0.12694,0.00377,0.00064,0.99554,0.00005
96.42600,0.12694,0.00533,0.00266,0.99173,0.00028
96.49200,0.12694,0.00279,0.00159,0.99540,0.00022
96.55800,0.12694,0.00561,0.00238,0.99187,0.00014
96.62400,0.12694,0.00445,0.00036,0.99515,0.00004
96.69000,0.12694,0.00900,0.00090,0.98997,0.00014
96.75600,0.12694,0.00585,0.00169,0.99231,0.00014
96.82200,0.12694,0.00252,0.00034,0.99711,0.00004
96.88800,0.12694,0.00309,0.00075,0.99613,0.00003
96.95400,0.12694,0.00518,0.00052,0.99425,0.00005
97.02000,0.12694,0.00328,0.00030,0.99635,0.00007
97.08600,0.12694,0.00493,0.00138,0.99354,0.00015
97.15200,0.12694,0.00361,0.00088,0.99537,0.00013
97.21800,0.12694,0.01144,0.00549,0.98154,0.00153
97.28400,0.12694,0.01445,0.00476,0.97972,0.00107
97.35000,0.12694,0.00397,0.00211,0.99369,0.00023
97.41600,0.12694,0.00316,0.00112,0.99567,0.00005
97.48200,0.12694,0.00901,0.00236,0.98845,0.00017
97.54800,0.12694,0.00178,0.00039,0.99781,0.00002
97.61400,0.12694,0.00282,0.00066,0.99648,0.00003
97.68000,0.12694,0.00442,0.00168,0.99362,0.00028
97.74600,0.12694,0.00226,0.00229,0.99532,0.00013
97.81200,0.12694,0.00223,0.00060,0.99716,0.00002
97.87800,0.12694,0.00184,0.00013,0.99802,0.00001
97.94400,0.12694,0.00405,0.00108,0.99477,0.00010
98.01000,0.12694,0.00383,0.00083,0.99517,0.00017
98.07600,0.12694,0.00654,0.00281,0.99017,0.00048
98.14200,0.12694,0.00822,0.00593,0.98462,0.00122
98.20800,0.12694,0.00483,0.00196,0.99279,0.00042
98.27400,0.12694,0.00497,0.00143,0.99346,0.00014
98.34000,0.12694,0.00349,0.00096,0.99545,0.00010
98.40600,0.12694,0.00239,0.00067,0.99692,0.00002
98.47200,0.12694,0.00172,0.00017,0.99811,0.00001
98.53800,0.12694,0.00254,0.00078,0.99664,0.00004
98.60400,0.12694,0.00267,0.00048,0.99676,0.00009
98.67000,0.12694,0.00749,0.00240,0.98978,0.00033
98.73600,0.12694,0.00080,0.00009,0.99910,0.00001
98.80200,0.12694,0.00271,0.00217,0.99509,0.00003
98.86800,0.12694,0.00513,0.00166,0.99314,0.00007
98.93400,0.12694,0.00754,0.00279,0.98948,0.00019
99.00000,0.12694,0.00964,0.00270,0.98745,0.00022
99.06600,0.12694,0.01159,0.00197,0.98612,0.00032
99.13200,0.12693,0.00490,0.00211,0.99290,0.00010
99.19800,0.12694,0.00238,0.00094,0.99666,0.00003
99.26400,0.12694,0.00292,0.00292,0.99408,0.00008
99.33000,0.12694,0.00268,0.00190,0.99538,0.00004
99.39600,0.12693,0.00568,0.00074,0.99347,0.00012
99.46200,0.12694,0.00496,0.00206,0.99268,0.00030
99.52800,0.12694,0.00603,0.00290,0.99091,0.00017
99.59400,0.12694,0.00706,0.00372,0.98909,0.00013
99.66000,0.12693,0.00337,0.00051,0.99610,0.00002
99.72600,0.12694,0.00284,0.00006,0.99710,0.00000
99.79200,0.12694,0.00332,0.00006,0.99662,0.00000
99.85800,0.12694,0.00144,0.00008,0.99848,0.00000
99.92400,0.12693,0.00125,0.00005,0.99870,0.00000
99.99000,0.12694,0.00349,0.00025,0.99625,0.00001
100.05600,0.12694,0.00213,0.00005,0.99782,0.00000
100.12200,0.12694,0.00360,0.00023,0.99613,0.00004
100.18800,0.12693,0.00210,0.00009,0.99781,0.00001
100.25400,0.12694,0.00160,0.00007,0.99831,0.00003
100.32000,0.12694,0.00127,0.00003,0.99869,0.00001
100.38600,0.12694,0.00364,0.00018,0.99607,0.00011
100.45200,0.12693,0.00365,0.00021,0.99603,0.00011
100.51800,0.12694,0.00196,0.00003,0.99800,0.00001
100.58400,0.12694,0.00343,0.00003,0.99653,0.00001
100.65000,0.12694,0.00216,0.00005,0.99777,0.00001
100.71600,0.12694,0.00071,0.00003,0.99926,0.00000
100.78200,0.12694,0.00119,0.00003,0.99878,0.00000
100.84800,0.12694,0.00212,0.00003,0.99785,0.00001
100.91400,0.12694,0.00256,0.00007,0.99732,0.00004
100.98000,0.12694,0.00151,0.00001,0.99848,0.00000
101.04600,0.12694,0.00327,0.00003,0.99669,0.00001
101.11200,0.12694,0.00033,0.00000,0.99967,0.00000
101.17800,0.12694,0.00182,0.00001,0.99816,0.00000
101.24400,0.12694,0.00080,0.00000,0.99920,0.00000
101.31000,0.12694,0.00104,0.00000,0.99896,0.00000
101.37600,0.12694,0.00159,0.00000,0.99840,0.00000
101.44200,0.12694,0.00324,0.00001,0.99675,0.00000
101.50800,0.12694,0.00119,0.00001,0.99880,0.00000
101.57400,0.12694,0.00238,0.00002,0.99760,0.00000
101.64000,0.12694,0.00119,0.00000,0.99880,0.00000
101.70600,0.12694,0.00027,0.00000,0.99973,0.00000
101.77200,0.12694,0.00040,0.00000,0.99960,0.00000
101.83800,0.12694,0.00102,0.00001,0.99897,0.00000
101.90400,0.12694,0.00107,0.00000,0.99893,0.00000
101.97000,0.12694,0.00193,0.00000,0.99807,0.00000
102.03600,0.12694,0.00219,0.00000,0.99781,0.00000
102.10200,0.12694,0.00087,0.00000,0.99912,0.00000
102.16800,0.12694,0.00111,0.00000,0.99889,0.00000
102.23400,0.12694,0.00219,0.00001,0.99780,0.00000
102.30000,0.12694,0.00369,0.00003,0.99627,0.00001
102.36600,0.12694,0.00070,0.00001,0.99929,0.00000
102.43200,0.12694,0.00121,0.00000,0.99879,0.00000
102.49800,0.12694,0.00099,0.00000,0.99901,0.00000
102.56400,0.12694,0.00103,0.00000,0.99896,0.00000
102.63000,0.12694,0.00292,0.00004,0.99703,0.00001
102.69600,0.12694,0.00049,0.00000,0.99951,0.00000
102.76200,0.12694,0.00081,0.00000,0.99919,0.00000
102.82800,0.12694,0.00180,0.00000,0.99820,0.00000
102.89400,0.12694,0.00088,0.00000,0.99911,0.00000
102.96000,0.12694,0.00036,0.00000,0.99964,0.00000
103.02600,0.12694,0.00345,0.00003,0.99651,0.00001
103.09200,0.12694,0.00245,0.00001,0.99754,0.00000
103.15800,0.12694,0.00130,0.00000,0.99869,0.00000
103.22400,0.12694,0.00176,0.00000,0.99824,0.00000
103.29000,0.12694,0.00111,0.00000,0.99888,0.00000
103.35600,0.12694,0.00141,0.00000,0.99859,0.00000
103.42200,0.12694,0.00302,0.00001,0.99697,0.00000
103.48800,0.12694,0.00180,0.00001,0.99820,0.00000
103.55400,0.12694,0.00339,0.00002,0.99659,0.00001
103.62000,0.12694,0.00235,0.00001,0.99763,0.00000
103.68600,0.12694,0.00084,0.00001,0.99915,0.00000
103.75200,0.12694,0.00163,0.00001,0.99836,0.00000
103.81800,0.12694,0.00070,0.00001,0.99929,0.00000
103.88400,0.12694,0.00036,0.00000,0.99964,0.00000
103.95000,0.12694,0.00114,0.00001,0.99885,0.00000
104.01600,0.12694,0.00066,0.00000,0.99933,0.00000
104.08200,0.12694,0.00179,0.00002,0.99819,0.00000
104.14800,0.12694,0.00052,0.00000,0.99947,0.00000
104.21400,0.12694,0.00072,0.00000,0.99928,0.00000
104.28000,0.12694,0.00106,0.00001,0.99894,0.00000
104.34600,0.12694,0.00082,0.00000,0.99917,0.00000
104.41200,0.12694,0.00198,0.00001,0.99801,0.00000
104.47800,0.12694,0.00081,0.00000,0.99919,0.00000
104.54400,0.12694,0.00088,0.00000,0.99912,0.00000
104.61000,0.12694,0.00145,0.00000,0.99855,0.00000
104.67600,0.12694,0.00135,0.00000,0.99865,0.00000
104.74200,0.12694,0.00310,0.00001,0.99688,0.00001
104.80800,0.12694,0.00110,0.00000,0.99890,0.00000
104.87400,0.12694,0.00099,0.00000,0.99901,0.00000
104.94000,0.12694,0.00179,0.00000,0.99820,0.00000
105.00600,0.12694,0.00122,0.00000,0.99877,0.00000
105.07200,0.12694,0.00156,0.00000,0.99844,0.00000
105.13800,0.12694,0.00237,0.00001,0.99762,0.00001
105.20400,0.12694,0.00127,0.00001,0.99872,0.00000
105.27000,0.12694,0.00089,0.00000,0.99910,0.00000
105.33600,0.12694,0.00054,0.00000,0.99946,0.00000
105.40200,0.12694,0.00097,0.00000,0.99903,0.00000
105.46800,0.12694,0.00113,0.00002,0.99885,0.00000
105.53400,0.12694,0.00023,0.00000,0.99977,0.00000
105.60000,0.12694,0.00101,0.00004,0.99895,0.00000
105.66600,0.12694,0.00100,0.00003,0.99897,0.00000
105.73200,0.12694,0.00070,0.00001,0.99929,0.00000
105.79800,0.12694,0.00075,0.00001,0.99924,0.00000
105.86400,0.12694,0.00051,0.00001,0.99947,0.00000
105.93000,0.12694,0.00051,0.00001,0.99948,0.00000
105.99600,0.12694,0.00245,0.00008,0.99746,0.00001
106.06200,0.12694,0.00108,0.00005,0.99886,0.00000
106.12800,0.12694,0.00117,0.00013,0.99870,0.00000
106.19400,0.12694,0.00027,0.00001,0.99972,0.00000
106.26000,0.12694,0.00051,0.00002,0.99947,0.00000
106.32600,0.12694,0.00199,0.00015,0.99784,0.00002
106.39200,0.12694,0.00260,0.00023,0.99716,0.00001
106.45800,0.12694,0.00091,0.00004,0.99905,0.00000
106.52400,0.12694,0.00385,0.00025,0.99589,0.00001
106.59000,0.12694,0.00249,0.00011,0.99739,0.00000
106.65600,0.12694,0.01121,0.00242,0.98627,0.00010
106.72200,0.12694,0.00632,0.00063,0.99303,0.00002
106.78800,0.12694,0.03242,0.00686,0.95991,0.00081
106.85400,0.12694,0.00798,0.00027,0.99172,0.00002
106.92000,0.12694,0.00768,0.00062,0.99168,0.00002
106.98600,0.12694,0.00420,0.00015,0.99565,0.00000
107.05200,0.12694,0.00858,0.00102,0.99037,0.00003
107.11800,0.12694,0.01680,0.00039,0.98276,0.00005
107.18400,0.12694,0.10106,0.00250,0.89449,0.00195
107.25000,0.12694,0.06296,0.00101,0.93514,0.00089
107.31600,0.12694,0.14262,0.00038,0.85538,0.00162
107.38200,0.12693,0.16709,0.00097,0.82624,0.00570
107.44800,0.12694,0.89766,0.00014,0.09480,0.00740
107.51400,0.12694,0.91474,0.00039,0.06063,0.02424
107.58000,0.12694,0.50175,0.00166,0.46463,0.03196
107.64600,0.12693,0.34725,0.00019,0.64840,0.00416
107.71200,0.12694,0.36716,0.00003,0.63131,0.00150
107.77800,0.12694,0.17812,0.00013,0.82024,0.00151
107.84400,0.12694,0.39262,0.00070,0.59615,0.01053
107.91000,0.12693,0.83175,0.00278,0.11304,0.05243
107.97600,0.12694,0.55935,0.01458,0.38926,0.03682
108.04200,0.12694,0.39404,0.00381,0.56547,0.03668
108.10800,0.12694,0.43872,0.00385,0.51371,0.04373
108.17400,0.12693,0.73306,0.00236,0.20488,0.05969
108.24000,0.12694,0.87856,0.00072,0.07639,0.04433
108.30600,0.12694,0.90449,0.00497,0.00984,0.08070
108.37200,0.12694,0.99865,0.00000,0.00117,0.00019
108.43800,0.12693,0.99994,0.00000,0.00006,0.00000
108.50400,0.12694,0.99996,0.00000,0.00004,0.00000
108.57000,0.12694,0.99998,0.00000,0.00002,0.00000
108.63600,0.12694,0.99999,0.00000,0.00001,0.00000
108.70200,0.12693,0.99999,0.00000,0.00001,0.00000
108.76800,0.12694,0.99994,0.00000,0.00006,0.00000
108.83400,0.12694,0.99984,0.00000,0.00015,0.00001
108.90000,0.12694,0.99996,0.00000,0.00004,0.00000
108.96600,0.12694,0.99997,0.00000,0.00003,0.00000
