Time (seconds), Duration (seconds),pred_(unlabeled),pred_brushing_teeth,pred_hair_drying,pred_showering
0.00000,1.02194,1.00000,0.00000,0.00000,0.00000
0.14000,1.02194,1.00000,0.00000,0.00000,0.00000
0.28000,1.02194,1.00000,0.00000,0.00000,0.00000
0.42000,1.02194,1.00000,0.00000,0.00000,0.00000
0.56000,1.02194,1.00000,0.00000,0.00000,0.00000
0.70000,1.02194,1.00000,0.00000,0.00000,0.00000
0.84000,1.02194,1.00000,0.00000,0.00000,0.00000
0.98000,1.02194,1.00000,0.00000,0.00000,0.00000
1.12000,1.02194,1.00000,0.00000,0.00000,0.00000
1.26000,1.02194,1.00000,0.00000,0.00000,0.00000
1.40000,1.02194,1.00000,0.00000,0.00000,0.00000
1.54000,1.02194,1.00000,0.00000,0.00000,0.00000
1.68000,1.02194,1.00000,0.00000,0.00000,0.00000
1.82000,1.02194,1.00000,0.00000,0.00000,0.00000
1.96000,1.02194,1.00000,0.00000,0.00000,0.00000
2.10000,1.02194,1.00000,0.00000,0.00000,0.00000
2.24000,1.02194,1.00000,0.00000,0.00000,0.00000
2.38000,1.02194,1.00000,0.00000,0.00000,0.00000
2.52000,1.02194,1.00000,0.00000,0.00000,0.00000
2.66000,1.02194,1.00000,0.00000,0.00000,0.00000
2.80000,1.02194,1.00000,0.00000,0.00000,0.00000
2.94000,1.02194,0.99999,0.00000,0.00000,0.00001
3.08000,1.02194,0.99996,0.00000,0.00000,0.00004
3.22000,1.02194,0.99976,0.00000,0.00000,0.00024
3.36000,1.02194,0.99826,0.00001,0.00001,0.00172
3.50000,1.02194,0.99352,0.00082,0.00010,0.00556
3.64000,1.02194,0.87573,0.09927,0.00077,0.02423
3.78000,1.02194,0.40696,0.58505,0.00039,0.00760
3.92000,1.02194,0.00541,0.99431,0.00003,0.00024
4.06000,1.02194,0.00369,0.99620,0.00002,0.00010
4.20000,1.02194,0.00280,0.99715,0.00001,0.00004
4.34000,1.02194,0.00225,0.99773,0.00000,0.00002
4.48000,1.02194,0.00184,0.99815,0.00000,0.00001
4.62000,1.02194,0.00229,0.99769,0.00000,0.00002
4.76000,1.02194,0.00295,0.99700,0.00001,0.00005
4.90000,1.02194,0.00357,0.99635,0.00001,0.00007
5.04000,1.02194,0.00595,0.99370,0.00005,0.00030
5.18000,1.02194,0.00652,0.99289,0.00007,0.00052
5.32000,1.02194,0.01227,0.98282,0.00027,0.00465
5.46000,1.02194,0.01654,0.96398,0.00063,0.01885
5.60000,1.02194,0.01156,0.98275,0.00037,0.00532
5.74000,1.02194,0.00946,0.98684,0.00015,0.00355
5.88000,1.02194,0.00810,0.98902,0.00012,0.00276
6.02000,1.02194,0.00603,0.99277,0.00005,0.00115
6.16000,1.02194,0.00628,0.99235,0.00006,0.00131
6.30000,1.02194,0.00399,0.99574,0.00004,0.00024
6.44000,1.02194,0.00397,0.99584,0.00002,0.00017
6.58000,1.02194,0.00389,0.99590,0.00003,0.00018
6.72000,1.02194,0.00314,0.99677,0.00001,0.00008
6.86000,1.02194,0.00443,0.99541,0.00002,0.00014
7.00000,1.02194,0.00304,0.99691,0.00001,0.00004
7.14000,1.02194,0.00335,0.99659,0.00001,0.00005
7.28000,1.02194,0.00319,0.99676,0.00001,0.00004
7.42000,1.02194,0.00310,0.99685,0.00001,0.00004
7.56000,1.02194,0.00367,0.99626,0.00001,0.00006
7.70000,1.02194,0.00372,0.99619,0.00002,0.00008
7.84000,1.02194,0.00330,0.99662,0.00001,0.00006
7.98000,1.02194,0.00420,0.99562,0.00003,0.00015
8.12000,1.02194,0.00471,0.99498,0.00005,0.00027
8.26000,1.02194,0.00554,0.99394,0.00008,0.00045
8.40000,1.02194,0.00924,0.98809,0.00026,0.00240
8.54000,1.02194,0.00980,0.98440,0.00038,0.00541
8.68000,1.02194,0.01209,0.97644,0.00065,0.01081
8.82000,1.02194,0.01041,0.98369,0.00041,0.00548
8.96000,1.02194,0.00788,0.98973,0.00017,0.00221
9.10000,1.02194,0.00588,0.99311,0.00006,0.00095
9.24000,1.02194,0.00586,0.99341,0.00005,0.00068
9.38000,1.02194,0.00336,0.99655,0.00002,0.00008
9.52000,1.02194,0.00200,0.99799,0.00000,0.00001
9.66000,1.02194,0.00152,0.99847,0.00000,0.00001
9.80000,1.02194,0.00176,0.99823,0.00000,0.00001
9.94000,1.02194,0.00218,0.99780,0.00000,0.00002
10.08000,1.02194,0.00237,0.99761,0.00001,0.00002
10.22000,1.02194,0.00181,0.99818,0.00000,0.00001
10.36000,1.02194,0.00134,0.99866,0.00000,0.00000
10.50000,1.02194,0.00162,0.99837,0.00000,0.00000
10.64000,1.02194,0.00109,0.99891,0.00000,0.00000
10.78000,1.02194,0.00076,0.99924,0.00000,0.00000
10.92000,1.02194,0.00056,0.99944,0.00000,0.00000
11.06000,1.02194,0.00053,0.99947,0.00000,0.00000
11.20000,1.02194,0.00074,0.99925,0.00000,0.00000
11.34000,1.02194,0.00108,0.99891,0.00000,0.00000
11.48000,1.02194,0.00172,0.99827,0.00000,0.00001
11.62000,1.02194,0.00302,0.99688,0.00001,0.00009
11.76000,1.02194,0.00917,0.98881,0.00007,0.00195
11.90000,1.02194,0.01671,0.96597,0.00034,0.01698
12.04000,1.02194,0.02016,0.94261,0.00069,0.03654
12.18000,1.02194,0.02118,0.90091,0.00082,0.07709
12.32000,1.02194,0.02217,0.82980,0.00077,0.14726
12.46000,1.02194,0.02423,0.71755,0.00089,0.25734
12.60000,1.02194,0.01983,0.87380,0.00101,0.10536
12.74000,1.02194,0.01153,0.96866,0.00034,0.01946
12.88000,1.02194,0.01008,0.97606,0.00022,0.01364
13.02000,1.02194,0.01218,0.96261,0.00025,0.02496
13.16000,1.02194,0.01222,0.96545,0.00027,0.02206
13.30000,1.02194,0.01043,0.97833,0.00026,0.01098
13.44000,1.02194,0.00934,0.98513,0.00024,0.00530
13.58000,1.02194,0.01121,0.97687,0.00040,0.01152
13.72000,1.02194,0.01482,0.94525,0.00069,0.03924
13.86000,1.02194,0.02106,0.88409,0.00110,0.09375
14.00000,1.02194,0.02552,0.88248,0.00109,0.09091
14.14000,1.02194,0.02036,0.93071,0.00060,0.04832
14.28000,1.02194,0.01588,0.96292,0.00031,0.02089
14.42000,1.02194,0.01767,0.95408,0.00041,0.02783
14.56000,1.02194,0.02102,0.92433,0.00052,0.05414
14.70000,1.02194,0.02096,0.94329,0.00039,0.03536
14.84000,1.02194,0.01300,0.98018,0.00017,0.00665
14.98000,1.02194,0.00812,0.98908,0.00007,0.00273
15.12000,1.02194,0.00884,0.98548,0.00011,0.00557
15.26000,1.02194,0.00776,0.98913,0.00006,0.00305
15.40000,1.02194,0.00438,0.99525,0.00001,0.00036
15.54000,1.02194,0.00226,0.99770,0.00000,0.00004
15.68000,1.02194,0.00136,0.99864,0.00000,0.00001
15.82000,1.02194,0.00134,0.99866,0.00000,0.00000
15.96000,1.02194,0.00070,0.99930,0.00000,0.00000
16.10000,1.02194,0.00054,0.99946,0.00000,0.00000
16.24000,1.02194,0.00084,0.99916,0.00000,0.00000
16.38000,1.02194,0.00126,0.99874,0.00000,0.00000
16.52000,1.02194,0.00204,0.99794,0.00001,0.00002
16.66000,1.02194,0.00300,0.99691,0.00002,0.00007
16.80000,1.02194,0.00376,0.99609,0.00003,0.00012
16.94000,1.02194,0.00389,0.99594,0.00003,0.00014
17.08000,1.02194,0.00306,0.99685,0.00002,0.00007
17.22000,1.02194,0.00188,0.99811,0.00000,0.00001
17.36000,1.02194,0.00127,0.99873,0.00000,0.00000
17.50000,1.02194,0.00109,0.99891,0.00000,0.00000
17.64000,1.02194,0.00088,0.99912,0.00000,0.00000
17.78000,1.02194,0.00081,0.99919,0.00000,0.00000
17.92000,1.02194,0.00077,0.99923,0.00000,0.00000
18.06000,1.02194,0.00098,0.99902,0.00000,0.00000
18.20000,1.02194,0.00128,0.99871,0.00000,0.00001
18.34000,1.02194,0.00169,0.99830,0.00000,0.00001
18.48000,1.02194,0.00145,0.99854,0.00000,0.00001
18.62000,1.02194,0.00139,0.99860,0.00000,0.00001
18.76000,1.02194,0.00171,0.99828,0.00000,0.00001
18.90000,1.02194,0.00163,0.99835,0.00000,0.00001
19.04000,1.02194,0.00114,0.99886,0.00000,0.00000
19.18000,1.02194,0.00082,0.99918,0.00000,0.00000
19.32000,1.02194,0.00059,0.99941,0.00000,0.00000
19.46000,1.02194,0.00053,0.99947,0.00000,0.00000
19.60000,1.02194,0.00045,0.99955,0.00000,0.00000
19.74000,1.02194,0.00057,0.99943,0.00000,0.00000
19.88000,1.02194,0.00091,0.99909,0.00000,0.00000
20.02000,1.02194,0.00172,0.99827,0.00000,0.00001
20.16000,1.02194,0.00282,0.99714,0.00001,0.00003
20.30000,1.02194,0.00494,0.99488,0.00005,0.00012
20.44000,1.02194,0.01040,0.98827,0.00035,0.00098
20.58000,1.02194,0.01671,0.97703,0.00146,0.00480
20.72000,1.02194,0.02231,0.96054,0.00158,0.01557
20.86000,1.02194,0.02050,0.95384,0.00159,0.02408
21.00000,1.02194,0.02237,0.93744,0.00141,0.03878
21.14000,1.02194,0.01683,0.94832,0.00125,0.03361
21.28000,1.02194,0.01816,0.94763,0.00087,0.03334
21.42000,1.02194,0.01490,0.94692,0.00062,0.03756
21.56000,1.02194,0.01280,0.95608,0.00054,0.03058
21.70000,1.02194,0.00978,0.98027,0.00036,0.00959
21.84000,1.02194,0.00753,0.98804,0.00023,0.00420
21.98000,1.02194,0.00751,0.98856,0.00022,0.00372
22.12000,1.02194,0.00764,0.98758,0.00024,0.00455
22.26000,1.02194,0.00991,0.97997,0.00033,0.00979
22.40000,1.02194,0.00865,0.98467,0.00029,0.00639
22.54000,1.02194,0.00772,0.98717,0.00021,0.00490
22.68000,1.02194,0.01081,0.96614,0.00037,0.02268
22.82000,1.02194,0.01230,0.95180,0.00044,0.03545
22.96000,1.02194,0.01081,0.96539,0.00038,0.02341
23.10000,1.02194,0.01132,0.96503,0.00042,0.02323
23.24000,1.02194,0.00992,0.97298,0.00028,0.01682
23.38000,1.02194,0.01249,0.94528,0.00037,0.04186
23.52000,1.02194,0.01269,0.95247,0.00038,0.03445
23.66000,1.02194,0.01345,0.94260,0.00039,0.04356
23.80000,1.02194,0.01215,0.95488,0.00028,0.03268
23.94000,1.02194,0.01037,0.96978,0.00019,0.01966
24.08000,1.02194,0.01294,0.95281,0.00018,0.03406
24.22000,1.02194,0.00812,0.98730,0.00005,0.00453
24.36000,1.02194,0.00327,0.99655,0.00001,0.00017
24.50000,1.02194,0.00228,0.99769,0.00000,0.00003
24.64000,1.02194,0.00120,0.99880,0.00000,0.00000
24.78000,1.02194,0.00097,0.99903,0.00000,0.00000
24.92000,1.02194,0.00080,0.99920,0.00000,0.00000
25.06000,1.02194,0.00065,0.99935,0.00000,0.00000
25.20000,1.02194,0.00064,0.99936,0.00000,0.00000
25.34000,1.02194,0.00083,0.99917,0.00000,0.00000
25.48000,1.02194,0.00084,0.99916,0.00000,0.00000
25.62000,1.02194,0.00094,0.99906,0.00000,0.00000
25.76000,1.02194,0.00086,0.99914,0.00000,0.00000
25.90000,1.02194,0.00101,0.99899,0.00000,0.00000
26.04000,1.02194,0.00142,0.99857,0.00000,0.00001
26.18000,1.02194,0.00244,0.99752,0.00000,0.00003
26.32000,1.02194,0.00275,0.99720,0.00000,0.00005
26.46000,1.02194,0.00252,0.99744,0.00000,0.00004
26.60000,1.02194,0.00291,0.99702,0.00000,0.00006
26.74000,1.02194,0.00456,0.99510,0.00001,0.00033
26.88000,1.02194,0.00702,0.99175,0.00004,0.00119
27.02000,1.02194,0.00474,0.99468,0.00003,0.00054
27.16000,1.02194,0.00305,0.99681,0.00001,0.00013
27.30000,1.02194,0.00285,0.99703,0.00001,0.00011
27.44000,1.02194,0.00238,0.99756,0.00001,0.00006
27.58000,1.02194,0.00307,0.99682,0.00001,0.00010
27.72000,1.02194,0.00183,0.99815,0.00000,0.00002
27.86000,1.02194,0.00132,0.99867,0.00000,0.00000
28.00000,1.02194,0.00109,0.99891,0.00000,0.00000
28.14000,1.02194,0.00103,0.99897,0.00000,0.00000
28.28000,1.02194,0.00105,0.99895,0.00000,0.00000
28.42000,1.02194,0.00090,0.99910,0.00000,0.00000
28.56000,1.02194,0.00061,0.99939,0.00000,0.00000
28.70000,1.02194,0.00052,0.99948,0.00000,0.00000
28.84000,1.02194,0.00060,0.99940,0.00000,0.00000
28.98000,1.02194,0.00072,0.99928,0.00000,0.00000
29.12000,1.02194,0.00084,0.99915,0.00000,0.00000
29.26000,1.02194,0.00096,0.99903,0.00000,0.00000
29.40000,1.02194,0.00081,0.99919,0.00000,0.00000
29.54000,1.02194,0.00129,0.99870,0.00000,0.00001
29.68000,1.02194,0.00209,0.99788,0.00001,0.00003
29.82000,1.02194,0.00245,0.99749,0.00001,0.00004
29.96000,1.02194,0.00346,0.99639,0.00003,0.00013
30.10000,1.02194,0.00502,0.99456,0.00006,0.00035
30.24000,1.02194,0.00846,0.98844,0.00024,0.00286
30.38000,1.02194,0.01135,0.97698,0.00039,0.01128
30.52000,1.02194,0.01738,0.92386,0.00071,0.05805
30.66000,1.02194,0.02052,0.85943,0.00067,0.11938
30.80000,1.02194,0.02306,0.68873,0.00074,0.28747
30.94000,1.02194,0.01823,0.79773,0.00052,0.18352
31.08000,1.02194,0.01666,0.91185,0.00037,0.07111
31.22000,1.02194,0.01429,0.96420,0.00021,0.02129
31.36000,1.02194,0.00864,0.98666,0.00011,0.00459
31.50000,1.02194,0.00630,0.99163,0.00007,0.00200
31.64000,1.02194,0.00524,0.99382,0.00006,0.00088
31.78000,1.02194,0.00390,0.99570,0.00003,0.00038
31.92000,1.02194,0.00512,0.99385,0.00004,0.00099
32.06000,1.02193,0.00796,0.98831,0.00008,0.00365
32.20000,1.02194,0.01056,0.97339,0.00019,0.01586
32.34000,1.02194,0.01183,0.96921,0.00021,0.01875
32.48000,1.02194,0.01479,0.93991,0.00028,0.04502
32.62000,1.02194,0.03242,0.80138,0.00068,0.16552
32.76000,1.02194,0.03433,0.49899,0.00116,0.46552
32.90000,1.02193,0.03441,0.59052,0.00142,0.37365
33.04000,1.02194,0.03630,0.44502,0.00129,0.51739
33.18000,1.02194,0.03410,0.33254,0.00118,0.63218
33.32000,1.02194,0.03397,0.27035,0.00111,0.69457
33.46000,1.02194,0.03595,0.37439,0.00156,0.58811
33.60000,1.02194,0.02804,0.73994,0.00112,0.23090
33.74000,1.02193,0.02483,0.75613,0.00062,0.21841
33.88000,1.02194,0.03279,0.66582,0.00087,0.30052
34.02000,1.02194,0.02416,0.88479,0.00038,0.09066
34.16000,1.02194,0.02038,0.92763,0.00027,0.05172
34.30000,1.02194,0.01170,0.97912,0.00010,0.00908
34.44000,1.02194,0.01272,0.97590,0.00007,0.01131
34.58000,1.02193,0.00918,0.98840,0.00003,0.00239
34.72000,1.02193,0.00757,0.99141,0.00002,0.00100
34.86000,1.02194,0.00306,0.99685,0.00001,0.00008
35.00000,1.02194,0.00215,0.99783,0.00000,0.00002
35.14000,1.02194,0.00151,0.99848,0.00000,0.00001
35.28000,1.02194,0.00159,0.99841,0.00000,0.00000
35.42000,1.02194,0.00111,0.99889,0.00000,0.00000
35.56000,1.02193,0.00157,0.99843,0.00000,0.00000
35.70000,1.02194,0.00146,0.99854,0.00000,0.00000
35.84000,1.02194,0.00249,0.99750,0.00000,0.00001
35.98000,1.02194,0.00360,0.99635,0.00001,0.00005
36.12000,1.02194,0.00507,0.99470,0.00003,0.00019
36.26000,1.02194,0.00602,0.99352,0.00006,0.00040
36.40000,1.02193,0.00797,0.99102,0.00013,0.00088
36.54000,1.02194,0.00520,0.99438,0.00005,0.00037
36.68000,1.02194,0.00310,0.99681,0.00001,0.00007
36.82000,1.02194,0.00204,0.99793,0.00000,0.00002
36.96000,1.02194,0.00147,0.99852,0.00000,0.00001
37.10000,1.02194,0.00103,0.99896,0.00000,0.00000
37.24000,1.02193,0.00070,0.99930,0.00000,0.00000
37.38000,1.02194,0.00072,0.99928,0.00000,0.00000
37.52000,1.02194,0.00082,0.99918,0.00000,0.00000
37.66000,1.02194,0.00098,0.99902,0.00000,0.00000
37.80000,1.02194,0.00116,0.99884,0.00000,0.00000
37.94000,1.02194,0.00154,0.99845,0.00000,0.00001
38.08000,1.02193,0.00203,0.99794,0.00001,0.00002
38.22000,1.02193,0.00296,0.99693,0.00002,0.00008
38.36000,1.02194,0.00336,0.99649,0.00003,0.00012
38.50000,1.02194,0.00329,0.99659,0.00002,0.00010
38.64000,1.02194,0.00314,0.99677,0.00002,0.00007
38.78000,1.02194,0.00295,0.99697,0.00002,0.00007
38.92000,1.02194,0.00278,0.99716,0.00001,0.00005
39.06000,1.02193,0.00226,0.99772,0.00001,0.00002
39.20000,1.02194,0.00161,0.99838,0.00000,0.00001
39.34000,1.02194,0.00165,0.99834,0.00000,0.00001
39.48000,1.02194,0.00172,0.99827,0.00000,0.00001
39.62000,1.02194,0.00204,0.99794,0.00000,0.00001
39.76000,1.02194,0.00178,0.99821,0.00000,0.00001
39.90000,1.02193,0.00211,0.99788,0.00000,0.00001
40.04000,1.02194,0.00253,0.99744,0.00000,0.00002
40.18000,1.02194,0.00286,0.99709,0.00001,0.00004
40.32000,1.02194,0.00312,0.99681,0.00001,0.00006
40.46000,1.02194,0.00302,0.99692,0.00001,0.00005
40.60000,1.02194,0.00316,0.99676,0.00001,0.00006
40.74000,1.02193,0.00343,0.99648,0.00002,0.00007
40.88000,1.02194,0.00365,0.99624,0.00002,0.00009
41.02000,1.02194,0.00443,0.99537,0.00003,0.00018
41.16000,1.02194,0.00473,0.99500,0.00004,0.00024
41.30000,1.02194,0.00518,0.99444,0.00005,0.00033
41.44000,1.02194,0.00397,0.99585,0.00003,0.00015
41.58000,1.02193,0.00405,0.99580,0.00002,0.00014
41.72000,1.02193,0.00306,0.99686,0.00001,0.00007
41.86000,1.02194,0.00304,0.99687,0.00001,0.00008
42.00000,1.02194,0.00277,0.99717,0.00001,0.00005
42.14000,1.02194,0.00291,0.99701,0.00001,0.00006
42.28000,1.02194,0.00280,0.99714,0.00001,0.00005
42.42000,1.02194,0.00386,0.99600,0.00002,0.00012
42.56000,1.02193,0.00343,0.99647,0.00002,0.00008
42.70000,1.02194,0.00327,0.99665,0.00001,0.00007
42.84000,1.02194,0.00317,0.99677,0.00001,0.00005
42.98000,1.02194,0.00292,0.99703,0.00001,0.00004
43.12000,1.02194,0.00308,0.99686,0.00001,0.00005
43.26000,1.02194,0.00342,0.99649,0.00001,0.00007
43.40000,1.02193,0.00328,0.99664,0.00001,0.00007
43.54000,1.02194,0.00332,0.99660,0.00001,0.00007
43.68000,1.02194,0.00270,0.99725,0.00001,0.00004
43.82000,1.02194,0.00248,0.99748,0.00001,0.00003
43.96000,1.02194,0.00217,0.99781,0.00001,0.00002
44.10000,1.02194,0.00181,0.99817,0.00000,0.00001
44.24000,1.02193,0.00172,0.99827,0.00000,0.00001
44.38000,1.02194,0.00165,0.99833,0.00000,0.00001
44.52000,1.02194,0.00147,0.99852,0.00000,0.00001
44.66000,1.02194,0.00134,0.99866,0.00000,0.00000
44.80000,1.02194,0.00131,0.99869,0.00000,0.00000
44.94000,1.02194,0.00124,0.99875,0.00000,0.00000
45.08000,1.02193,0.00108,0.99892,0.00000,0.00000
45.22000,1.02193,0.00124,0.99876,0.00000,0.00000
45.36000,1.02194,0.00194,0.99804,0.00000,0.00002
45.50000,1.02194,0.00213,0.99784,0.00000,0.00002
45.64000,1.02194,0.00306,0.99686,0.00001,0.00007
45.78000,1.02194,0.00329,0.99659,0.00002,0.00009
45.92000,1.02194,0.00531,0.99426,0.00005,0.00038
46.06000,1.02193,0.00492,0.99475,0.00005,0.00029
46.20000,1.02194,0.00479,0.99491,0.00005,0.00024
46.34000,1.02194,0.00551,0.99405,0.00006,0.00038
46.48000,1.02194,0.00536,0.99431,0.00005,0.00029
46.62000,1.02194,0.01259,0.98612,0.00007,0.00123
46.76000,1.02194,0.00975,0.98944,0.00005,0.00076
46.90000,1.02193,0.01069,0.98817,0.00008,0.00106
47.04000,1.02194,0.00911,0.99016,0.00007,0.00067
47.18000,1.02194,0.01139,0.98727,0.00012,0.00122
47.32000,1.02194,0.01355,0.98444,0.00018,0.00184
47.46000,1.02194,0.01659,0.97783,0.00042,0.00515
47.60000,1.02194,0.01126,0.98516,0.00050,0.00308
47.74000,1.02193,0.01399,0.97729,0.00086,0.00786
47.88000,1.02194,0.02338,0.94210,0.00192,0.03260
48.02000,1.02194,0.01862,0.94939,0.00201,0.02998
48.16000,1.02194,0.01750,0.94203,0.00174,0.03873
48.30000,1.02194,0.01870,0.89894,0.00176,0.08060
48.44000,1.02194,0.02282,0.79460,0.00186,0.18072
48.58000,1.02193,0.02297,0.82250,0.00152,0.15301
48.72000,1.02193,0.02204,0.82320,0.00105,0.15371
48.86000,1.02194,0.01770,0.89281,0.00080,0.08869
49.00000,1.02194,0.01818,0.90577,0.00079,0.07526
49.14000,1.02194,0.01769,0.92353,0.00077,0.05802
49.28000,1.02194,0.01867,0.91774,0.00088,0.06272
49.42000,1.02194,0.01395,0.96418,0.00069,0.02118
49.56000,1.02193,0.01318,0.96575,0.00064,0.02043
49.70000,1.02194,0.01252,0.96946,0.00043,0.01758
49.84000,1.02194,0.01184,0.97647,0.00038,0.01132
49.98000,1.02194,0.01353,0.96596,0.00043,0.02009
50.12000,1.02194,0.01212,0.97373,0.00037,0.01378
50.26000,1.02194,0.00746,0.98902,0.00013,0.00340
50.40000,1.02193,0.00552,0.99357,0.00004,0.00087
50.54000,1.02194,0.00371,0.99604,0.00002,0.00023
50.68000,1.02194,0.00366,0.99610,0.00002,0.00023
50.82000,1.02194,0.00226,0.99769,0.00000,0.00005
50.96000,1.02194,0.00146,0.99853,0.00000,0.00001
51.10000,1.02194,0.00094,0.99906,0.00000,0.00000
51.24000,1.02193,0.00117,0.99882,0.00000,0.00000
51.38000,1.02194,0.00161,0.99838,0.00000,0.00001
51.52000,1.02194,0.00149,0.99850,0.00000,0.00001
51.66000,1.02194,0.00184,0.99815,0.00000,0.00001
51.80000,1.02194,0.00271,0.99723,0.00001,0.00005
51.94000,1.02194,0.00403,0.99580,0.00003,0.00014
52.08000,1.02193,0.00462,0.99509,0.00005,0.00025
52.22000,1.02193,0.00467,0.99497,0.00005,0.00031
52.36000,1.02194,0.00506,0.99441,0.00005,0.00048
52.50000,1.02194,0.00516,0.99432,0.00005,0.00048
52.64000,1.02194,0.00427,0.99545,0.00003,0.00025
52.78000,1.02194,0.00268,0.99726,0.00001,0.00005
52.92000,1.02194,0.00249,0.99747,0.00001,0.00004
53.06000,1.02193,0.00200,0.99797,0.00000,0.00002
53.20000,1.02194,0.00137,0.99863,0.00000,0.00001
53.34000,1.02194,0.00085,0.99914,0.00000,0.00000
53.48000,1.02194,0.00062,0.99938,0.00000,0.00000
53.62000,1.02194,0.00060,0.99940,0.00000,0.00000
53.76000,1.02194,0.00065,0.99935,0.00000,0.00000
53.90000,1.02193,0.00086,0.99914,0.00000,0.00000
54.04000,1.02194,0.00110,0.99890,0.00000,0.00000
54.18000,1.02194,0.00153,0.99846,0.00000,0.00001
54.32000,1.02194,0.00253,0.99741,0.00001,0.00005
54.46000,1.02194,0.00380,0.99595,0.00003,0.00022
54.60000,1.02194,0.00396,0.99577,0.00002,0.00025
54.74000,1.02193,0.00306,0.99683,0.00001,0.00010
54.88000,1.02194,0.00266,0.99727,0.00001,0.00007
55.02000,1.02194,0.00229,0.99766,0.00000,0.00004
55.16000,1.02194,0.00153,0.99846,0.00000,0.00001
55.30000,1.02194,0.00126,0.99874,0.00000,0.00000
55.44000,1.02194,0.00116,0.99884,0.00000,0.00000
55.58000,1.02193,0.00112,0.99887,0.00000,0.00000
55.72000,1.02193,0.00126,0.99873,0.00000,0.00001
55.86000,1.02194,0.00154,0.99845,0.00000,0.00001
56.00000,1.02194,0.00240,0.99755,0.00000,0.00005
56.14000,1.02194,0.00495,0.99465,0.00002,0.00038
56.28000,1.02194,0.00612,0.99300,0.00005,0.00083
56.42000,1.02194,0.00838,0.98944,0.00011,0.00206
56.56000,1.02193,0.00939,0.98727,0.00017,0.00317
56.70000,1.02194,0.00828,0.98987,0.00017,0.00168
56.84000,1.02194,0.00559,0.99395,0.00007,0.00039
56.98000,1.02194,0.00464,0.99516,0.00005,0.00015
57.12000,1.02194,0.00222,0.99774,0.00001,0.00003
57.26000,1.02194,0.00180,0.99818,0.00001,0.00001
57.40000,1.02193,0.00148,0.99851,0.00001,0.00001
57.54000,1.02194,0.00155,0.99844,0.00001,0.00001
57.68000,1.02194,0.00187,0.99810,0.00001,0.00002
57.82000,1.02194,0.00171,0.99826,0.00001,0.00001
57.96000,1.02194,0.00188,0.99808,0.00001,0.00002
58.10000,1.02194,0.00235,0.99758,0.00002,0.00004
58.24000,1.02193,0.00258,0.99734,0.00003,0.00005
58.38000,1.02194,0.00258,0.99734,0.00003,0.00005
58.52000,1.02194,0.00315,0.99673,0.00004,0.00009
58.66000,1.02194,0.00344,0.99641,0.00004,0.00011
58.80000,1.02194,0.00403,0.99574,0.00005,0.00018
58.94000,1.02194,0.00395,0.99586,0.00004,0.00015
59.08000,1.02193,0.00494,0.99467,0.00007,0.00032
59.22000,1.02193,0.00321,0.99669,0.00002,0.00009
59.36000,1.02194,0.00308,0.99682,0.00002,0.00008
59.50000,1.02194,0.00337,0.99649,0.00002,0.00011
59.64000,1.02194,0.00344,0.99642,0.00002,0.00012
59.78000,1.02194,0.00339,0.99647,0.00002,0.00012
59.92000,1.02194,0.00318,0.99671,0.00002,0.00010
60.06000,1.02193,0.00314,0.99676,0.00002,0.00009
60.20000,1.02194,0.00438,0.99530,0.00004,0.00029
60.34000,1.02194,0.00400,0.99574,0.00003,0.00022
60.48000,1.02194,0.00380,0.99596,0.00003,0.00021
60.62000,1.02194,0.00504,0.99437,0.00007,0.00053
60.76000,1.02194,0.00422,0.99548,0.00004,0.00026
60.90000,1.02193,0.00456,0.99504,0.00005,0.00035
61.04000,1.02194,0.00378,0.99598,0.00003,0.00020
61.18000,1.02194,0.00342,0.99641,0.00002,0.00014
61.32000,1.02194,0.00364,0.99613,0.00003,0.00020
61.46000,1.02194,0.00404,0.99562,0.00004,0.00031
61.60000,1.02194,0.00329,0.99655,0.00002,0.00014
61.74000,1.02193,0.00290,0.99699,0.00001,0.00009
61.88000,1.02194,0.00350,0.99633,0.00002,0.00014
62.02000,1.02194,0.00480,0.99475,0.00005,0.00040
62.16000,1.02194,0.00555,0.99358,0.00008,0.00080
62.30000,1.02194,0.00588,0.99328,0.00010,0.00075
62.44000,1.02194,0.00623,0.99273,0.00012,0.00091
62.58000,1.02193,0.00924,0.98689,0.00037,0.00349
62.72000,1.02193,0.01154,0.97711,0.00064,0.01070
62.86000,1.02194,0.01119,0.97417,0.00059,0.01405
63.00000,1.02193,0.01057,0.97920,0.00051,0.00972
63.14000,1.02193,0.00884,0.98587,0.00032,0.00497
63.28000,1.02194,0.00617,0.99239,0.00010,0.00134
63.42000,1.02194,0.00522,0.99393,0.00006,0.00080
63.56000,1.02194,0.00471,0.99479,0.00004,0.00047
63.70000,1.02194,0.00292,0.99701,0.00001,0.00006
63.84000,1.02194,0.00235,0.99761,0.00001,0.00003
63.98000,1.02194,0.00231,0.99766,0.00001,0.00002
64.12000,1.02193,0.00251,0.99745,0.00001,0.00003
64.26000,1.02193,0.00233,0.99764,0.00001,0.00003
64.40000,1.02193,0.00250,0.99746,0.00001,0.00003
64.54000,1.02193,0.00258,0.99737,0.00001,0.00004
64.68000,1.02193,0.00304,0.99689,0.00001,0.00006
64.82000,1.02193,0.00256,0.99740,0.00001,0.00003
64.96000,1.02194,0.00272,0.99722,0.00001,0.00004
65.10000,1.02194,0.00285,0.99709,0.00001,0.00005
65.24000,1.02194,0.00310,0.99682,0.00001,0.00007
65.38000,1.02194,0.00327,0.99662,0.00001,0.00010
65.52000,1.02194,0.00333,0.99656,0.00001,0.00010
65.66000,1.02193,0.00375,0.99607,0.00002,0.00016
65.80000,1.02193,0.00441,0.99528,0.00003,0.00028
65.94000,1.02193,0.00415,0.99557,0.00003,0.00025
66.08000,1.02193,0.00392,0.99587,0.00003,0.00018
66.22000,1.02193,0.00386,0.99593,0.00003,0.00018
66.36000,1.02193,0.00482,0.99479,0.00004,0.00035
66.50000,1.02193,0.00324,0.99664,0.00002,0.00010
66.64000,1.02193,0.00213,0.99783,0.00001,0.00003
66.78000,1.02194,0.00188,0.99810,0.00000,0.00002
66.92000,1.02194,0.00186,0.99812,0.00000,0.00002
67.06000,1.02194,0.00224,0.99772,0.00001,0.00003
67.20000,1.02194,0.00259,0.99736,0.00001,0.00005
67.34000,1.02194,0.00252,0.99741,0.00001,0.00006
67.48000,1.02193,0.00282,0.99708,0.00001,0.00008
67.62000,1.02193,0.00296,0.99692,0.00002,0.00010
67.76000,1.02193,0.00330,0.99663,0.00001,0.00006
67.90000,1.02193,0.00359,0.99638,0.00001,0.00002
68.04000,1.02193,0.00392,0.99607,0.00000,0.00001
68.18000,1.02193,0.00394,0.99606,0.00000,0.00000
68.32000,1.02193,0.00382,0.99618,0.00000,0.00000
68.46000,1.02194,0.00402,0.99598,0.00000,0.00000
68.60000,1.02194,0.00865,0.99135,0.00000,0.00000
68.74000,1.02194,0.00500,0.99500,0.00000,0.00000
68.88000,1.02194,0.00344,0.99656,0.00000,0.00000
69.02000,1.02194,0.00223,0.99777,0.00000,0.00000
69.16000,1.02193,0.00206,0.99794,0.00000,0.00000
69.30000,1.02193,0.00195,0.99805,0.00000,0.00000
69.44000,1.02193,0.00144,0.99856,0.00000,0.00000
69.58000,1.02193,0.00077,0.99923,0.00000,0.00000
69.72000,1.02193,0.00078,0.99922,0.00000,0.00000
69.86000,1.02193,0.00104,0.99896,0.00000,0.00000
70.00000,1.02193,0.00123,0.99876,0.00000,0.00000
70.14000,1.02193,0.00180,0.99819,0.00000,0.00001
70.28000,1.02194,0.00203,0.99795,0.00000,0.00001
70.42000,1.02194,0.00343,0.99648,0.00002,0.00007
70.56000,1.02194,0.00558,0.99398,0.00009,0.00035
70.70000,1.02194,0.00773,0.99108,0.00023,0.00096
70.84000,1.02194,0.01151,0.98262,0.00051,0.00536
70.98000,1.02193,0.01549,0.96796,0.00080,0.01575
71.12000,1.02193,0.01678,0.94694,0.00101,0.03527
71.26000,1.02193,0.01710,0.92742,0.00094,0.05454
71.40000,1.02193,0.01644,0.91013,0.00064,0.07279
71.54000,1.02193,0.02175,0.82586,0.00059,0.15180
71.68000,1.02193,0.01474,0.95675,0.00020,0.02831
71.82000,1.02193,0.01064,0.98535,0.00006,0.00395
71.96000,1.02194,0.00978,0.98672,0.00006,0.00344
72.10000,1.02194,0.00724,0.99184,0.00002,0.00090
72.24000,1.02194,0.00679,0.99274,0.00001,0.00046
72.38000,1.02194,0.00373,0.99619,0.00000,0.00007
72.52000,1.02194,0.00305,0.99690,0.00000,0.00004
72.66000,1.02193,0.00467,0.99507,0.00001,0.00024
72.80000,1.02193,0.00308,0.99684,0.00001,0.00007
72.94000,1.02193,0.00275,0.99719,0.00001,0.00005
73.08000,1.02193,0.00374,0.99615,0.00001,0.00010
73.22000,1.02193,0.00297,0.99694,0.00001,0.00008
73.36000,1.02193,0.00304,0.99686,0.00001,0.00008
73.50000,1.02193,0.00325,0.99663,0.00001,0.00011
73.64000,1.02193,0.00258,0.99737,0.00001,0.00004
73.78000,1.02194,0.00232,0.99764,0.00000,0.00003
73.92000,1.02194,0.00234,0.99762,0.00000,0.00003
74.06000,1.02194,0.00244,0.99751,0.00000,0.00004
74.20000,1.02194,0.00232,0.99764,0.00000,0.00003
74.34000,1.02194,0.00182,0.99817,0.00000,0.00001
74.48000,1.02193,0.00198,0.99800,0.00000,0.00001
74.62000,1.02193,0.00213,0.99785,0.00000,0.00002
74.76000,1.02193,0.00159,0.99840,0.00000,0.00001
74.90000,1.02193,0.00122,0.99878,0.00000,0.00000
75.04000,1.02193,0.00153,0.99846,0.00000,0.00001
75.18000,1.02193,0.00206,0.99792,0.00000,0.00002
75.32000,1.02193,0.00163,0.99836,0.00000,0.00001
75.46000,1.02194,0.00179,0.99820,0.00000,0.00001
75.60000,1.02194,0.00199,0.99799,0.00000,0.00002
75.74000,1.02194,0.00353,0.99640,0.00001,0.00006
75.88000,1.02194,0.00193,0.99806,0.00000,0.00001
76.02000,1.02194,0.00141,0.99859,0.00000,0.00000
76.16000,1.02193,0.00142,0.99857,0.00000,0.00000
76.30000,1.02193,0.00137,0.99863,0.00000,0.00000
76.44000,1.02193,0.00137,0.99863,0.00000,0.00000
76.58000,1.02193,0.00162,0.99837,0.00000,0.00000
76.72000,1.02193,0.00212,0.99787,0.00000,0.00001
76.86000,1.02193,0.00353,0.99642,0.00001,0.00004
77.00000,1.02193,0.00391,0.99601,0.00001,0.00007
77.14000,1.02193,0.00597,0.99373,0.00004,0.00026
77.28000,1.02194,0.00737,0.99204,0.00007,0.00051
77.42000,1.02194,0.00807,0.99099,0.00011,0.00083
77.56000,1.02194,0.00843,0.99044,0.00013,0.00099
77.70000,1.02194,0.00823,0.99067,0.00012,0.00099
77.84000,1.02194,0.00593,0.99367,0.00005,0.00035
77.98000,1.02193,0.00397,0.99591,0.00002,0.00010
78.12000,1.02193,0.00346,0.99648,0.00001,0.00005
78.26000,1.02193,0.00255,0.99743,0.00000,0.00002
78.40000,1.02193,0.00200,0.99799,0.00000,0.00001
78.54000,1.02193,0.00186,0.99814,0.00000,0.00000
78.68000,1.02193,0.00178,0.99822,0.00000,0.00000
78.82000,1.02193,0.00231,0.99768,0.00000,0.00001
78.96000,1.02194,0.00196,0.99803,0.00000,0.00001
79.10000,1.02194,0.00200,0.99799,0.00000,0.00001
79.24000,1.02194,0.00202,0.99798,0.00000,0.00001
79.38000,1.02194,0.00275,0.99723,0.00000,0.00002
79.52000,1.02194,0.00317,0.99680,0.00000,0.00003
79.66000,1.02193,0.00301,0.99697,0.00000,0.00002
79.80000,1.02193,0.00208,0.99792,0.00000,0.00001
79.94000,1.02193,0.00231,0.99767,0.00000,0.00001
80.08000,1.02193,0.00277,0.99720,0.00000,0.00002
80.22000,1.02193,0.00226,0.99772,0.00000,0.00001
80.36000,1.02193,0.00257,0.99740,0.00000,0.00002
80.50000,1.02193,0.00182,0.99816,0.00000,0.00001
80.64000,1.02193,0.00214,0.99785,0.00000,0.00001
80.78000,1.02194,0.00227,0.99772,0.00000,0.00002
80.92000,1.02194,0.00251,0.99746,0.00000,0.00002
81.06000,1.02194,0.00224,0.99774,0.00000,0.00002
81.20000,1.02194,0.00181,0.99819,0.00000,0.00001
81.34000,1.02194,0.00155,0.99845,0.00000,0.00000
81.48000,1.02193,0.00193,0.99807,0.00000,0.00000
81.62000,1.02193,0.00284,0.99714,0.00000,0.00002
81.76000,1.02193,0.00382,0.99612,0.00001,0.00005
81.90000,1.02193,0.00505,0.99481,0.00002,0.00012
82.04000,1.02193,0.00703,0.99253,0.00005,0.00039
82.18000,1.02193,0.00912,0.98985,0.00013,0.00090
82.32000,1.02193,0.01317,0.98237,0.00029,0.00417
82.46000,1.02194,0.00951,0.98758,0.00033,0.00258
82.60000,1.02194,0.00895,0.98933,0.00021,0.00151
82.74000,1.02194,0.00609,0.99337,0.00008,0.00046
82.88000,1.02194,0.00427,0.99555,0.00003,0.00015
83.02000,1.02194,0.00428,0.99551,0.00003,0.00017
83.16000,1.02193,0.00514,0.99444,0.00004,0.00037
83.30000,1.02193,0.00515,0.99422,0.00004,0.00059
83.44000,1.02193,0.00525,0.99406,0.00004,0.00065
83.58000,1.02193,0.00391,0.99579,0.00002,0.00028
83.72000,1.02193,0.00369,0.99605,0.00002,0.00024
83.86000,1.02193,0.00353,0.99625,0.00002,0.00020
84.00000,1.02193,0.00234,0.99761,0.00000,0.00004
84.14000,1.02193,0.00206,0.99792,0.00000,0.00002
84.28000,1.02194,0.00161,0.99838,0.00000,0.00001
84.42000,1.02194,0.00200,0.99798,0.00000,0.00001
84.56000,1.02194,0.00318,0.99680,0.00000,0.00002
84.70000,1.02194,0.00429,0.99564,0.00001,0.00006
84.84000,1.02194,0.00484,0.99505,0.00001,0.00009
84.98000,1.02193,0.00802,0.99157,0.00005,0.00036
85.12000,1.02193,0.00702,0.99257,0.00005,0.00037
85.26000,1.02193,0.00901,0.99019,0.00010,0.00070
85.40000,1.02193,0.00853,0.99010,0.00017,0.00120
85.54000,1.02193,0.01367,0.98121,0.00026,0.00487
85.68000,1.02193,0.01339,0.98032,0.00027,0.00603
85.82000,1.02193,0.01771,0.97660,0.00025,0.00544
85.96000,1.02194,0.01801,0.97805,0.00023,0.00371
86.10000,1.02194,0.01808,0.97588,0.00037,0.00568
86.24000,1.02194,0.02441,0.96123,0.00055,0.01381
86.38000,1.02194,0.02002,0.97501,0.00053,0.00445
86.52000,1.02194,0.01020,0.98867,0.00016,0.00097
86.66000,1.02193,0.01069,0.98838,0.00013,0.00081
86.80000,1.02193,0.00421,0.99558,0.00003,0.00018
86.94000,1.02193,0.00371,0.99614,0.00002,0.00013
87.08000,1.02193,0.00348,0.99637,0.00002,0.00013
87.22000,1.02193,0.00375,0.99605,0.00002,0.00019
87.36000,1.02193,0.00772,0.99147,0.00004,0.00077
87.50000,1.02193,0.00843,0.99002,0.00008,0.00146
87.64000,1.02193,0.01247,0.98299,0.00019,0.00435
87.78000,1.02194,0.00982,0.98761,0.00013,0.00245
87.92000,1.02194,0.01167,0.98549,0.00013,0.00271
88.06000,1.02194,0.00857,0.99017,0.00008,0.00117
88.20000,1.02194,0.00555,0.99401,0.00006,0.00037
88.34000,1.02194,0.00565,0.99379,0.00009,0.00047
88.48000,1.02193,0.00526,0.99431,0.00007,0.00037
88.62000,1.02193,0.00569,0.99379,0.00008,0.00044
88.76000,1.02193,0.00532,0.99424,0.00007,0.00037
88.90000,1.02193,0.00468,0.99504,0.00004,0.00023
89.04000,1.02193,0.00394,0.99589,0.00003,0.00014
89.18000,1.02193,0.00351,0.99636,0.00002,0.00011
89.32000,1.02193,0.00361,0.99623,0.00003,0.00013
89.46000,1.02194,0.00411,0.99562,0.00004,0.00023
89.60000,1.02194,0.00431,0.99535,0.00005,0.00028
89.74000,1.02194,0.00497,0.99448,0.00009,0.00046
89.88000,1.02194,0.00585,0.99333,0.00012,0.00071
90.02000,1.02194,0.00562,0.99370,0.00010,0.00058
90.16000,1.02193,0.00426,0.99548,0.00004,0.00022
90.30000,1.02193,0.00259,0.99736,0.00001,0.00004
90.44000,1.02193,0.00187,0.99812,0.00000,0.00001
90.58000,1.02193,0.00114,0.99885,0.00000,0.00000
90.72000,1.02193,0.00121,0.99879,0.00000,0.00000
90.86000,1.02193,0.00077,0.99923,0.00000,0.00000
91.00000,1.02193,0.00091,0.99909,0.00000,0.00000
91.14000,1.02193,0.00094,0.99906,0.00000,0.00000
91.28000,1.02194,0.00145,0.99855,0.00000,0.00000
91.42000,1.02194,0.00190,0.99809,0.00000,0.00001
91.56000,1.02194,0.00259,0.99740,0.00000,0.00001
91.70000,1.02194,0.00434,0.99560,0.00001,0.00004
91.84000,1.02194,0.00612,0.99367,0.00003,0.00017
91.98000,1.02193,0.01029,0.98863,0.00011,0.00097
92.12000,1.02193,0.00919,0.98958,0.00013,0.00110
92.26000,1.02193,0.00991,0.98874,0.00012,0.00123
92.40000,1.02193,0.00906,0.98961,0.00008,0.00125
92.54000,1.02193,0.00642,0.99294,0.00005,0.00059
92.68000,1.02193,0.00574,0.99348,0.00006,0.00072
92.82000,1.02193,0.00505,0.99454,0.00006,0.00035
92.96000,1.02194,0.00468,0.99507,0.00005,0.00020
93.10000,1.02194,0.00538,0.99417,0.00008,0.00036
93.24000,1.02194,0.00565,0.99385,0.00010,0.00040
93.38000,1.02194,0.00589,0.99359,0.00011,0.00042
93.52000,1.02194,0.00817,0.98976,0.00014,0.00192
93.66000,1.02193,0.01203,0.98216,0.00015,0.00565
93.80000,1.02193,0.02215,0.94360,0.00028,0.03397
93.94000,1.02193,0.02216,0.92344,0.00029,0.05411
94.08000,1.02193,0.02726,0.77081,0.00035,0.20159
94.22000,1.02193,0.02978,0.48402,0.00058,0.48561
94.36000,1.02193,0.02801,0.52175,0.00054,0.44970
94.50000,1.02193,0.02495,0.92496,0.00023,0.04987
94.64000,1.02193,0.01992,0.96788,0.00018,0.01202
94.78000,1.02194,0.00691,0.99232,0.00003,0.00074
94.92000,1.02194,0.00539,0.99442,0.00001,0.00018
95.06000,1.02194,0.00163,0.99836,0.00000,0.00000
95.20000,1.02194,0.00134,0.99866,0.00000,0.00000
95.34000,1.02194,0.00143,0.99857,0.00000,0.00000
95.48000,1.02193,0.00132,0.99868,0.00000,0.00000
95.62000,1.02193,0.00107,0.99892,0.00000,0.00000
95.76000,1.02193,0.00093,0.99907,0.00000,0.00000
95.90000,1.02193,0.00102,0.99898,0.00000,0.00000
96.04000,1.02193,0.00165,0.99835,0.00000,0.00000
96.18000,1.02193,0.00218,0.99781,0.00000,0.00001
96.32000,1.02193,0.00192,0.99808,0.00000,0.00001
96.46000,1.02194,0.00172,0.99827,0.00000,0.00000
96.60000,1.02194,0.00259,0.99739,0.00000,0.00002
96.74000,1.02194,0.00226,0.99772,0.00000,0.00001
96.88000,1.02194,0.00202,0.99797,0.00000,0.00001
97.02000,1.02194,0.00149,0.99851,0.00000,0.00000
97.16000,1.02193,0.00243,0.99756,0.00000,0.00001
97.30000,1.02193,0.00418,0.99577,0.00001,0.00004
97.44000,1.02193,0.00380,0.99614,0.00001,0.00004
97.58000,1.02193,0.00539,0.99449,0.00003,0.00009
97.72000,1.02193,0.00865,0.99080,0.00011,0.00043
97.86000,1.02193,0.01409,0.98373,0.00025,0.00194
98.00000,1.02193,0.01591,0.98172,0.00022,0.00216
98.14000,1.02193,0.00873,0.99042,0.00019,0.00066
98.28000,1.02194,0.01078,0.98817,0.00021,0.00084
98.42000,1.02194,0.01017,0.98873,0.00024,0.00086
98.56000,1.02194,0.01528,0.98187,0.00068,0.00217
98.70000,1.02194,0.01673,0.97898,0.00126,0.00303
98.84000,1.02194,0.03138,0.94921,0.00610,0.01332
98.98000,1.02193,0.13822,0.73122,0.04373,0.08683
99.12000,1.02193,0.20555,0.51386,0.07656,0.20403
99.26000,1.02193,0.23573,0.40919,0.10460,0.25048
99.40000,1.02193,0.36055,0.13287,0.13306,0.37353
99.54000,1.02193,0.37228,0.17342,0.10528,0.34902
99.68000,1.02193,0.38100,0.16718,0.04527,0.40656
99.82000,1.02193,0.30523,0.19585,0.03006,0.46887
99.96000,1.02194,0.25021,0.27685,0.01834,0.45460
100.10000,1.02194,0.22236,0.32107,0.01697,0.43961
100.24000,1.02194,0.17285,0.57761,0.01428,0.23526
100.38000,1.02194,0.22851,0.28480,0.01541,0.47128
100.52000,1.02194,0.25620,0.17170,0.02944,0.54265
100.66000,1.02193,0.39194,0.07675,0.06122,0.47009
100.80000,1.02193,0.43025,0.08302,0.14479,0.34194
100.94000,1.02193,0.32767,0.02865,0.15136,0.49232
101.08000,1.02193,0.24594,0.00854,0.05799,0.68754
101.22000,1.02193,0.37374,0.03012,0.14996,0.44618
101.36000,1.02193,0.33832,0.09113,0.11100,0.45954
101.50000,1.02193,0.31931,0.21620,0.09639,0.36810
101.64000,1.02193,0.21234,0.45177,0.04647,0.28942
101.78000,1.02194,0.12846,0.79935,0.01514,0.05706
101.92000,1.02194,0.02967,0.96152,0.00138,0.00743
102.06000,1.02194,0.01832,0.97850,0.00104,0.00214
102.20000,1.02194,0.01345,0.98488,0.00052,0.00115
102.34000,1.02194,0.01438,0.98381,0.00046,0.00135
102.48000,1.02193,0.01363,0.98468,0.00026,0.00143
102.62000,1.02193,0.00768,0.99184,0.00011,0.00037
102.76000,1.02193,0.01089,0.98782,0.00022,0.00106
102.90000,1.02193,0.01419,0.98346,0.00032,0.00203
103.04000,1.02193,0.01101,0.98691,0.00020,0.00188
103.18000,1.02193,0.00706,0.99220,0.00009,0.00064
103.32000,1.02193,0.00450,0.99531,0.00003,0.00016
103.46000,1.02194,0.00316,0.99678,0.00001,0.00005
103.60000,1.02194,0.00349,0.99644,0.00001,0.00006
103.74000,1.02194,0.00266,0.99730,0.00001,0.00003
103.88000,1.02194,0.00193,0.99805,0.00000,0.00001
104.02000,1.02194,0.00172,0.99827,0.00000,0.00001
104.16000,1.02193,0.01337,0.98645,0.00001,0.00017
104.30000,1.02193,0.01951,0.98015,0.00002,0.00032
104.44000,1.02193,0.01523,0.98458,0.00001,0.00018
104.58000,1.02193,0.01348,0.98645,0.00000,0.00007
104.72000,1.02193,0.00905,0.99092,0.00000,0.00002
104.86000,1.02193,0.01133,0.98861,0.00000,0.00006
105.00000,1.02193,0.01381,0.98608,0.00001,0.00010
105.14000,1.02193,0.00124,0.99876,0.00000,0.00000
105.28000,1.02194,0.00139,0.99861,0.00000,0.00000
105.42000,1.02194,0.00140,0.99860,0.00000,0.00000
105.56000,1.02194,0.00207,0.99792,0.00000,0.00001
105.70000,1.02194,0.00216,0.99783,0.00000,0.00001
105.84000,1.02194,0.00202,0.99797,0.00000,0.00001
105.98000,1.02193,0.00264,0.99734,0.00000,0.00001
106.12000,1.02193,0.00247,0.99752,0.00000,0.00001
106.26000,1.02193,0.00438,0.99555,0.00001,0.00006
106.40000,1.02193,0.00563,0.99419,0.00003,0.00016
106.54000,1.02193,0.00629,0.99342,0.00005,0.00024
106.68000,1.02193,0.00574,0.99403,0.00003,0.00020
106.82000,1.02193,0.00504,0.99476,0.00003,0.00017
106.96000,1.02194,0.00622,0.99342,0.00006,0.00030
107.10000,1.02194,0.00594,0.99372,0.00006,0.00028
107.24000,1.02194,0.00592,0.99375,0.00006,0.00027
107.38000,1.02194,0.00603,0.99361,0.00007,0.00029
107.52000,1.02194,0.00688,0.99240,0.00014,0.00058
107.66000,1.02193,0.01696,0.98070,0.00037,0.00197
107.80000,1.02193,0.01846,0.97791,0.00058,0.00305
107.94000,1.02193,0.01631,0.98092,0.00042,0.00235
108.08000,1.02193,0.02168,0.97265,0.00070,0.00498
108.22000,1.02193,0.02487,0.96705,0.00060,0.00748
108.36000,1.02193,0.01438,0.98388,0.00020,0.00155
108.50000,1.02193,0.01104,0.98843,0.00007,0.00045
108.64000,1.02193,0.00482,0.99502,0.00001,0.00014
108.78000,1.02194,0.00610,0.99370,0.00001,0.00018
108.92000,1.02194,0.00524,0.99468,0.00001,0.00007
109.06000,1.02194,0.00351,0.99645,0.00000,0.00003
109.20000,1.02194,0.00459,0.99532,0.00001,0.00009
109.34000,1.02194,0.01169,0.98744,0.00006,0.00080
109.48000,1.02193,0.01684,0.97973,0.00021,0.00322
109.62000,1.02193,0.01411,0.98266,0.00032,0.00290
109.76000,1.02193,0.02303,0.96647,0.00080,0.00969
109.90000,1.02193,0.01882,0.97028,0.00095,0.00996
110.04000,1.02193,0.02474,0.95818,0.00112,0.01595
110.18000,1.02193,0.01467,0.97574,0.00054,0.00905
110.32000,1.02193,0.01198,0.98021,0.00039,0.00742
110.46000,1.02194,0.01197,0.97984,0.00040,0.00780
110.60000,1.02194,0.01596,0.96347,0.00057,0.02000
110.74000,1.02194,0.01633,0.95375,0.00076,0.02915
110.88000,1.02194,0.01623,0.95920,0.00073,0.02384
111.02000,1.02194,0.01246,0.97304,0.00064,0.01386
111.16000,1.02193,0.01085,0.98038,0.00051,0.00826
111.30000,1.02193,0.00991,0.98511,0.00035,0.00462
111.44000,1.02193,0.00910,0.98765,0.00031,0.00293
111.58000,1.02193,0.00559,0.99373,0.00008,0.00060
111.72000,1.02193,0.00467,0.99498,0.00004,0.00031
111.86000,1.02193,0.00346,0.99640,0.00002,0.00013
112.00000,1.02193,0.00337,0.99651,0.00002,0.00011
112.14000,1.02193,0.00354,0.99630,0.00002,0.00015
112.28000,1.02194,0.00376,0.99601,0.00002,0.00021
112.42000,1.02194,0.00446,0.99509,0.00004,0.00041
112.56000,1.02194,0.00512,0.99416,0.00006,0.00066
112.70000,1.02194,0.00679,0.99138,0.00012,0.00170
112.84000,1.02194,0.00646,0.99199,0.00012,0.00143
112.98000,1.02193,0.00726,0.99046,0.00018,0.00210
113.12000,1.02193,0.00714,0.99110,0.00016,0.00160
113.26000,1.02193,0.00522,0.99429,0.00006,0.00043
113.40000,1.02193,0.00485,0.99478,0.00005,0.00032
113.54000,1.02193,0.00361,0.99625,0.00002,0.00012
113.68000,1.02193,0.00350,0.99637,0.00002,0.00011
113.82000,1.02193,0.00343,0.99645,0.00002,0.00010
113.96000,1.02194,0.00340,0.99650,0.00002,0.00007
114.10000,1.02194,0.00438,0.99544,0.00004,0.00014
114.24000,1.02194,0.00551,0.99411,0.00008,0.00029
114.38000,1.02194,0.00791,0.99112,0.00019,0.00078
114.52000,1.02194,0.00872,0.99019,0.00023,0.00087
114.66000,1.02193,0.00977,0.98902,0.00026,0.00095
114.80000,1.02193,0.01203,0.98584,0.00039,0.00173
114.94000,1.02193,0.01147,0.98621,0.00038,0.00194
115.08000,1.02193,0.01093,0.98664,0.00044,0.00200
115.22000,1.02193,0.01774,0.97489,0.00070,0.00667
115.36000,1.02193,0.02141,0.95985,0.00126,0.01748
115.50000,1.02193,0.01960,0.95776,0.00132,0.02132
115.64000,1.02193,0.02640,0.91298,0.00167,0.05895
115.78000,1.02194,0.01855,0.95385,0.00089,0.02671
115.92000,1.02194,0.01447,0.97278,0.00049,0.01226
116.06000,1.02194,0.01076,0.98697,0.00026,0.00201
116.20000,1.02194,0.00755,0.99141,0.00010,0.00093
116.34000,1.02194,0.02223,0.97576,0.00020,0.00181
116.48000,1.02193,0.07096,0.92494,0.00055,0.00355
116.62000,1.02193,0.17045,0.81935,0.00099,0.00921
116.76000,1.02193,0.46541,0.48963,0.00235,0.04262
116.90000,1.02193,0.73923,0.21281,0.00173,0.04624
117.04000,1.02193,0.85298,0.07552,0.00127,0.07023
117.18000,1.02193,0.91637,0.01694,0.00123,0.06546
117.32000,1.02193,0.80142,0.03113,0.00081,0.16663
117.46000,1.02194,0.74125,0.02962,0.00067,0.22845
117.60000,1.02194,0.76009,0.01143,0.00046,0.22801
117.74000,1.02194,0.78014,0.01033,0.00044,0.20910
117.88000,1.02194,0.57449,0.00319,0.00051,0.42181
118.02000,1.02194,0.71258,0.00771,0.00048,0.27924
118.16000,1.02193,0.84405,0.02058,0.00036,0.13501
118.30000,1.02193,0.94558,0.01269,0.00010,0.04163
118.44000,1.02193,0.92514,0.04614,0.00012,0.02861
118.58000,1.02193,0.70526,0.23699,0.00018,0.05757
118.72000,1.02193,0.27556,0.71262,0.00013,0.01168
118.86000,1.02193,0.10910,0.88395,0.00010,0.00684
119.00000,1.02193,0.08207,0.91550,0.00010,0.00233
119.14000,1.02193,0.06117,0.92880,0.00078,0.00925
119.28000,1.02194,0.01364,0.98447,0.00044,0.00146
119.42000,1.02194,0.01233,0.98622,0.00026,0.00120
119.56000,1.02194,0.01279,0.98564,0.00026,0.00132
119.70000,1.02194,0.01256,0.98593,0.00027,0.00124
119.84000,1.02194,0.01359,0.98329,0.00044,0.00268
119.98000,1.02193,0.01088,0.98729,0.00024,0.00158
120.12000,1.02193,0.00898,0.98991,0.00012,0.00099
120.26000,1.02193,0.00496,0.99476,0.00005,0.00024
120.40000,1.02193,0.00438,0.99541,0.00004,0.00018
120.54000,1.02193,0.00493,0.99472,0.00004,0.00031
120.68000,1.02193,0.00579,0.99358,0.00005,0.00057
120.82000,1.02193,0.00732,0.99171,0.00009,0.00088
120.96000,1.02194,0.00862,0.98996,0.00015,0.00126
121.10000,1.02194,0.01168,0.98502,0.00022,0.00307
121.24000,1.02194,0.01428,0.97530,0.00022,0.01019
121.38000,1.02194,0.01251,0.98316,0.00015,0.00418
121.52000,1.02194,0.00849,0.99055,0.00004,0.00092
121.66000,1.02193,0.00712,0.99239,0.00001,0.00047
121.80000,1.02193,0.00388,0.99602,0.00001,0.00010
121.94000,1.02193,0.00385,0.99604,0.00001,0.00010
122.08000,1.02193,0.00392,0.99600,0.00001,0.00008
122.22000,1.02193,0.00188,0.99811,0.00000,0.00002
122.36000,1.02193,0.00267,0.99727,0.00001,0.00006
122.50000,1.02193,0.00423,0.99549,0.00003,0.00026
122.64000,1.02193,0.00503,0.99444,0.00006,0.00047
122.78000,1.02194,0.00578,0.99332,0.00010,0.00079
122.92000,1.02194,0.00750,0.99072,0.00022,0.00156
123.06000,1.02194,0.01140,0.98366,0.00053,0.00441
123.20000,1.02194,0.01330,0.98051,0.00077,0.00542
123.34000,1.02194,0.01151,0.98538,0.00052,0.00259
123.48000,1.02193,0.01171,0.98552,0.00045,0.00232
123.62000,1.02193,0.01097,0.98751,0.00028,0.00124
123.76000,1.02193,0.01052,0.98812,0.00022,0.00114
123.90000,1.02193,0.00811,0.99127,0.00012,0.00050
124.04000,1.02193,0.00951,0.98979,0.00011,0.00060
124.18000,1.02193,0.00756,0.99201,0.00007,0.00036
124.32000,1.02193,0.00662,0.99303,0.00007,0.00028
124.46000,1.02194,0.00972,0.98935,0.00013,0.00079
124.60000,1.02194,0.01055,0.98806,0.00021,0.00117
124.74000,1.02194,0.00999,0.98861,0.00022,0.00118
124.88000,1.02194,0.00966,0.98877,0.00022,0.00135
125.02000,1.02194,0.00785,0.99132,0.00012,0.00070
125.16000,1.02193,0.00678,0.99287,0.00005,0.00030
125.30000,1.02193,0.00393,0.99597,0.00002,0.00008
125.44000,1.02193,0.00310,0.99685,0.00001,0.00004
125.58000,1.02193,0.00345,0.99651,0.00001,0.00004
125.72000,1.02193,0.00255,0.99742,0.00000,0.00002
125.86000,1.02193,0.00346,0.99648,0.00001,0.00005
126.00000,1.02193,0.00554,0.99426,0.00004,0.00017
126.14000,1.02193,0.00857,0.99053,0.00013,0.00077
126.28000,1.02194,0.01406,0.98278,0.00030,0.00286
126.42000,1.02194,0.01174,0.98591,0.00026,0.00210
126.56000,1.02194,0.01166,0.98604,0.00029,0.00201
126.70000,1.02194,0.01280,0.98496,0.00033,0.00191
126.84000,1.02194,0.01414,0.98299,0.00041,0.00246
126.98000,1.02193,0.01326,0.98467,0.00032,0.00174
127.12000,1.02193,0.01360,0.98439,0.00037,0.00163
127.26000,1.02193,0.01599,0.98144,0.00051,0.00205
127.40000,1.02193,0.01506,0.98302,0.00043,0.00148
127.54000,1.02193,0.01391,0.98433,0.00038,0.00138
127.68000,1.02193,0.01291,0.98570,0.00030,0.00109
127.82000,1.02193,0.01283,0.98555,0.00029,0.00133
127.96000,1.02193,0.01233,0.98623,0.00033,0.00111
128.10001,1.02193,0.01533,0.98134,0.00030,0.00303
128.24001,1.02193,0.02844,0.96820,0.00018,0.00318
128.38000,1.02193,0.12741,0.86677,0.00032,0.00550
128.52000,1.02193,0.45735,0.52654,0.00070,0.01541
128.66000,1.02193,0.86103,0.12106,0.00069,0.01722
128.80000,1.02193,0.97402,0.01909,0.00021,0.00668
128.94000,1.02194,0.99343,0.00289,0.00005,0.00363
129.08000,1.02194,0.99902,0.00037,0.00002,0.00059
129.22000,1.02194,0.99902,0.00020,0.00003,0.00075
129.36000,1.02194,0.99916,0.00019,0.00002,0.00063
129.50000,1.02194,0.99950,0.00016,0.00001,0.00033
129.64000,1.02194,0.99941,0.00026,0.00001,0.00032
129.78000,1.02194,0.99929,0.00034,0.00001,0.00036
129.92000,1.02194,0.99927,0.00041,0.00001,0.00031
130.06000,1.02194,0.99951,0.00027,0.00001,0.00021
130.20000,1.02194,0.99951,0.00020,0.00001,0.00028
130.34000,1.02194,0.99915,0.00026,0.00002,0.00057
130.48000,1.02194,0.99916,0.00028,0.00002,0.00054
130.62000,1.02194,0.99882,0.00027,0.00003,0.00089
130.75999,1.02194,0.99664,0.00047,0.00008,0.00280
130.89999,1.02194,0.99467,0.00031,0.00017,0.00485
131.03999,1.02194,0.99534,0.00034,0.00012,0.00420
131.17999,1.02194,0.99731,0.00031,0.00005,0.00233
131.32001,1.02193,0.99810,0.00043,0.00002,0.00146
131.46001,1.02193,0.99485,0.00033,0.00006,0.00476
131.60001,1.02193,0.99300,0.00036,0.00012,0.00652
131.74001,1.02193,0.99596,0.00008,0.00007,0.00389
131.88000,1.02193,0.99606,0.00004,0.00007,0.00383
132.02000,1.02193,0.99619,0.00005,0.00007,0.00369
132.16000,1.02193,0.99661,0.00003,0.00006,0.00330
132.30000,1.02193,0.99665,0.00001,0.00006,0.00328
132.44000,1.02194,0.99936,0.00001,0.00001,0.00062
132.58000,1.02194,0.99985,0.00000,0.00000,0.00015
132.72000,1.02194,0.99983,0.00001,0.00000,0.00016
132.86000,1.02194,0.99984,0.00001,0.00000,0.00015
133.00000,1.02194,0.99977,0.00001,0.00000,0.00022
133.14000,1.02194,0.99968,0.00001,0.00001,0.00031
133.28000,1.02194,0.99954,0.00000,0.00001,0.00045
133.42000,1.02194,0.99944,0.00000,0.00001,0.00054
133.56000,1.02194,0.99947,0.00000,0.00001,0.00052
133.70000,1.02194,0.99954,0.00000,0.00001,0.00045
133.84000,1.02194,0.99951,0.00001,0.00001,0.00047
133.98000,1.02194,0.99957,0.00001,0.00001,0.00041
134.12000,1.02194,0.99953,0.00001,0.00001,0.00045
134.25999,1.02194,0.99909,0.00001,0.00002,0.00087
134.39999,1.02194,0.99888,0.00001,0.00003,0.00108
134.53999,1.02194,0.99896,0.00001,0.00003,0.00100
134.67999,1.02194,0.99889,0.00001,0.00003,0.00107
134.82001,1.02193,0.99888,0.00001,0.00003,0.00108
134.96001,1.02193,0.99868,0.00001,0.00004,0.00127
135.10001,1.02193,0.99858,0.00002,0.00005,0.00136
135.24001,1.02193,0.99928,0.00001,0.00002,0.00069
