Time (seconds), Duration (seconds),pred_(unlabeled),pred_brushing_teeth,pred_hair_drying,pred_showering
0.00000,0.62194,0.99998,0.00000,0.00002,0.00000
0.33000,0.62194,0.24829,0.00007,0.00045,0.75119
0.66000,0.62194,0.32181,0.00020,0.00130,0.67669
0.99000,0.62194,0.14675,0.00012,0.00213,0.85100
1.32000,0.62194,0.28690,0.00014,0.00180,0.71116
1.65000,0.62194,0.17992,0.00005,0.00055,0.81947
1.98000,0.62194,0.21881,0.00013,0.00132,0.77974
2.31000,0.62194,0.28115,0.00012,0.00202,0.71672
2.64000,0.62194,0.23037,0.00012,0.00205,0.76746
2.97000,0.62194,0.24168,0.00005,0.00149,0.75678
3.30000,0.62194,0.14352,0.00012,0.00161,0.85475
3.63000,0.62194,0.18153,0.00004,0.00230,0.81613
3.96000,0.62194,0.35429,0.00010,0.00151,0.64410
4.29000,0.62194,0.44475,0.00008,0.00007,0.55510
4.62000,0.62194,0.63687,0.00005,0.00021,0.36287
4.95000,0.62194,0.81628,0.00002,0.00024,0.18346
5.28000,0.62194,0.59832,0.00020,0.00175,0.39973
5.61000,0.62194,0.99625,0.00003,0.00003,0.00369
5.94000,0.62194,0.99668,0.00009,0.00001,0.00322
6.27000,0.62194,0.94181,0.00005,0.00026,0.05788
6.60000,0.62194,0.27823,0.00015,0.00545,0.71617
6.93000,0.62194,0.41719,0.00005,0.02787,0.55489
7.26000,0.62194,0.77709,0.00008,0.00386,0.21898
7.59000,0.62194,0.38253,0.00003,0.00067,0.61677
7.92000,0.62194,0.20882,0.00008,0.00331,0.78779
8.25000,0.62194,0.16305,0.00006,0.00207,0.83483
8.58000,0.62194,0.94775,0.00227,0.00120,0.04878
8.91000,0.62194,0.99938,0.00056,0.00001,0.00006
9.24000,0.62194,0.99109,0.00015,0.00006,0.00870
9.57000,0.62194,0.36978,0.00010,0.00932,0.62080
9.90000,0.62194,0.42634,0.00008,0.00690,0.56667
10.23000,0.62194,0.12891,0.00012,0.00396,0.86701
10.56000,0.62194,0.84097,0.00489,0.00359,0.15056
10.89000,0.62194,0.99952,0.00029,0.00002,0.00018
11.22000,0.62194,0.98354,0.00022,0.00025,0.01598
11.55000,0.62194,0.37047,0.00008,0.00219,0.62726
11.88000,0.62194,0.06512,0.00307,0.00203,0.92978
12.21000,0.62194,0.18864,0.00016,0.00072,0.81048
12.54000,0.62194,0.09834,0.00663,0.00099,0.89404
12.87000,0.62194,0.06061,0.00128,0.00013,0.93798
13.20000,0.62194,0.02393,0.00808,0.00022,0.96777
13.53000,0.62194,0.06449,0.00089,0.00015,0.93446
13.86000,0.62194,0.67732,0.07488,0.00015,0.24765
14.19000,0.62194,0.83656,0.08214,0.00004,0.08126
14.52000,0.62194,0.93941,0.02228,0.00005,0.03826
14.85000,0.62194,0.45083,0.00055,0.00007,0.54854
15.18000,0.62194,0.25162,0.00000,0.00003,0.74835
15.51000,0.62194,0.36265,0.00001,0.00093,0.63640
15.84000,0.62194,0.23992,0.00008,0.00337,0.75664
16.17000,0.62194,0.10174,0.00007,0.00105,0.89714
16.50000,0.62194,0.17174,0.00608,0.00111,0.82106
16.83000,0.62194,0.40847,0.01547,0.00401,0.57205
17.16000,0.62194,0.94396,0.00000,0.00029,0.05575
17.49000,0.62194,0.22984,0.00059,0.01202,0.75755
17.82000,0.62194,0.02122,0.00165,0.00024,0.97689
18.15000,0.62194,0.02316,0.00035,0.00001,0.97647
18.48000,0.62194,0.00471,0.00008,0.00000,0.99521
18.81000,0.62194,0.00783,0.00003,0.00000,0.99214
19.14000,0.62194,0.00839,0.00005,0.00000,0.99156
19.47000,0.62194,0.00715,0.00012,0.00000,0.99272
19.80000,0.62194,0.00677,0.00004,0.00000,0.99319
20.13000,0.62194,0.00729,0.00006,0.00000,0.99265
20.46000,0.62194,0.00492,0.00020,0.00000,0.99488
20.79000,0.62194,0.00546,0.00024,0.00000,0.99429
21.12000,0.62194,0.00555,0.00023,0.00000,0.99421
21.45000,0.62194,0.00397,0.00032,0.00000,0.99571
21.78000,0.62194,0.00349,0.00051,0.00001,0.99599
22.11000,0.62194,0.00706,0.00007,0.00000,0.99287
22.44000,0.62194,0.00557,0.00013,0.00000,0.99430
22.77000,0.62194,0.00555,0.00034,0.00001,0.99411
23.10000,0.62194,0.00437,0.00002,0.00000,0.99561
23.43000,0.62194,0.00531,0.00002,0.00000,0.99467
23.76000,0.62194,0.00634,0.00007,0.00000,0.99359
24.09000,0.62194,0.00498,0.00015,0.00000,0.99487
24.42000,0.62194,0.00630,0.00022,0.00001,0.99347
24.75000,0.62194,0.00744,0.00007,0.00001,0.99249
25.08000,0.62194,0.00694,0.00005,0.00000,0.99300
25.41000,0.62194,0.00537,0.00008,0.00000,0.99455
25.74000,0.62194,0.00673,0.00019,0.00001,0.99306
26.07000,0.62194,0.00537,0.00003,0.00000,0.99460
26.40000,0.62194,0.00732,0.00005,0.00000,0.99263
26.73000,0.62194,0.00929,0.00011,0.00001,0.99060
27.06000,0.62194,0.00752,0.00004,0.00000,0.99245
27.39000,0.62194,0.00531,0.00005,0.00000,0.99463
27.72000,0.62194,0.00642,0.00010,0.00001,0.99347
28.05000,0.62194,0.00637,0.00006,0.00001,0.99357
28.38000,0.62194,0.00760,0.00015,0.00001,0.99223
28.71000,0.62194,0.00749,0.00017,0.00001,0.99234
29.04000,0.62194,0.00652,0.00011,0.00001,0.99336
29.37000,0.62194,0.00577,0.00012,0.00001,0.99411
29.70000,0.62194,0.00762,0.00007,0.00000,0.99231
30.03000,0.62194,0.00624,0.00014,0.00001,0.99362
30.36000,0.62194,0.00572,0.00011,0.00000,0.99417
30.69000,0.62194,0.00744,0.00015,0.00001,0.99240
31.02000,0.62194,0.00564,0.00010,0.00001,0.99425
31.35000,0.62194,0.00676,0.00015,0.00001,0.99308
31.68000,0.62194,0.00719,0.00002,0.00000,0.99279
32.01000,0.62194,0.00742,0.00006,0.00001,0.99251
32.34000,0.62194,0.00725,0.00013,0.00001,0.99261
32.67000,0.62194,0.00569,0.00017,0.00001,0.99413
33.00000,0.62194,0.00534,0.00014,0.00001,0.99450
33.33000,0.62194,0.00411,0.00054,0.00001,0.99534
33.66000,0.62194,0.00506,0.00061,0.00001,0.99432
33.99000,0.62194,0.00514,0.00019,0.00001,0.99466
34.32000,0.62194,0.00668,0.00022,0.00002,0.99308
34.65000,0.62194,0.00477,0.00018,0.00001,0.99504
34.98000,0.62194,0.00495,0.00009,0.00001,0.99496
35.31000,0.62194,0.00756,0.00023,0.00001,0.99220
35.64000,0.62194,0.00529,0.00009,0.00000,0.99462
35.97000,0.62194,0.00516,0.00010,0.00000,0.99474
36.30000,0.62194,0.00628,0.00009,0.00001,0.99363
36.63000,0.62194,0.00555,0.00012,0.00001,0.99432
36.96000,0.62194,0.00732,0.00016,0.00001,0.99251
37.29000,0.62194,0.00478,0.00018,0.00001,0.99503
37.62000,0.62194,0.00610,0.00016,0.00001,0.99373
37.95000,0.62194,0.00546,0.00010,0.00000,0.99444
38.28000,0.62194,0.00711,0.00017,0.00001,0.99270
38.61000,0.62194,0.00547,0.00008,0.00001,0.99444
38.94000,0.62194,0.00550,0.00013,0.00001,0.99435
39.27000,0.62194,0.00703,0.00015,0.00001,0.99281
39.60000,0.62194,0.01019,0.00009,0.00002,0.98970
39.93000,0.62194,0.00747,0.00011,0.00001,0.99241
40.26000,0.62194,0.00823,0.00018,0.00001,0.99158
40.59000,0.62194,0.00950,0.00028,0.00000,0.99022
40.92000,0.62194,0.01390,0.00041,0.00001,0.98568
41.25000,0.62194,0.01105,0.00041,0.00002,0.98852
41.58000,0.62194,0.00729,0.00027,0.00001,0.99243
41.91000,0.62194,0.00850,0.00005,0.00000,0.99145
42.24000,0.62194,0.00846,0.00022,0.00001,0.99131
42.57000,0.62194,0.00528,0.00038,0.00001,0.99433
42.90000,0.62194,0.00597,0.00004,0.00000,0.99399
43.23000,0.62194,0.00773,0.00029,0.00001,0.99197
43.56000,0.62194,0.01209,0.00007,0.00000,0.98783
43.89000,0.62194,0.00749,0.00055,0.00001,0.99195
44.22000,0.62194,0.00839,0.00011,0.00000,0.99150
44.55000,0.62194,0.00748,0.00007,0.00000,0.99245
44.88000,0.62194,0.00720,0.00021,0.00000,0.99259
45.21000,0.62194,0.01420,0.00005,0.00000,0.98575
45.54000,0.62194,0.00640,0.00002,0.00000,0.99358
45.87000,0.62194,0.01038,0.00001,0.00000,0.98960
46.20000,0.62194,0.01297,0.00000,0.00000,0.98703
46.53000,0.62194,0.01624,0.00000,0.00000,0.98376
46.86000,0.62194,0.01445,0.00001,0.00000,0.98555
47.19000,0.62194,0.03790,0.00004,0.00000,0.96206
47.52000,0.62194,0.01118,0.00002,0.00000,0.98880
47.85000,0.62194,0.00518,0.00001,0.00000,0.99480
48.18000,0.62194,0.01196,0.00004,0.00000,0.98799
48.51000,0.62194,0.01314,0.00010,0.00000,0.98675
48.84000,0.62194,0.00939,0.00001,0.00000,0.99060
49.17000,0.62194,0.01781,0.00001,0.00000,0.98219
49.50000,0.62194,0.02277,0.00023,0.00000,0.97700
49.83000,0.62194,0.00808,0.00022,0.00000,0.99171
50.16000,0.62194,0.00636,0.00013,0.00000,0.99351
50.49000,0.62194,0.00763,0.00010,0.00000,0.99226
50.82000,0.62194,0.00564,0.00002,0.00000,0.99435
51.15000,0.62194,0.00837,0.00019,0.00000,0.99144
51.48000,0.62194,0.00803,0.00024,0.00000,0.99173
51.81000,0.62194,0.00899,0.00030,0.00000,0.99071
52.14000,0.62194,0.00935,0.00006,0.00000,0.99059
52.47000,0.62194,0.00855,0.00005,0.00000,0.99140
52.80000,0.62194,0.00406,0.00007,0.00000,0.99587
53.13000,0.62194,0.00491,0.00026,0.00000,0.99483
53.46000,0.62194,0.00495,0.00006,0.00000,0.99499
53.79000,0.62194,0.00429,0.00002,0.00000,0.99569
54.12000,0.62194,0.00779,0.00021,0.00000,0.99200
54.45000,0.62194,0.00687,0.00015,0.00000,0.99297
54.78000,0.62194,0.01336,0.00004,0.00000,0.98660
55.11000,0.62194,0.00932,0.00001,0.00000,0.99067
55.44000,0.62194,0.01022,0.00001,0.00000,0.98976
55.77000,0.62194,0.01262,0.00264,0.00000,0.98474
56.10000,0.62194,0.00456,0.00006,0.00000,0.99538
56.43000,0.62194,0.01832,0.00001,0.00000,0.98167
56.76000,0.62194,0.01301,0.00007,0.00000,0.98693
57.09000,0.62194,0.00389,0.00004,0.00000,0.99607
57.42000,0.62194,0.00586,0.00012,0.00000,0.99402
57.75000,0.62194,0.01203,0.00154,0.00001,0.98641
58.08000,0.62194,0.00529,0.00037,0.00000,0.99433
58.41000,0.62194,0.00557,0.00009,0.00000,0.99434
58.74000,0.62194,0.00598,0.00005,0.00000,0.99398
59.07000,0.62194,0.01071,0.00009,0.00000,0.98920
59.40000,0.62194,0.00922,0.00022,0.00000,0.99056
59.73000,0.62194,0.00810,0.00004,0.00000,0.99186
60.06000,0.62194,0.02081,0.00082,0.00000,0.97837
60.39000,0.62194,0.01793,0.00070,0.00000,0.98136
60.72000,0.62194,0.00720,0.00000,0.00000,0.99279
61.05000,0.62194,0.02143,0.00010,0.00000,0.97847
61.38000,0.62194,0.00632,0.00128,0.00000,0.99239
61.71000,0.62194,0.00438,0.00058,0.00000,0.99503
62.04000,0.62194,0.00377,0.00002,0.00000,0.99621
62.37000,0.62194,0.01403,0.00006,0.00000,0.98591
62.70000,0.62194,0.00582,0.00002,0.00000,0.99416
63.03000,0.62194,0.00996,0.00006,0.00000,0.98998
63.36000,0.62194,0.00664,0.00008,0.00000,0.99328
63.69000,0.62194,0.00563,0.00014,0.00000,0.99423
64.02000,0.62194,0.00719,0.00008,0.00000,0.99273
64.35000,0.62194,0.00804,0.00013,0.00000,0.99183
64.68000,0.62194,0.00699,0.00121,0.00001,0.99179
65.01000,0.62193,0.02231,0.00006,0.00000,0.97762
65.34000,0.62194,0.00521,0.00002,0.00000,0.99477
65.67000,0.62194,0.00542,0.00015,0.00000,0.99443
66.00000,0.62194,0.01048,0.00005,0.00000,0.98946
66.33000,0.62193,0.01069,0.00002,0.00000,0.98929
66.66000,0.62193,0.01257,0.00036,0.00000,0.98706
66.99000,0.62194,0.00578,0.00014,0.00000,0.99408
67.32000,0.62194,0.00952,0.00037,0.00000,0.99011
67.65000,0.62193,0.00893,0.00068,0.00000,0.99039
67.98000,0.62193,0.01183,0.01043,0.00001,0.97773
68.31000,0.62194,0.00961,0.00089,0.00000,0.98949
68.64000,0.62194,0.01101,0.00008,0.00000,0.98891
68.97000,0.62193,0.01070,0.00066,0.00000,0.98864
69.30000,0.62193,0.00857,0.00005,0.00000,0.99138
69.63000,0.62194,0.00573,0.00008,0.00000,0.99419
69.96000,0.62194,0.00823,0.00013,0.00000,0.99164
70.29000,0.62193,0.00570,0.00001,0.00000,0.99430
70.62000,0.62193,0.01538,0.00006,0.00000,0.98456
70.95000,0.62194,0.01342,0.00007,0.00000,0.98651
71.28000,0.62194,0.01061,0.00002,0.00000,0.98937
71.61000,0.62194,0.00435,0.00006,0.00000,0.99559
71.94000,0.62193,0.00637,0.00019,0.00000,0.99344
72.27000,0.62194,0.00505,0.00001,0.00000,0.99493
72.60000,0.62194,0.00537,0.00000,0.00000,0.99463
72.93000,0.62194,0.01278,0.00046,0.00000,0.98675
73.26000,0.62193,0.00797,0.00002,0.00000,0.99200
73.59000,0.62194,0.00804,0.00019,0.00000,0.99177
73.92000,0.62194,0.00428,0.00011,0.00000,0.99561
74.25000,0.62194,0.01054,0.00004,0.00000,0.98942
74.58000,0.62193,0.01594,0.00002,0.00000,0.98404
74.91000,0.62193,0.00943,0.00005,0.00000,0.99051
75.24000,0.62194,0.00456,0.00001,0.00000,0.99543
75.57000,0.62194,0.00730,0.00029,0.00000,0.99241
75.90000,0.62193,0.00712,0.00002,0.00000,0.99285
76.23000,0.62193,0.00725,0.00001,0.00000,0.99274
76.56000,0.62194,0.00868,0.00004,0.00000,0.99127
76.89000,0.62194,0.00902,0.00005,0.00000,0.99093
77.22000,0.62193,0.00757,0.00005,0.00000,0.99238
77.55000,0.62193,0.00655,0.00008,0.00000,0.99337
77.88000,0.62194,0.00599,0.00008,0.00000,0.99393
78.21000,0.62194,0.02403,0.00210,0.00001,0.97386
78.54000,0.62193,0.02337,0.00020,0.00001,0.97642
78.87000,0.62193,0.01663,0.00004,0.00000,0.98333
79.20000,0.62194,0.00797,0.00011,0.00000,0.99192
79.53000,0.62194,0.00869,0.00001,0.00000,0.99130
79.86000,0.62194,0.01078,0.00124,0.00000,0.98798
80.19000,0.62193,0.00683,0.00005,0.00000,0.99312
80.52000,0.62194,0.00930,0.00006,0.00000,0.99064
80.85000,0.62194,0.00346,0.00008,0.00000,0.99646
81.18000,0.62194,0.00920,0.00021,0.00000,0.99058
81.51000,0.62193,0.01017,0.00001,0.00000,0.98982
81.84000,0.62194,0.01127,0.00058,0.00000,0.98815
82.17000,0.62194,0.00333,0.00021,0.00000,0.99646
82.50000,0.62194,0.00903,0.00043,0.00000,0.99054
82.83000,0.62193,0.00813,0.00008,0.00000,0.99179
83.16000,0.62193,0.01483,0.00002,0.00000,0.98515
83.49000,0.62194,0.00992,0.00002,0.00000,0.99006
83.82000,0.62194,0.00605,0.00011,0.00000,0.99384
84.15000,0.62193,0.00694,0.00003,0.00000,0.99303
84.48000,0.62193,0.00658,0.00004,0.00000,0.99338
84.81000,0.62194,0.02630,0.00003,0.00000,0.97367
85.14000,0.62194,0.05947,0.00003,0.00000,0.94050
85.47000,0.62193,0.00853,0.00001,0.00000,0.99146
85.80000,0.62193,0.00719,0.00003,0.00000,0.99278
86.13000,0.62194,0.00629,0.00001,0.00000,0.99370
86.46000,0.62194,0.00754,0.00002,0.00000,0.99244
86.79000,0.62193,0.00583,0.00010,0.00000,0.99407
87.12000,0.62193,0.00787,0.00004,0.00000,0.99209
87.45000,0.62194,0.01066,0.00003,0.00000,0.98931
87.78000,0.62194,0.00848,0.00002,0.00000,0.99150
88.11000,0.62194,0.00427,0.00005,0.00000,0.99568
88.44000,0.62193,0.00840,0.00000,0.00000,0.99160
88.77000,0.62194,0.01164,0.00002,0.00000,0.98834
89.10000,0.62194,0.01252,0.00013,0.00000,0.98736
89.43000,0.62194,0.04890,0.00125,0.00000,0.94984
89.76000,0.62193,0.00578,0.00007,0.00000,0.99414
90.09000,0.62194,0.00818,0.00003,0.00000,0.99179
90.42000,0.62194,0.01028,0.00002,0.00000,0.98970
90.75000,0.62194,0.00746,0.00002,0.00000,0.99252
91.08000,0.62193,0.00632,0.00001,0.00000,0.99367
91.41000,0.62193,0.00866,0.00012,0.00000,0.99122
91.74000,0.62194,0.00776,0.00008,0.00000,0.99216
92.07000,0.62194,0.00879,0.00024,0.00000,0.99097
92.40000,0.62193,0.00794,0.00000,0.00000,0.99205
92.73000,0.62193,0.01365,0.00000,0.00000,0.98634
93.06000,0.62194,0.00820,0.00005,0.00000,0.99176
93.39000,0.62194,0.01071,0.00002,0.00000,0.98927
93.72000,0.62193,0.00663,0.00007,0.00000,0.99330
94.05000,0.62193,0.00679,0.00025,0.00000,0.99296
94.38000,0.62194,0.00690,0.00044,0.00000,0.99265
94.71000,0.62194,0.00549,0.00145,0.00000,0.99307
95.04000,0.62193,0.00484,0.00011,0.00000,0.99505
95.37000,0.62193,0.00533,0.00004,0.00000,0.99462
95.70000,0.62194,0.00769,0.00005,0.00000,0.99226
96.03000,0.62194,0.00687,0.00009,0.00000,0.99304
96.36000,0.62194,0.00476,0.00003,0.00000,0.99521
96.69000,0.62193,0.00448,0.00007,0.00000,0.99545
97.02000,0.62194,0.00523,0.00010,0.00000,0.99466
97.35000,0.62194,0.00873,0.00002,0.00000,0.99125
97.68000,0.62194,0.01293,0.00017,0.00000,0.98690
98.01000,0.62193,0.00468,0.00040,0.00000,0.99492
98.34000,0.62194,0.00600,0.00034,0.00000,0.99365
98.67000,0.62194,0.00818,0.00011,0.00000,0.99170
99.00000,0.62194,0.02344,0.00024,0.00000,0.97632
99.33000,0.62193,0.02070,0.00295,0.00000,0.97634
99.66000,0.62193,0.00843,0.00008,0.00000,0.99149
99.99000,0.62194,0.00500,0.00008,0.00000,0.99492
100.32000,0.62194,0.00580,0.00005,0.00000,0.99415
100.65000,0.62193,0.00782,0.00005,0.00000,0.99213
100.98000,0.62193,0.00839,0.00004,0.00000,0.99157
101.31000,0.62194,0.00765,0.00020,0.00000,0.99215
101.64000,0.62194,0.00598,0.00035,0.00000,0.99367
101.97000,0.62193,0.00881,0.00003,0.00000,0.99116
102.30000,0.62193,0.02017,0.00004,0.00000,0.97978
102.63000,0.62194,0.00854,0.00002,0.00000,0.99144
102.96000,0.62194,0.00907,0.00012,0.00000,0.99080
103.29000,0.62193,0.00428,0.00001,0.00000,0.99570
103.62000,0.62193,0.00698,0.00004,0.00000,0.99297
103.95000,0.62194,0.00664,0.00004,0.00000,0.99332
104.28000,0.62194,0.00594,0.00002,0.00000,0.99403
104.61000,0.62194,0.00611,0.00017,0.00000,0.99372
104.94000,0.62193,0.00610,0.00012,0.00000,0.99378
105.27000,0.62194,0.00537,0.00006,0.00000,0.99457
105.60000,0.62194,0.00593,0.00012,0.00000,0.99395
105.93000,0.62194,0.00533,0.00012,0.00000,0.99455
106.26000,0.62193,0.00615,0.00007,0.00000,0.99378
106.59000,0.62194,0.00847,0.00003,0.00000,0.99150
106.92000,0.62194,0.00829,0.00010,0.00000,0.99161
107.25000,0.62194,0.00652,0.00017,0.00000,0.99331
107.58000,0.62193,0.00403,0.00029,0.00000,0.99567
107.91000,0.62193,0.00436,0.00149,0.00001,0.99415
108.24000,0.62194,0.00680,0.00039,0.00000,0.99281
108.57000,0.62194,0.00568,0.00021,0.00000,0.99411
108.90000,0.62193,0.00598,0.00046,0.00000,0.99355
109.23000,0.62193,0.00574,0.00009,0.00000,0.99417
109.56000,0.62194,0.01046,0.00007,0.00000,0.98947
109.89000,0.62194,0.00799,0.00012,0.00000,0.99189
110.22000,0.62193,0.00450,0.00025,0.00000,0.99525
110.55000,0.62193,0.00903,0.00007,0.00000,0.99090
110.88000,0.62194,0.00927,0.00008,0.00000,0.99066
111.21000,0.62194,0.00925,0.00011,0.00000,0.99064
111.54000,0.62193,0.00642,0.00010,0.00000,0.99348
111.87000,0.62193,0.00716,0.00005,0.00000,0.99280
112.20000,0.62194,0.01002,0.00014,0.00000,0.98984
112.53000,0.62194,0.02329,0.00004,0.00000,0.97667
112.86000,0.62194,0.00742,0.00004,0.00000,0.99253
113.19000,0.62193,0.00793,0.00008,0.00000,0.99199
113.52000,0.62194,0.00729,0.00008,0.00000,0.99263
113.85000,0.62194,0.01108,0.00004,0.00000,0.98888
114.18000,0.62194,0.01085,0.00013,0.00000,0.98901
114.51000,0.62193,0.00496,0.00008,0.00000,0.99496
114.84000,0.62194,0.00451,0.00031,0.00000,0.99518
115.17000,0.62194,0.00661,0.00017,0.00000,0.99322
115.50000,0.62194,0.01517,0.00005,0.00000,0.98478
115.83000,0.62193,0.00614,0.00013,0.00000,0.99372
116.16000,0.62193,0.03017,0.00008,0.00000,0.96974
116.49000,0.62194,0.02087,0.00136,0.00001,0.97776
116.82000,0.62194,0.00695,0.00008,0.00000,0.99297
117.15000,0.62193,0.00712,0.00008,0.00000,0.99279
117.48000,0.62193,0.00881,0.00004,0.00000,0.99115
117.81000,0.62194,0.00647,0.00029,0.00000,0.99324
118.14000,0.62194,0.00559,0.00003,0.00000,0.99438
118.47000,0.62193,0.01201,0.00010,0.00000,0.98789
118.80000,0.62193,0.00488,0.00009,0.00000,0.99503
119.13000,0.62194,0.00630,0.00012,0.00000,0.99358
119.46000,0.62194,0.00478,0.00030,0.00000,0.99492
119.79000,0.62193,0.00575,0.00008,0.00000,0.99417
120.12000,0.62193,0.00710,0.00003,0.00000,0.99287
120.45000,0.62194,0.01656,0.00002,0.00000,0.98342
120.78000,0.62194,0.00513,0.00013,0.00000,0.99474
121.11000,0.62194,0.00455,0.00042,0.00000,0.99503
121.44000,0.62193,0.00353,0.00023,0.00000,0.99624
121.77000,0.62194,0.01529,0.00007,0.00000,0.98464
122.10000,0.62194,0.00601,0.00002,0.00000,0.99397
122.43000,0.62194,0.00685,0.00001,0.00000,0.99314
122.76000,0.62193,0.00766,0.00001,0.00000,0.99233
123.09000,0.62194,0.00615,0.00013,0.00000,0.99371
123.42000,0.62194,0.00543,0.00018,0.00000,0.99438
123.75000,0.62194,0.00895,0.00047,0.00002,0.99056
124.08000,0.62193,0.03583,0.00045,0.00005,0.96367
124.41000,0.62193,0.05660,0.00004,0.00001,0.94335
124.74000,0.62194,0.04764,0.00004,0.00000,0.95232
125.07000,0.62194,0.00630,0.00002,0.00000,0.99368
125.40000,0.62193,0.00757,0.00004,0.00000,0.99239
125.73000,0.62193,0.00651,0.00002,0.00000,0.99346
126.06000,0.62194,0.00965,0.00002,0.00000,0.99033
126.39000,0.62194,0.00654,0.00003,0.00000,0.99343
126.72000,0.62193,0.00784,0.00002,0.00000,0.99214
127.05000,0.62193,0.00766,0.00006,0.00000,0.99229
127.38000,0.62194,0.00966,0.00006,0.00000,0.99028
127.71000,0.62194,0.00526,0.00015,0.00000,0.99458
128.03999,0.62195,0.00747,0.00003,0.00000,0.99250
128.37000,0.62195,0.00722,0.00006,0.00000,0.99272
128.70000,0.62193,0.00793,0.00006,0.00000,0.99201
129.03000,0.62193,0.00682,0.00008,0.00000,0.99310
129.36000,0.62193,0.00612,0.00017,0.00000,0.99371
129.69000,0.62193,0.01036,0.00002,0.00000,0.98962
130.02000,0.62193,0.00899,0.00007,0.00000,0.99094
130.35001,0.62193,0.00785,0.00001,0.00000,0.99214
130.67999,0.62195,0.00748,0.00002,0.00000,0.99249
131.00999,0.62195,0.00920,0.00009,0.00000,0.99071
131.34000,0.62195,0.00816,0.00022,0.00000,0.99162
131.67000,0.62193,0.00445,0.00022,0.00000,0.99533
132.00000,0.62193,0.00477,0.00016,0.00000,0.99506
132.33000,0.62193,0.00600,0.00032,0.00000,0.99368
132.66000,0.62193,0.00524,0.00014,0.00000,0.99462
132.99001,0.62193,0.00441,0.00011,0.00000,0.99548
133.32001,0.62193,0.00558,0.00004,0.00000,0.99439
133.64999,0.62195,0.00734,0.00005,0.00000,0.99261
133.98000,0.62195,0.00407,0.00002,0.00000,0.99591
134.31000,0.62193,0.00867,0.00003,0.00000,0.99130
134.64000,0.62193,0.00622,0.00008,0.00000,0.99370
134.97000,0.62193,0.00482,0.00016,0.00000,0.99502
135.30000,0.62193,0.00910,0.00003,0.00000,0.99087
135.63000,0.62193,0.00357,0.00001,0.00000,0.99643
135.96001,0.62193,0.00436,0.00031,0.00000,0.99533
136.28999,0.62195,0.00429,0.00028,0.00000,0.99543
136.62000,0.62195,0.00455,0.00002,0.00000,0.99543
136.95000,0.62193,0.00659,0.00002,0.00000,0.99339
137.28000,0.62193,0.01180,0.00001,0.00000,0.98819
137.61000,0.62193,0.00662,0.00004,0.00000,0.99334
137.94000,0.62193,0.00997,0.00035,0.00000,0.98968
138.27000,0.62193,0.02840,0.00088,0.00003,0.97069
138.60001,0.62193,0.04392,0.00034,0.00004,0.95570
138.92999,0.62195,0.02346,0.00005,0.00000,0.97649
139.25999,0.62195,0.01000,0.00004,0.00000,0.98996
139.59000,0.62195,0.00934,0.00001,0.00000,0.99065
139.92000,0.62193,0.00518,0.00011,0.00000,0.99471
140.25000,0.62193,0.01162,0.00116,0.00000,0.98723
140.58000,0.62193,0.01128,0.00012,0.00000,0.98860
140.91000,0.62193,0.01291,0.00000,0.00000,0.98709
141.24001,0.62193,0.01448,0.00000,0.00000,0.98552
141.57001,0.62193,0.00587,0.00001,0.00000,0.99412
141.89999,0.62195,0.01329,0.00001,0.00000,0.98670
142.23000,0.62195,0.01097,0.00008,0.00000,0.98894
142.56000,0.62193,0.00645,0.00022,0.00000,0.99333
142.89000,0.62193,0.00542,0.00055,0.00000,0.99403
143.22000,0.62193,0.00915,0.00029,0.00000,0.99055
143.55000,0.62193,0.00509,0.00054,0.00000,0.99437
143.88000,0.62193,0.00453,0.00032,0.00000,0.99514
144.21001,0.62193,0.00720,0.00007,0.00000,0.99272
144.53999,0.62195,0.00556,0.00001,0.00000,0.99442
144.87000,0.62195,0.00566,0.00001,0.00000,0.99434
145.20000,0.62193,0.00296,0.00011,0.00000,0.99693
145.53000,0.62193,0.00425,0.00033,0.00000,0.99541
145.86000,0.62193,0.00372,0.00008,0.00000,0.99619
146.19000,0.62193,0.00798,0.00010,0.00000,0.99191
146.52000,0.62193,0.00697,0.00091,0.00000,0.99212
146.85001,0.62193,0.00595,0.00192,0.00001,0.99212
147.17999,0.62195,0.00650,0.00031,0.00000,0.99318
147.50999,0.62195,0.00631,0.00049,0.00000,0.99319
147.84000,0.62195,0.00445,0.00027,0.00000,0.99527
148.17000,0.62193,0.00545,0.00002,0.00000,0.99453
148.50000,0.62193,0.01108,0.00001,0.00000,0.98891
148.83000,0.62193,0.00968,0.00021,0.00000,0.99011
149.16000,0.62193,0.00750,0.00012,0.00000,0.99238
149.49001,0.62193,0.00963,0.00011,0.00000,0.99026
149.82001,0.62193,0.00699,0.00008,0.00000,0.99292
150.14999,0.62195,0.01131,0.00010,0.00000,0.98859
150.48000,0.62195,0.00562,0.00000,0.00000,0.99438
150.81000,0.62193,0.00787,0.00003,0.00000,0.99210
151.14000,0.62193,0.01239,0.00006,0.00000,0.98755
151.47000,0.62193,0.02523,0.00000,0.00000,0.97477
151.80000,0.62193,0.02152,0.00003,0.00000,0.97845
152.13000,0.62193,0.01277,0.00004,0.00000,0.98719
152.46001,0.62193,0.01622,0.00002,0.00000,0.98376
152.78999,0.62195,0.01185,0.00001,0.00000,0.98814
153.12000,0.62195,0.00800,0.00010,0.00000,0.99190
153.45000,0.62193,0.01030,0.00010,0.00000,0.98960
153.78000,0.62193,0.01177,0.00002,0.00000,0.98821
154.11000,0.62193,0.00955,0.00002,0.00000,0.99043
154.44000,0.62193,0.00716,0.00001,0.00000,0.99283
154.77000,0.62193,0.01106,0.00005,0.00000,0.98889
155.10001,0.62193,0.00423,0.00027,0.00000,0.99550
155.42999,0.62195,0.00612,0.00007,0.00000,0.99381
155.75999,0.62195,0.00946,0.00005,0.00000,0.99049
156.09000,0.62195,0.00504,0.00010,0.00000,0.99485
156.42000,0.62193,0.00679,0.00002,0.00000,0.99319
156.75000,0.62193,0.01130,0.00002,0.00000,0.98868
157.08000,0.62193,0.00804,0.00020,0.00000,0.99176
157.41000,0.62193,0.00499,0.00006,0.00000,0.99495
157.74001,0.62193,0.00459,0.00020,0.00000,0.99520
158.07001,0.62193,0.00900,0.00000,0.00000,0.99100
158.39999,0.62195,0.01390,0.00003,0.00000,0.98606
158.73000,0.62195,0.00634,0.00011,0.00000,0.99355
159.06000,0.62193,0.00637,0.00011,0.00000,0.99352
159.39000,0.62193,0.00430,0.00031,0.00000,0.99538
159.72000,0.62193,0.00471,0.00003,0.00000,0.99525
160.05000,0.62193,0.00494,0.00007,0.00000,0.99499
160.38000,0.62193,0.00389,0.00007,0.00000,0.99604
160.71001,0.62193,0.00491,0.00013,0.00000,0.99497
161.03999,0.62195,0.00475,0.00008,0.00000,0.99518
161.37000,0.62195,0.00456,0.00007,0.00000,0.99536
161.70000,0.62193,0.00892,0.00006,0.00000,0.99102
162.03000,0.62193,0.00614,0.00006,0.00000,0.99380
162.36000,0.62193,0.00915,0.00002,0.00000,0.99083
162.69000,0.62193,0.01184,0.00001,0.00000,0.98815
163.02000,0.62193,0.01001,0.00001,0.00000,0.98998
163.35001,0.62193,0.01217,0.00004,0.00000,0.98779
163.67999,0.62195,0.00713,0.00004,0.00000,0.99283
164.00999,0.62195,0.00599,0.00003,0.00000,0.99398
164.34000,0.62195,0.00676,0.00020,0.00000,0.99304
164.67000,0.62193,0.00726,0.00008,0.00000,0.99266
165.00000,0.62193,0.00867,0.00013,0.00000,0.99119
165.33000,0.62193,0.00701,0.00012,0.00000,0.99287
165.66000,0.62193,0.00405,0.00008,0.00000,0.99587
165.99001,0.62193,0.01169,0.00002,0.00000,0.98829
166.32001,0.62193,0.00504,0.00013,0.00000,0.99482
166.64999,0.62195,0.00577,0.00047,0.00001,0.99376
166.98000,0.62195,0.00576,0.00059,0.00000,0.99364
167.31000,0.62193,0.00522,0.00003,0.00000,0.99475
167.64000,0.62193,0.00809,0.00008,0.00000,0.99183
167.97000,0.62193,0.00508,0.00005,0.00000,0.99487
168.30000,0.62193,0.00476,0.00009,0.00000,0.99515
168.63000,0.62193,0.00542,0.00009,0.00000,0.99449
168.96001,0.62193,0.01297,0.00011,0.00000,0.98692
169.28999,0.62195,0.00613,0.00028,0.00000,0.99359
169.62000,0.62195,0.00541,0.00064,0.00001,0.99394
169.95000,0.62193,0.00400,0.00006,0.00000,0.99595
170.28000,0.62193,0.01688,0.00004,0.00000,0.98307
170.61000,0.62193,0.01409,0.00009,0.00000,0.98581
170.94000,0.62193,0.00709,0.00012,0.00000,0.99279
171.27000,0.62193,0.00577,0.00004,0.00000,0.99419
171.60001,0.62193,0.00524,0.00014,0.00000,0.99461
171.92999,0.62195,0.00691,0.00081,0.00001,0.99227
172.25999,0.62195,0.01725,0.00056,0.00001,0.98219
172.59000,0.62195,0.00542,0.00007,0.00000,0.99450
172.92000,0.62193,0.00510,0.00035,0.00000,0.99455
173.25000,0.62193,0.00482,0.00069,0.00000,0.99449
173.58000,0.62193,0.00412,0.00010,0.00000,0.99578
173.91000,0.62193,0.00386,0.00006,0.00000,0.99607
174.24001,0.62193,0.00557,0.00034,0.00000,0.99409
174.57001,0.62193,0.00831,0.00001,0.00000,0.99168
174.89999,0.62195,0.00620,0.00003,0.00000,0.99378
175.23000,0.62195,0.00665,0.00022,0.00000,0.99313
175.56000,0.62193,0.01227,0.00028,0.00000,0.98744
175.89000,0.62193,0.03368,0.00002,0.00000,0.96629
176.22000,0.62193,0.01640,0.00001,0.00000,0.98359
176.55000,0.62193,0.01246,0.00002,0.00000,0.98751
176.88000,0.62193,0.00803,0.00005,0.00000,0.99192
177.21001,0.62193,0.00731,0.00009,0.00000,0.99260
177.53999,0.62195,0.00479,0.00004,0.00000,0.99516
177.87000,0.62195,0.01404,0.00003,0.00000,0.98592
178.20000,0.62193,0.00903,0.00005,0.00000,0.99092
178.53000,0.62193,0.01228,0.00022,0.00000,0.98750
178.86000,0.62193,0.00906,0.00003,0.00000,0.99092
179.19000,0.62193,0.00472,0.00011,0.00000,0.99517
179.52000,0.62193,0.00831,0.00005,0.00000,0.99163
179.85001,0.62193,0.00707,0.00005,0.00000,0.99289
180.17999,0.62195,0.00455,0.00003,0.00000,0.99541
180.50999,0.62195,0.00537,0.00025,0.00000,0.99438
180.84000,0.62195,0.00516,0.00011,0.00000,0.99473
181.17000,0.62193,0.00665,0.00102,0.00000,0.99233
181.50000,0.62193,0.00720,0.00007,0.00000,0.99273
181.83000,0.62193,0.00833,0.00017,0.00000,0.99150
182.16000,0.62193,0.00578,0.00004,0.00000,0.99419
182.49001,0.62193,0.00807,0.00013,0.00000,0.99180
182.82001,0.62193,0.00751,0.00004,0.00000,0.99245
183.14999,0.62195,0.00829,0.00010,0.00000,0.99161
183.48000,0.62195,0.00497,0.00006,0.00000,0.99497
183.81000,0.62193,0.00531,0.00007,0.00000,0.99461
184.14000,0.62193,0.00666,0.00011,0.00000,0.99322
184.47000,0.62193,0.00732,0.00001,0.00000,0.99267
184.80000,0.62193,0.01318,0.00011,0.00000,0.98671
185.13000,0.62193,0.00511,0.00014,0.00000,0.99475
185.46001,0.62193,0.00555,0.00007,0.00000,0.99437
185.78999,0.62195,0.00742,0.00001,0.00000,0.99256
186.12000,0.62195,0.00665,0.00006,0.00000,0.99329
186.45000,0.62193,0.00454,0.00009,0.00000,0.99537
186.78000,0.62193,0.00587,0.00016,0.00000,0.99397
187.11000,0.62193,0.00762,0.00005,0.00000,0.99233
187.44000,0.62193,0.00679,0.00014,0.00000,0.99307
187.77000,0.62193,0.00719,0.00007,0.00000,0.99274
188.10001,0.62193,0.01883,0.00068,0.00000,0.98049
188.42999,0.62195,0.00781,0.00002,0.00000,0.99216
188.75999,0.62195,0.00427,0.00002,0.00000,0.99572
189.09000,0.62195,0.00675,0.00029,0.00000,0.99296
189.42000,0.62193,0.00640,0.00001,0.00000,0.99359
189.75000,0.62193,0.00696,0.00003,0.00000,0.99300
190.08000,0.62193,0.00479,0.00012,0.00000,0.99509
190.41000,0.62193,0.00761,0.00008,0.00000,0.99230
190.74001,0.62193,0.01040,0.00013,0.00000,0.98947
191.07001,0.62193,0.01160,0.00016,0.00000,0.98823
191.39999,0.62195,0.00522,0.00010,0.00000,0.99468
191.73000,0.62195,0.00513,0.00006,0.00000,0.99481
192.06000,0.62193,0.00417,0.00020,0.00000,0.99563
192.39000,0.62193,0.00384,0.00039,0.00000,0.99577
192.72000,0.62193,0.00514,0.00014,0.00000,0.99471
193.05000,0.62193,0.00417,0.00022,0.00000,0.99561
193.38000,0.62193,0.00415,0.00009,0.00000,0.99576
193.71001,0.62193,0.00687,0.00015,0.00001,0.99298
194.03999,0.62195,0.00603,0.00012,0.00000,0.99385
194.37000,0.62195,0.00676,0.00005,0.00000,0.99319
194.70000,0.62193,0.00639,0.00000,0.00000,0.99361
195.03000,0.62193,0.00468,0.00025,0.00000,0.99506
195.36000,0.62193,0.00486,0.00027,0.00000,0.99487
195.69000,0.62193,0.00558,0.00014,0.00000,0.99428
196.02000,0.62193,0.00534,0.00004,0.00000,0.99462
196.35001,0.62193,0.00591,0.00007,0.00000,0.99402
196.67999,0.62195,0.00626,0.00011,0.00000,0.99363
197.00999,0.62195,0.00395,0.00036,0.00000,0.99568
197.34000,0.62195,0.00434,0.00017,0.00000,0.99549
197.67000,0.62193,0.00796,0.00000,0.00000,0.99204
198.00000,0.62193,0.00598,0.00003,0.00000,0.99398
198.33000,0.62193,0.00686,0.00015,0.00000,0.99299
198.66000,0.62193,0.00505,0.00026,0.00001,0.99469
198.99001,0.62193,0.00679,0.00004,0.00000,0.99317
199.32001,0.62193,0.00597,0.00011,0.00000,0.99392
199.64999,0.62195,0.00501,0.00006,0.00000,0.99493
199.98000,0.62195,0.00510,0.00007,0.00000,0.99483
200.31000,0.62193,0.00539,0.00032,0.00000,0.99429
200.64000,0.62193,0.00422,0.00013,0.00000,0.99565
200.97000,0.62193,0.00671,0.00009,0.00000,0.99319
201.30000,0.62193,0.00654,0.00003,0.00000,0.99343
201.63000,0.62193,0.00649,0.00023,0.00000,0.99328
201.96001,0.62193,0.00441,0.00032,0.00000,0.99527
202.28999,0.62195,0.00509,0.00033,0.00000,0.99457
202.62000,0.62195,0.00501,0.00027,0.00000,0.99472
202.95000,0.62193,0.00809,0.00026,0.00001,0.99164
203.28000,0.62193,0.00416,0.00014,0.00000,0.99570
203.61000,0.62193,0.00520,0.00028,0.00000,0.99452
203.94000,0.62193,0.01035,0.00128,0.00001,0.98836
204.27000,0.62193,0.00574,0.00040,0.00001,0.99385
204.60001,0.62193,0.00439,0.00011,0.00000,0.99549
204.92999,0.62195,0.00987,0.00063,0.00001,0.98950
205.25999,0.62195,0.00621,0.00001,0.00000,0.99378
205.59000,0.62195,0.00768,0.00000,0.00000,0.99232
205.92000,0.62193,0.00588,0.00003,0.00000,0.99409
206.25000,0.62193,0.01030,0.00002,0.00000,0.98967
206.58000,0.62193,0.00622,0.00017,0.00000,0.99361
206.91000,0.62193,0.00672,0.00150,0.00002,0.99177
207.24001,0.62193,0.00640,0.00046,0.00000,0.99313
207.57001,0.62193,0.00736,0.00009,0.00000,0.99255
207.89999,0.62195,0.00731,0.00035,0.00000,0.99234
208.23000,0.62195,0.00420,0.00030,0.00000,0.99550
208.56000,0.62193,0.00618,0.00011,0.00000,0.99371
208.89000,0.62193,0.00575,0.00011,0.00000,0.99413
209.22000,0.62193,0.00546,0.00024,0.00000,0.99430
209.55000,0.62193,0.00562,0.00042,0.00000,0.99396
209.88000,0.62193,0.00423,0.00017,0.00000,0.99559
210.21001,0.62193,0.00648,0.00003,0.00000,0.99349
210.53999,0.62195,0.00814,0.00005,0.00000,0.99181
210.87000,0.62195,0.00805,0.00007,0.00000,0.99188
211.20000,0.62193,0.00560,0.00023,0.00000,0.99417
211.53000,0.62193,0.00405,0.00010,0.00000,0.99585
211.86000,0.62193,0.00654,0.00003,0.00000,0.99343
212.19000,0.62193,0.00532,0.00008,0.00000,0.99460
212.52000,0.62193,0.00624,0.00007,0.00000,0.99369
212.85001,0.62193,0.00394,0.00027,0.00000,0.99579
213.17999,0.62195,0.00431,0.00019,0.00000,0.99549
213.50999,0.62195,0.00624,0.00070,0.00000,0.99306
213.84000,0.62195,0.00573,0.00016,0.00000,0.99411
214.17000,0.62193,0.00509,0.00047,0.00000,0.99443
214.50000,0.62193,0.00469,0.00023,0.00000,0.99508
214.83000,0.62193,0.00564,0.00017,0.00000,0.99419
215.16000,0.62193,0.00637,0.00003,0.00000,0.99360
215.49001,0.62193,0.00635,0.00007,0.00000,0.99357
215.82001,0.62193,0.00809,0.00008,0.00000,0.99184
216.14999,0.62195,0.00970,0.00002,0.00000,0.99028
216.48000,0.62195,0.00442,0.00001,0.00000,0.99558
216.81000,0.62193,0.00634,0.00002,0.00000,0.99365
217.14000,0.62193,0.00523,0.00003,0.00000,0.99474
217.47000,0.62193,0.00550,0.00006,0.00000,0.99443
217.80000,0.62193,0.00667,0.00009,0.00000,0.99324
218.13000,0.62193,0.00725,0.00004,0.00000,0.99271
218.46001,0.62193,0.01243,0.00005,0.00000,0.98752
218.78999,0.62195,0.00465,0.00038,0.00000,0.99497
219.12000,0.62195,0.00731,0.00011,0.00000,0.99258
219.45000,0.62193,0.00485,0.00006,0.00000,0.99508
219.78000,0.62193,0.00817,0.00021,0.00000,0.99162
220.11000,0.62193,0.00774,0.00016,0.00000,0.99210
220.44000,0.62193,0.00747,0.00009,0.00000,0.99244
220.77000,0.62193,0.00918,0.00002,0.00000,0.99080
221.10001,0.62193,0.00697,0.00012,0.00001,0.99290
221.42999,0.62195,0.00592,0.00006,0.00000,0.99402
221.75999,0.62195,0.00994,0.00001,0.00000,0.99004
222.09000,0.62195,0.01830,0.00001,0.00000,0.98169
222.42000,0.62193,0.01677,0.00002,0.00000,0.98321
222.75000,0.62193,0.00875,0.00009,0.00000,0.99115
223.08000,0.62193,0.00467,0.00023,0.00000,0.99510
223.41000,0.62193,0.00495,0.00014,0.00000,0.99490
223.74001,0.62193,0.01050,0.00012,0.00000,0.98938
224.07001,0.62193,0.00818,0.00003,0.00000,0.99179
224.39999,0.62195,0.00450,0.00010,0.00000,0.99540
224.73000,0.62195,0.00664,0.00014,0.00000,0.99322
225.06000,0.62193,0.01091,0.00003,0.00000,0.98906
225.39000,0.62193,0.00663,0.00001,0.00000,0.99336
225.72000,0.62193,0.00497,0.00013,0.00000,0.99489
226.05000,0.62193,0.00293,0.00003,0.00000,0.99704
226.38000,0.62193,0.00808,0.00001,0.00000,0.99192
226.71001,0.62193,0.00894,0.00007,0.00000,0.99099
227.03999,0.62195,0.01708,0.00006,0.00000,0.98286
227.37000,0.62195,0.01025,0.00028,0.00000,0.98948
227.70000,0.62193,0.01586,0.00354,0.00001,0.98060
228.03000,0.62193,0.00758,0.00004,0.00000,0.99238
228.36000,0.62193,0.00815,0.00004,0.00000,0.99181
228.69000,0.62193,0.00821,0.00001,0.00000,0.99178
229.02000,0.62193,0.00476,0.00002,0.00000,0.99521
229.35001,0.62193,0.00525,0.00130,0.00000,0.99345
229.67999,0.62195,0.01014,0.00001,0.00000,0.98985
230.00999,0.62195,0.02202,0.00013,0.00000,0.97785
230.34000,0.62195,0.00469,0.00025,0.00000,0.99505
230.67000,0.62193,0.00590,0.00012,0.00000,0.99398
231.00000,0.62193,0.01132,0.00012,0.00000,0.98856
231.33000,0.62193,0.00478,0.00070,0.00000,0.99452
231.66000,0.62193,0.00456,0.00002,0.00000,0.99541
231.99001,0.62193,0.00590,0.00006,0.00000,0.99404
232.32001,0.62193,0.00308,0.00101,0.00000,0.99590
232.64999,0.62195,0.01253,0.00027,0.00000,0.98720
232.98000,0.62195,0.01786,0.00009,0.00000,0.98205
233.31000,0.62193,0.00675,0.00016,0.00000,0.99308
233.64000,0.62193,0.00805,0.00030,0.00000,0.99165
233.97000,0.62193,0.00778,0.00052,0.00000,0.99170
234.30000,0.62193,0.01437,0.00004,0.00000,0.98559
234.63000,0.62193,0.01731,0.00006,0.00000,0.98263
234.96001,0.62193,0.00937,0.00008,0.00000,0.99055
235.28999,0.62195,0.00998,0.00005,0.00000,0.98997
235.62000,0.62195,0.00391,0.00022,0.00000,0.99588
235.95000,0.62193,0.00738,0.00028,0.00000,0.99233
236.28000,0.62193,0.00940,0.00023,0.00000,0.99037
236.61000,0.62193,0.00536,0.00048,0.00000,0.99416
236.94000,0.62193,0.00606,0.00002,0.00000,0.99392
237.27000,0.62193,0.00775,0.00004,0.00000,0.99221
237.60001,0.62193,0.01446,0.00005,0.00000,0.98549
237.92999,0.62195,0.01049,0.00012,0.00000,0.98939
238.25999,0.62195,0.00507,0.00004,0.00000,0.99489
238.59000,0.62195,0.00901,0.00003,0.00000,0.99096
238.92000,0.62193,0.01192,0.00010,0.00000,0.98798
239.25000,0.62193,0.02153,0.00001,0.00000,0.97845
239.58000,0.62193,0.00948,0.00001,0.00000,0.99052
239.91000,0.62193,0.00719,0.00004,0.00000,0.99277
240.24001,0.62193,0.00887,0.00003,0.00000,0.99110
240.57001,0.62193,0.00589,0.00038,0.00000,0.99373
240.89999,0.62195,0.00580,0.00014,0.00000,0.99405
241.23000,0.62195,0.00474,0.00008,0.00000,0.99518
241.56000,0.62193,0.01801,0.00026,0.00000,0.98173
241.89000,0.62193,0.00583,0.00009,0.00000,0.99408
242.22000,0.62193,0.01036,0.00010,0.00000,0.98953
242.55000,0.62193,0.00671,0.00009,0.00000,0.99320
242.88000,0.62193,0.00551,0.00068,0.00001,0.99381
243.21001,0.62193,0.00603,0.00012,0.00000,0.99385
243.53999,0.62195,0.00617,0.00009,0.00000,0.99374
243.87000,0.62195,0.00612,0.00008,0.00000,0.99380
244.20000,0.62193,0.00589,0.00001,0.00000,0.99410
244.53000,0.62193,0.01339,0.00002,0.00000,0.98659
244.86000,0.62193,0.00898,0.00007,0.00000,0.99095
245.19000,0.62193,0.00580,0.00015,0.00000,0.99405
245.52000,0.62193,0.00927,0.00053,0.00000,0.99019
245.85001,0.62193,0.01217,0.00003,0.00000,0.98780
246.17999,0.62195,0.00496,0.00001,0.00000,0.99503
246.50999,0.62195,0.01454,0.00003,0.00000,0.98543
246.84000,0.62195,0.00869,0.00008,0.00000,0.99123
247.17000,0.62193,0.00442,0.00041,0.00000,0.99517
247.50000,0.62193,0.00370,0.00007,0.00000,0.99622
247.83000,0.62193,0.00593,0.00028,0.00000,0.99378
248.16000,0.62193,0.00686,0.00012,0.00000,0.99302
248.49001,0.62193,0.00715,0.00021,0.00000,0.99264
248.82001,0.62193,0.01112,0.00003,0.00000,0.98886
249.14999,0.62195,0.00601,0.00004,0.00000,0.99395
249.48000,0.62195,0.01207,0.00000,0.00000,0.98792
249.81000,0.62193,0.01493,0.00000,0.00000,0.98507
250.14000,0.62193,0.00570,0.00006,0.00000,0.99424
250.47000,0.62193,0.00536,0.00015,0.00000,0.99449
250.80000,0.62193,0.00495,0.00007,0.00000,0.99498
251.13000,0.62193,0.00766,0.00006,0.00000,0.99227
251.46001,0.62193,0.00800,0.00001,0.00000,0.99199
251.78999,0.62195,0.01185,0.00008,0.00000,0.98807
252.12000,0.62195,0.00562,0.00026,0.00000,0.99411
252.45000,0.62193,0.00545,0.00015,0.00000,0.99440
252.78000,0.62193,0.00404,0.00004,0.00000,0.99592
253.11000,0.62193,0.00414,0.00034,0.00000,0.99551
253.44000,0.62193,0.00535,0.00010,0.00000,0.99455
253.77000,0.62193,0.00474,0.00013,0.00000,0.99514
254.10001,0.62193,0.00477,0.00050,0.00000,0.99473
254.42999,0.62195,0.00468,0.00023,0.00000,0.99508
254.75999,0.62195,0.00575,0.00005,0.00000,0.99420
255.09000,0.62195,0.00650,0.00006,0.00000,0.99344
255.42000,0.62193,0.00632,0.00011,0.00000,0.99357
255.75000,0.62195,0.00627,0.00003,0.00000,0.99371
256.07999,0.62195,0.00820,0.00029,0.00001,0.99150
256.41000,0.62195,0.00523,0.00093,0.00000,0.99384
256.73999,0.62195,0.00504,0.00037,0.00000,0.99458
257.07001,0.62192,0.00470,0.00028,0.00000,0.99502
257.39999,0.62195,0.00710,0.00063,0.00000,0.99227
257.73001,0.62192,0.00512,0.00005,0.00000,0.99482
258.06000,0.62195,0.00669,0.00007,0.00000,0.99324
258.39001,0.62192,0.00506,0.00001,0.00000,0.99493
258.72000,0.62195,0.00625,0.00013,0.00000,0.99362
259.04999,0.62195,0.00464,0.00023,0.00000,0.99513
259.38000,0.62192,0.00658,0.00005,0.00000,0.99338
259.70999,0.62195,0.00603,0.00017,0.00000,0.99380
260.04001,0.62192,0.00780,0.00009,0.00000,0.99211
260.37000,0.62195,0.00455,0.00023,0.00000,0.99522
260.70001,0.62192,0.00474,0.00035,0.00000,0.99491
261.03000,0.62195,0.00369,0.00012,0.00000,0.99619
261.35999,0.62195,0.00659,0.00004,0.00000,0.99337
261.69000,0.62195,0.00701,0.00024,0.00000,0.99274
262.01999,0.62195,0.00698,0.00007,0.00000,0.99294
262.35001,0.62192,0.00604,0.00027,0.00000,0.99369
262.67999,0.62195,0.00494,0.00088,0.00001,0.99418
263.01001,0.62192,0.00651,0.00007,0.00000,0.99342
263.34000,0.62195,0.00494,0.00001,0.00000,0.99505
263.67001,0.62192,0.00615,0.00000,0.00000,0.99385
264.00000,0.62195,0.01367,0.00019,0.00000,0.98614
264.32999,0.62195,0.00589,0.00005,0.00000,0.99405
264.66000,0.62195,0.00584,0.00000,0.00000,0.99416
264.98999,0.62195,0.01032,0.00003,0.00000,0.98965
265.32001,0.62192,0.01033,0.00005,0.00000,0.98962
265.64999,0.62195,0.00531,0.00011,0.00000,0.99458
265.98001,0.62192,0.00498,0.00041,0.00000,0.99461
266.31000,0.62195,0.00520,0.00018,0.00000,0.99462
266.64001,0.62192,0.00622,0.00023,0.00000,0.99355
266.97000,0.62195,0.00531,0.00010,0.00000,0.99459
267.29999,0.62195,0.00795,0.00013,0.00000,0.99192
267.63000,0.62192,0.00762,0.00006,0.00000,0.99232
267.95999,0.62195,0.01238,0.00002,0.00000,0.98761
268.29001,0.62192,0.00914,0.00009,0.00000,0.99077
268.62000,0.62195,0.00393,0.00002,0.00000,0.99605
268.95001,0.62192,0.00469,0.00003,0.00000,0.99528
269.28000,0.62195,0.00780,0.00010,0.00000,0.99210
269.60999,0.62195,0.00741,0.00008,0.00000,0.99251
269.94000,0.62195,0.00593,0.00209,0.00000,0.99198
270.26999,0.62195,0.00664,0.00007,0.00000,0.99329
270.60001,0.62192,0.00463,0.00000,0.00000,0.99537
270.92999,0.62195,0.00857,0.00003,0.00000,0.99140
271.26001,0.62192,0.00588,0.00003,0.00000,0.99409
271.59000,0.62195,0.00465,0.00013,0.00000,0.99521
271.92001,0.62192,0.01539,0.00004,0.00000,0.98457
272.25000,0.62195,0.08997,0.00035,0.00000,0.90969
272.57999,0.62195,0.01809,0.00051,0.00000,0.98140
272.91000,0.62195,0.00493,0.00029,0.00000,0.99478
273.23999,0.62195,0.00443,0.00048,0.00000,0.99509
273.57001,0.62192,0.00586,0.00003,0.00000,0.99410
273.89999,0.62195,0.00578,0.00003,0.00000,0.99419
274.23001,0.62192,0.04874,0.00005,0.00000,0.95121
274.56000,0.62195,0.02186,0.00044,0.00000,0.97770
274.89001,0.62192,0.02733,0.00141,0.00000,0.97126
275.22000,0.62195,0.00631,0.00043,0.00005,0.99321
275.54999,0.62195,0.00938,0.00028,0.00007,0.99027
275.88000,0.62192,0.01458,0.00007,0.00004,0.98532
276.20999,0.62195,0.01013,0.00157,0.00012,0.98818
276.54001,0.62192,0.21152,0.00001,0.00000,0.78847
276.87000,0.62195,0.06056,0.00063,0.00011,0.93870
277.20001,0.62192,0.00937,0.00003,0.00000,0.99060
277.53000,0.62195,0.15661,0.00017,0.00000,0.84323
277.85999,0.62195,0.04939,0.00029,0.00003,0.95029
278.19000,0.62195,0.01892,0.00100,0.00011,0.97997
278.51999,0.62195,0.01322,0.00000,0.00000,0.98678
278.85001,0.62192,0.06749,0.00001,0.00000,0.93250
279.17999,0.62195,0.10586,0.00002,0.00001,0.89411
279.51001,0.62192,0.00527,0.00090,0.00003,0.99381
279.84000,0.62195,0.02851,0.00005,0.00001,0.97142
280.17001,0.62192,0.04679,0.00008,0.00001,0.95312
280.50000,0.62195,0.01240,0.00124,0.00006,0.98630
280.82999,0.62195,0.01202,0.00212,0.00003,0.98584
281.16000,0.62195,0.00849,0.00192,0.00004,0.98956
281.48999,0.62195,0.02499,0.00861,0.00007,0.96634
281.82001,0.62192,0.01588,0.00360,0.00004,0.98048
282.14999,0.62195,0.02759,0.00422,0.00007,0.96812
282.48001,0.62192,0.05724,0.02079,0.00006,0.92191
282.81000,0.62195,0.05065,0.02382,0.00006,0.92547
283.14001,0.62192,0.11424,0.00962,0.00009,0.87605
283.47000,0.62195,0.25781,0.00263,0.00012,0.73944
283.79999,0.62195,0.27240,0.00246,0.00014,0.72500
284.13000,0.62192,0.31652,0.06452,0.00318,0.61577
284.45999,0.62195,0.36942,0.03417,0.00047,0.59594
284.79001,0.62192,0.23632,0.02874,0.00021,0.73473
285.12000,0.62195,0.06373,0.00215,0.00006,0.93407
285.45001,0.62192,0.01195,0.00155,0.00008,0.98641
285.78000,0.62195,0.03605,0.00272,0.00007,0.96115
286.10999,0.62195,0.15363,0.00571,0.00008,0.84058
286.44000,0.62195,0.18020,0.01345,0.00008,0.80627
286.76999,0.62195,0.77024,0.06850,0.00013,0.16114
287.10001,0.62192,0.47838,0.04620,0.00017,0.47525
287.42999,0.62195,0.06989,0.00290,0.00003,0.92718
287.76001,0.62192,0.18661,0.03470,0.00012,0.77857
288.09000,0.62195,0.28158,0.01734,0.00006,0.70102
288.42001,0.62192,0.12997,0.01347,0.00010,0.85646
288.75000,0.62195,0.49053,0.04256,0.00007,0.46684
289.07999,0.62195,0.30804,0.07310,0.00023,0.61863
289.41000,0.62195,0.19097,0.01904,0.00006,0.78994
289.73999,0.62195,0.06204,0.01599,0.00005,0.92192
290.07001,0.62192,0.03494,0.00105,0.00003,0.96398
290.39999,0.62195,0.02548,0.00254,0.00005,0.97194
290.73001,0.62192,0.03134,0.00228,0.00003,0.96636
291.06000,0.62195,0.20025,0.00308,0.00008,0.79659
291.39001,0.62192,0.17421,0.25123,0.00037,0.57419
291.72000,0.62195,0.23705,0.00275,0.00007,0.76013
292.04999,0.62195,0.01618,0.00324,0.00003,0.98056
292.38000,0.62192,0.16607,0.00634,0.00012,0.82748
292.70999,0.62195,0.04826,0.03637,0.00014,0.91523
293.04001,0.62192,0.03811,0.00244,0.00010,0.95936
293.37000,0.62195,0.03804,0.00207,0.00021,0.95968
293.70001,0.62192,0.11721,0.00839,0.00031,0.87409
294.03000,0.62195,0.01205,0.00115,0.00005,0.98676
294.35999,0.62195,0.05670,0.00097,0.00002,0.94230
294.69000,0.62195,0.03631,0.00286,0.00007,0.96076
295.01999,0.62195,0.01288,0.00097,0.00010,0.98605
295.35001,0.62192,0.07406,0.00373,0.00015,0.92206
295.67999,0.62195,0.09271,0.00984,0.00027,0.89718
296.01001,0.62192,0.15095,0.01076,0.00022,0.83807
296.34000,0.62195,0.11285,0.00292,0.00003,0.88421
296.67001,0.62192,0.32248,0.01081,0.00030,0.66640
297.00000,0.62195,0.10163,0.10045,0.00079,0.79713
297.32999,0.62195,0.07288,0.00429,0.00009,0.92274
297.66000,0.62195,0.11349,0.01921,0.00007,0.86722
297.98999,0.62195,0.26300,0.14231,0.00009,0.59460
298.32001,0.62192,0.19347,0.05171,0.00003,0.75478
298.64999,0.62195,0.24128,0.10398,0.00007,0.65467
298.98001,0.62192,0.42527,0.01825,0.00008,0.55639
299.31000,0.62195,0.05137,0.00037,0.00003,0.94823
299.64001,0.62192,0.05929,0.00480,0.00014,0.93576
299.97000,0.62195,0.18143,0.00857,0.00027,0.80973
300.29999,0.62195,0.05653,0.00096,0.00008,0.94243
300.63000,0.62192,0.05514,0.00049,0.00006,0.94430
300.95999,0.62195,0.45300,0.01848,0.00014,0.52838
301.29001,0.62192,0.29685,0.15732,0.00015,0.54568
301.62000,0.62195,0.29629,0.04754,0.00013,0.65604
301.95001,0.62192,0.32046,0.02679,0.00006,0.65270
302.28000,0.62195,0.56666,0.06426,0.00004,0.36905
302.60999,0.62195,0.35573,0.08943,0.00006,0.55477
302.94000,0.62195,0.40356,0.00628,0.00003,0.59013
303.26999,0.62195,0.09634,0.00043,0.00003,0.90320
303.60001,0.62192,0.27020,0.00602,0.00011,0.72368
303.92999,0.62195,0.13569,0.02091,0.00006,0.84334
304.26001,0.62192,0.04896,0.00043,0.00002,0.95059
304.59000,0.62195,0.14941,0.00616,0.00012,0.84431
304.92001,0.62192,0.06200,0.00113,0.00004,0.93683
305.25000,0.62195,0.83175,0.01647,0.00018,0.15160
305.57999,0.62195,0.22964,0.17958,0.00077,0.59001
305.91000,0.62195,0.21688,0.00374,0.00015,0.77923
306.23999,0.62195,0.13803,0.00416,0.00019,0.85761
306.57001,0.62192,0.07670,0.00426,0.00005,0.91899
306.89999,0.62195,0.36412,0.01923,0.00012,0.61653
307.23001,0.62192,0.34142,0.02839,0.00007,0.63012
307.56000,0.62195,0.15918,0.00604,0.00005,0.83473
307.89001,0.62192,0.08268,0.00420,0.00006,0.91306
308.22000,0.62195,0.07781,0.00034,0.00001,0.92184
308.54999,0.62195,0.13695,0.00995,0.00008,0.85302
308.88000,0.62192,0.14427,0.00577,0.00012,0.84984
309.20999,0.62195,0.06682,0.00061,0.00009,0.93248
309.54001,0.62192,0.10664,0.00443,0.00003,0.88889
309.87000,0.62195,0.13096,0.00941,0.00008,0.85956
310.20001,0.62192,0.05226,0.00591,0.00012,0.94172
310.53000,0.62195,0.07399,0.00253,0.00017,0.92330
310.85999,0.62195,0.08081,0.00060,0.00009,0.91850
311.19000,0.62195,0.34123,0.00348,0.00006,0.65523
311.51999,0.62195,0.01583,0.00093,0.00004,0.98320
311.85001,0.62192,0.02291,0.00002,0.00000,0.97707
312.17999,0.62195,0.01182,0.00001,0.00000,0.98817
312.51001,0.62192,0.00563,0.00009,0.00000,0.99427
312.84000,0.62195,0.00356,0.00033,0.00000,0.99612
313.17001,0.62192,0.00600,0.00025,0.00000,0.99375
313.50000,0.62195,0.00589,0.00039,0.00000,0.99372
313.82999,0.62195,0.00435,0.00028,0.00000,0.99537
314.16000,0.62195,0.00642,0.00121,0.00000,0.99237
314.48999,0.62195,0.00610,0.00033,0.00000,0.99356
314.82001,0.62192,0.00531,0.00009,0.00000,0.99460
315.14999,0.62195,0.00440,0.00014,0.00000,0.99545
315.48001,0.62192,0.00843,0.00312,0.00000,0.98845
315.81000,0.62195,0.01514,0.00208,0.00000,0.98278
316.14001,0.62192,0.00435,0.00011,0.00000,0.99554
316.47000,0.62195,0.00483,0.00009,0.00000,0.99508
316.79999,0.62195,0.00533,0.00021,0.00000,0.99447
317.13000,0.62192,0.00670,0.00024,0.00000,0.99305
317.45999,0.62195,0.01000,0.00010,0.00000,0.98990
317.79001,0.62192,0.00631,0.00002,0.00000,0.99367
318.12000,0.62195,0.01305,0.00077,0.00001,0.98618
318.45001,0.62192,0.00699,0.00066,0.00000,0.99235
318.78000,0.62195,0.00648,0.00048,0.00000,0.99304
319.10999,0.62195,0.00551,0.00027,0.00000,0.99422
319.44000,0.62195,0.00439,0.00021,0.00000,0.99540
319.76999,0.62195,0.00635,0.00006,0.00000,0.99358
320.10001,0.62192,0.00620,0.00018,0.00000,0.99362
320.42999,0.62195,0.01674,0.00033,0.00000,0.98293
320.76001,0.62192,0.01883,0.02484,0.00001,0.95632
321.09000,0.62195,0.01028,0.00038,0.00000,0.98934
321.42001,0.62192,0.01029,0.00295,0.00000,0.98675
321.75000,0.62195,0.00384,0.00056,0.00000,0.99561
322.07999,0.62195,0.00777,0.00006,0.00000,0.99217
322.41000,0.62195,0.00745,0.00003,0.00000,0.99251
322.73999,0.62195,0.00585,0.00012,0.00000,0.99403
323.07001,0.62192,0.00810,0.00012,0.00000,0.99177
323.39999,0.62195,0.00402,0.00002,0.00000,0.99596
323.73001,0.62192,0.00726,0.00016,0.00000,0.99257
324.06000,0.62195,0.00537,0.00008,0.00000,0.99455
324.39001,0.62192,0.00849,0.00012,0.00000,0.99138
324.72000,0.62195,0.00554,0.00007,0.00000,0.99440
325.04999,0.62195,0.01001,0.00038,0.00000,0.98961
325.38000,0.62192,0.00782,0.00002,0.00000,0.99216
325.70999,0.62195,0.00721,0.00018,0.00000,0.99261
326.04001,0.62192,0.00552,0.00002,0.00000,0.99447
326.37000,0.62195,0.00473,0.00008,0.00000,0.99519
326.70001,0.62192,0.00791,0.00007,0.00000,0.99202
327.03000,0.62195,0.00434,0.00019,0.00000,0.99547
327.35999,0.62195,0.00611,0.00030,0.00000,0.99358
327.69000,0.62195,0.00625,0.00073,0.00000,0.99302
328.01999,0.62195,0.00335,0.00023,0.00000,0.99642
328.35001,0.62192,0.00587,0.00006,0.00000,0.99407
328.67999,0.62195,0.00716,0.00002,0.00000,0.99281
329.01001,0.62192,0.01138,0.00002,0.00000,0.98860
329.34000,0.62195,0.01123,0.00001,0.00000,0.98875
329.67001,0.62192,0.00805,0.00018,0.00000,0.99177
330.00000,0.62195,0.00538,0.00015,0.00000,0.99447
330.32999,0.62195,0.00673,0.00107,0.00000,0.99220
330.66000,0.62195,0.00730,0.00006,0.00000,0.99264
330.98999,0.62195,0.00627,0.00005,0.00000,0.99367
331.32001,0.62192,0.01188,0.00002,0.00000,0.98811
331.64999,0.62195,0.01151,0.00009,0.00000,0.98839
331.98001,0.62192,0.00528,0.00020,0.00000,0.99451
332.31000,0.62195,0.00697,0.00004,0.00000,0.99299
332.64001,0.62192,0.01955,0.00001,0.00000,0.98044
332.97000,0.62195,0.00650,0.00001,0.00000,0.99349
333.29999,0.62195,0.01447,0.00004,0.00000,0.98548
333.63000,0.62192,0.00820,0.00004,0.00000,0.99176
333.95999,0.62195,0.00634,0.00006,0.00000,0.99360
334.29001,0.62192,0.01044,0.00007,0.00000,0.98948
334.62000,0.62195,0.01863,0.00128,0.00001,0.98008
334.95001,0.62192,0.00702,0.00005,0.00000,0.99294
335.28000,0.62195,0.00589,0.00092,0.00000,0.99319
335.60999,0.62195,0.00877,0.00064,0.00000,0.99058
335.94000,0.62195,0.01295,0.00362,0.00000,0.98342
336.26999,0.62195,0.00753,0.00014,0.00000,0.99233
336.60001,0.62192,0.00778,0.00040,0.00000,0.99183
336.92999,0.62195,0.00817,0.00027,0.00000,0.99156
337.26001,0.62192,0.01479,0.00019,0.00000,0.98502
337.59000,0.62195,0.00569,0.00090,0.00000,0.99340
337.92001,0.62192,0.00393,0.00032,0.00000,0.99575
338.25000,0.62195,0.00513,0.00021,0.00000,0.99466
338.57999,0.62195,0.00591,0.00013,0.00000,0.99396
338.91000,0.62195,0.00692,0.00017,0.00000,0.99290
339.23999,0.62195,0.00697,0.00008,0.00001,0.99295
339.57001,0.62192,0.00626,0.00017,0.00001,0.99357
339.89999,0.62195,0.00499,0.00018,0.00000,0.99482
340.23001,0.62192,0.00459,0.00012,0.00000,0.99528
340.56000,0.62195,0.00776,0.00033,0.00001,0.99191
340.89001,0.62192,0.00799,0.00080,0.00001,0.99120
341.22000,0.62195,0.00448,0.00014,0.00000,0.99538
341.54999,0.62195,0.00479,0.00011,0.00000,0.99510
341.88000,0.62192,0.00451,0.00004,0.00000,0.99545
342.20999,0.62195,0.00932,0.00013,0.00000,0.99055
342.54001,0.62192,0.00560,0.00005,0.00000,0.99436
342.87000,0.62195,0.00558,0.00077,0.00000,0.99366
343.20001,0.62192,0.00778,0.00003,0.00000,0.99219
343.53000,0.62195,0.00742,0.00071,0.00001,0.99187
343.85999,0.62195,0.00657,0.00005,0.00000,0.99338
344.19000,0.62195,0.00813,0.00012,0.00000,0.99176
344.51999,0.62195,0.00907,0.00003,0.00000,0.99091
344.85001,0.62192,0.00594,0.00025,0.00000,0.99381
345.17999,0.62195,0.00501,0.00013,0.00000,0.99486
345.51001,0.62192,0.00736,0.00003,0.00000,0.99261
345.84000,0.62195,0.00534,0.00005,0.00000,0.99461
346.17001,0.62192,0.00479,0.00062,0.00000,0.99459
346.50000,0.62195,0.00695,0.00047,0.00001,0.99258
346.82999,0.62195,0.00539,0.00023,0.00000,0.99437
347.16000,0.62195,0.00848,0.00243,0.00001,0.98908
347.48999,0.62195,0.00739,0.00533,0.00001,0.98727
347.82001,0.62192,0.03515,0.00117,0.00000,0.96368
348.14999,0.62195,0.01808,0.00164,0.00000,0.98028
348.48001,0.62192,0.00651,0.00119,0.00000,0.99230
348.81000,0.62195,0.00601,0.00107,0.00000,0.99292
349.14001,0.62192,0.00609,0.00009,0.00000,0.99381
349.47000,0.62195,0.00802,0.00014,0.00000,0.99184
349.79999,0.62195,0.03253,0.00012,0.00001,0.96734
350.13000,0.62192,0.05517,0.00164,0.00001,0.94318
350.45999,0.62195,0.00526,0.00168,0.00000,0.99306
350.79001,0.62192,0.00939,0.00028,0.00000,0.99033
351.12000,0.62195,0.00768,0.00023,0.00000,0.99209
351.45001,0.62192,0.00955,0.00023,0.00000,0.99022
351.78000,0.62195,0.00421,0.00010,0.00000,0.99569
352.10999,0.62195,0.01720,0.00032,0.00000,0.98247
352.44000,0.62195,0.01261,0.00007,0.00000,0.98733
352.76999,0.62195,0.01612,0.00009,0.00000,0.98379
353.10001,0.62192,0.01285,0.00132,0.00000,0.98582
353.42999,0.62195,0.00571,0.00100,0.00000,0.99328
353.76001,0.62192,0.00301,0.00021,0.00000,0.99678
354.09000,0.62195,0.00329,0.00038,0.00000,0.99633
354.42001,0.62192,0.00630,0.00083,0.00000,0.99287
354.75000,0.62195,0.03290,0.00002,0.00000,0.96707
355.07999,0.62195,0.02738,0.00005,0.00000,0.97258
355.41000,0.62195,0.01072,0.00011,0.00000,0.98917
355.73999,0.62195,0.00787,0.00077,0.00000,0.99135
356.07001,0.62192,0.00429,0.00045,0.00000,0.99525
356.39999,0.62195,0.00721,0.00003,0.00000,0.99276
356.73001,0.62192,0.00955,0.00002,0.00000,0.99043
357.06000,0.62195,0.02192,0.00001,0.00000,0.97807
357.39001,0.62192,0.01303,0.00010,0.00000,0.98686
357.72000,0.62195,0.01076,0.00006,0.00000,0.98918
358.04999,0.62195,0.01915,0.00050,0.00000,0.98035
358.38000,0.62192,0.01581,0.00027,0.00000,0.98391
358.70999,0.62195,0.00941,0.00007,0.00000,0.99052
359.04001,0.62192,0.01126,0.00075,0.00000,0.98799
359.37000,0.62195,0.00395,0.00016,0.00000,0.99588
359.70001,0.62192,0.00669,0.00005,0.00000,0.99326
360.03000,0.62195,0.00760,0.00005,0.00000,0.99235
360.35999,0.62195,0.01770,0.00010,0.00000,0.98220
360.69000,0.62195,0.00962,0.00020,0.00000,0.99018
361.01999,0.62195,0.00627,0.00083,0.00000,0.99289
361.35001,0.62192,0.00381,0.00003,0.00000,0.99616
361.67999,0.62195,0.00577,0.00006,0.00000,0.99417
362.01001,0.62192,0.00507,0.00186,0.00000,0.99307
362.34000,0.62195,0.00823,0.00272,0.00000,0.98905
362.67001,0.62192,0.00771,0.00124,0.00000,0.99104
363.00000,0.62195,0.00453,0.00023,0.00000,0.99524
363.32999,0.62195,0.00757,0.00131,0.00000,0.99111
363.66000,0.62195,0.00598,0.00005,0.00000,0.99397
363.98999,0.62195,0.00730,0.00017,0.00000,0.99253
364.32001,0.62192,0.00754,0.00122,0.00001,0.99123
364.64999,0.62195,0.00512,0.00011,0.00000,0.99477
364.98001,0.62192,0.01058,0.00006,0.00000,0.98936
365.31000,0.62195,0.00844,0.00003,0.00000,0.99152
365.64001,0.62192,0.00476,0.00002,0.00000,0.99522
365.97000,0.62195,0.00441,0.00003,0.00000,0.99556
366.29999,0.62195,0.01279,0.00049,0.00000,0.98672
366.63000,0.62192,0.00977,0.00004,0.00000,0.99019
366.95999,0.62195,0.00737,0.00005,0.00000,0.99258
367.29001,0.62192,0.00496,0.00003,0.00000,0.99501
367.62000,0.62195,0.01400,0.00034,0.00000,0.98566
367.95001,0.62192,0.00947,0.00002,0.00000,0.99051
368.28000,0.62195,0.02871,0.00090,0.00000,0.97039
368.60999,0.62195,0.02624,0.00017,0.00000,0.97358
368.94000,0.62195,0.00666,0.00035,0.00000,0.99299
369.26999,0.62195,0.01011,0.00000,0.00000,0.98988
369.60001,0.62192,0.01581,0.00001,0.00000,0.98418
369.92999,0.62195,0.00834,0.00013,0.00000,0.99153
370.26001,0.62192,0.00498,0.00005,0.00000,0.99497
370.59000,0.62195,0.01072,0.00286,0.00000,0.98642
370.92001,0.62192,0.01702,0.00462,0.00001,0.97835
371.25000,0.62195,0.00628,0.00010,0.00000,0.99362
371.57999,0.62195,0.00772,0.00026,0.00000,0.99202
371.91000,0.62195,0.00542,0.00009,0.00000,0.99449
372.23999,0.62195,0.00998,0.00064,0.00000,0.98937
372.57001,0.62192,0.00583,0.00020,0.00000,0.99397
372.89999,0.62195,0.00606,0.00009,0.00000,0.99384
373.23001,0.62192,0.01229,0.00002,0.00000,0.98769
373.56000,0.62195,0.00595,0.00003,0.00000,0.99402
373.89001,0.62192,0.00461,0.00003,0.00000,0.99536
374.22000,0.62195,0.00924,0.00005,0.00000,0.99071
374.54999,0.62195,0.00443,0.00013,0.00000,0.99544
374.88000,0.62192,0.00940,0.00001,0.00000,0.99059
375.20999,0.62195,0.01632,0.00021,0.00000,0.98346
375.54001,0.62192,0.00886,0.00013,0.00000,0.99101
375.87000,0.62195,0.00555,0.00005,0.00000,0.99440
376.20001,0.62192,0.00515,0.00015,0.00000,0.99470
376.53000,0.62195,0.00492,0.00008,0.00000,0.99500
376.85999,0.62195,0.00608,0.00299,0.00002,0.99091
377.19000,0.62195,0.00501,0.00031,0.00000,0.99468
377.51999,0.62195,0.00434,0.00043,0.00000,0.99524
377.85001,0.62192,0.00803,0.01643,0.00000,0.97553
378.17999,0.62195,0.00472,0.00037,0.00000,0.99491
378.51001,0.62192,0.00434,0.00158,0.00000,0.99408
378.84000,0.62195,0.00404,0.00008,0.00000,0.99589
379.17001,0.62192,0.00437,0.00017,0.00000,0.99546
379.50000,0.62195,0.00683,0.00005,0.00000,0.99312
379.82999,0.62195,0.01195,0.00016,0.00000,0.98788
380.16000,0.62195,0.01723,0.00000,0.00000,0.98277
380.48999,0.62195,0.02537,0.00006,0.00001,0.97457
380.82001,0.62192,0.00901,0.00042,0.00000,0.99057
381.14999,0.62195,0.00998,0.00179,0.00000,0.98822
381.48001,0.62192,0.00347,0.00003,0.00000,0.99650
381.81000,0.62195,0.00710,0.00005,0.00000,0.99284
382.14001,0.62192,0.00636,0.00012,0.00000,0.99352
382.47000,0.62195,0.00733,0.00001,0.00000,0.99267
382.79999,0.62195,0.01512,0.00023,0.00000,0.98464
383.13000,0.62192,0.01319,0.00038,0.00000,0.98643
383.45999,0.62195,0.00443,0.00072,0.00000,0.99485
383.79001,0.62192,0.00565,0.00091,0.00000,0.99344
384.12000,0.62195,0.00740,0.00048,0.00000,0.99212
384.45001,0.62192,0.00646,0.00094,0.00000,0.99260
384.78000,0.62195,0.00630,0.00058,0.00000,0.99312
385.10999,0.62195,0.01192,0.00032,0.00001,0.98775
385.44000,0.62195,0.00628,0.00136,0.00003,0.99233
385.76999,0.62195,0.00703,0.00026,0.00001,0.99270
386.10001,0.62192,0.00971,0.00009,0.00000,0.99019
386.42999,0.62195,0.00931,0.00038,0.00001,0.99030
386.76001,0.62192,0.00931,0.00067,0.00003,0.98999
387.09000,0.62195,0.01065,0.00088,0.00012,0.98835
387.42001,0.62192,0.01004,0.00646,0.00023,0.98327
387.75000,0.62195,0.01262,0.00032,0.00002,0.98704
388.07999,0.62195,0.01148,0.00006,0.00001,0.98845
388.41000,0.62195,0.02167,0.00008,0.00003,0.97822
388.73999,0.62195,0.01089,0.00016,0.00002,0.98893
389.07001,0.62192,0.01803,0.00047,0.00004,0.98145
389.39999,0.62195,0.04482,0.00021,0.00001,0.95496
389.73001,0.62192,0.02552,0.00023,0.00000,0.97425
390.06000,0.62195,0.01197,0.00050,0.00004,0.98748
390.39001,0.62192,0.00689,0.00210,0.00004,0.99096
390.72000,0.62195,0.10188,0.01023,0.00007,0.88781
391.04999,0.62195,0.06531,0.00494,0.00009,0.92966
391.38000,0.62192,0.03496,0.00027,0.00005,0.96472
391.70999,0.62195,0.03791,0.00030,0.00010,0.96170
392.04001,0.62192,0.01675,0.00115,0.00011,0.98199
392.37000,0.62195,0.08943,0.00376,0.00041,0.90640
392.70001,0.62192,0.05105,0.00113,0.00017,0.94765
393.03000,0.62195,0.02305,0.00003,0.00000,0.97691
393.35999,0.62195,0.02508,0.00003,0.00000,0.97488
393.69000,0.62195,0.03283,0.00002,0.00000,0.96715
394.01999,0.62195,0.05531,0.00001,0.00000,0.94468
394.35001,0.62192,0.04022,0.00001,0.00000,0.95977
394.67999,0.62195,0.05208,0.00008,0.00004,0.94780
395.01001,0.62192,0.04907,0.00010,0.00004,0.95080
395.34000,0.62195,0.01212,0.00024,0.00001,0.98763
395.67001,0.62192,0.03571,0.00011,0.00000,0.96418
396.00000,0.62195,0.17557,0.01915,0.00236,0.80293
396.32999,0.62195,0.01930,0.00002,0.00001,0.98068
396.66000,0.62195,0.02567,0.00027,0.00001,0.97404
396.98999,0.62195,0.17502,0.00001,0.00000,0.82497
397.32001,0.62192,0.09061,0.00649,0.00022,0.90267
397.64999,0.62195,0.01553,0.00012,0.00001,0.98434
397.98001,0.62192,0.02209,0.00057,0.00003,0.97731
398.31000,0.62195,0.00760,0.00077,0.00004,0.99159
398.64001,0.62192,0.01943,0.00021,0.00002,0.98034
398.97000,0.62195,0.07270,0.00892,0.00025,0.91813
399.29999,0.62195,0.00959,0.00100,0.00003,0.98938
399.63000,0.62192,0.01485,0.00224,0.00015,0.98276
399.95999,0.62195,0.09839,0.12606,0.00106,0.77449
400.29001,0.62192,0.11365,0.03691,0.00229,0.84715
400.62000,0.62195,0.03999,0.01265,0.00024,0.94712
400.95001,0.62192,0.03568,0.01038,0.00012,0.95381
401.28000,0.62195,0.16405,0.00099,0.00009,0.83488
401.60999,0.62195,0.14908,0.00043,0.00006,0.85043
401.94000,0.62195,0.15960,0.00020,0.00022,0.83998
402.26999,0.62195,0.11756,0.00221,0.00423,0.87601
402.60001,0.62192,0.02149,0.00013,0.00030,0.97808
402.92999,0.62195,0.05322,0.00019,0.00006,0.94653
403.26001,0.62192,0.35176,0.00248,0.00033,0.64543
403.59000,0.62195,0.19113,0.00421,0.00050,0.80415
403.92001,0.62192,0.05799,0.00233,0.00007,0.93961
404.25000,0.62195,0.07233,0.00125,0.00006,0.92635
404.57999,0.62195,0.01719,0.00064,0.00003,0.98213
404.91000,0.62195,0.03888,0.00177,0.00008,0.95927
405.23999,0.62195,0.07428,0.00237,0.00010,0.92324
405.57001,0.62192,0.25911,0.00499,0.00011,0.73579
405.89999,0.62195,0.25654,0.14958,0.00015,0.59374
406.23001,0.62192,0.20444,0.00853,0.00005,0.78698
406.56000,0.62195,0.20084,0.00526,0.00022,0.79368
406.89001,0.62192,0.19839,0.00385,0.00014,0.79763
407.22000,0.62195,0.19282,0.00300,0.00010,0.80409
407.54999,0.62195,0.09543,0.00302,0.00008,0.90146
407.88000,0.62192,0.06889,0.00285,0.00007,0.92819
408.20999,0.62195,0.13670,0.01307,0.00022,0.85000
408.54001,0.62192,0.22076,0.00073,0.00013,0.77838
408.87000,0.62195,0.06308,0.00094,0.00006,0.93592
409.20001,0.62192,0.03183,0.00393,0.00008,0.96417
409.53000,0.62195,0.07538,0.00260,0.00006,0.92197
409.85999,0.62195,0.04179,0.00175,0.00006,0.95640
410.19000,0.62195,0.01704,0.00146,0.00004,0.98146
410.51999,0.62195,0.39292,0.03079,0.00026,0.57604
410.85001,0.62192,0.13845,0.00625,0.00008,0.85522
411.17999,0.62195,0.02999,0.00032,0.00002,0.96967
411.51001,0.62192,0.21705,0.00045,0.00002,0.78248
411.84000,0.62195,0.07373,0.00018,0.00000,0.92608
412.17001,0.62192,0.54208,0.03091,0.00048,0.42652
412.50000,0.62195,0.56480,0.00138,0.00002,0.43380
412.82999,0.62195,0.29516,0.00488,0.00007,0.69990
413.16000,0.62195,0.10129,0.00070,0.00010,0.89791
413.48999,0.62195,0.07568,0.00085,0.00009,0.92338
413.82001,0.62192,0.03003,0.00054,0.00004,0.96939
414.14999,0.62195,0.04957,0.00032,0.00005,0.95007
414.48001,0.62192,0.13579,0.00294,0.00014,0.86112
414.81000,0.62195,0.03282,0.00056,0.00006,0.96657
415.14001,0.62192,0.02682,0.00062,0.00005,0.97251
415.47000,0.62195,0.06266,0.00235,0.00011,0.93489
415.79999,0.62195,0.04504,0.00173,0.00005,0.95319
416.13000,0.62192,0.03202,0.00105,0.00004,0.96689
416.45999,0.62195,0.14291,0.00325,0.00009,0.85375
416.79001,0.62192,0.18485,0.00465,0.00006,0.81045
417.12000,0.62195,0.13504,0.00474,0.00009,0.86012
417.45001,0.62192,0.11453,0.00281,0.00006,0.88259
417.78000,0.62195,0.24396,0.05469,0.00029,0.70106
418.10999,0.62195,0.97373,0.00007,0.00012,0.02608
418.44000,0.62195,0.99483,0.00000,0.00002,0.00515
418.76999,0.62195,0.31807,0.04438,0.00153,0.63602
419.10001,0.62192,0.43420,0.00000,0.00000,0.56580
419.42999,0.62195,0.49613,0.00013,0.00002,0.50373
419.76001,0.62192,0.07811,0.00000,0.00000,0.92189
420.09000,0.62195,0.13838,0.00112,0.00025,0.86025
420.42001,0.62192,0.86166,0.00020,0.00002,0.13812
420.75000,0.62195,0.24325,0.00002,0.00000,0.75672
421.07999,0.62195,0.07070,0.00000,0.00000,0.92930
421.41000,0.62195,0.81764,0.00122,0.00063,0.18051
421.73999,0.62195,0.99630,0.00020,0.00027,0.00323
422.07001,0.62192,0.66842,0.00103,0.00096,0.32959
422.39999,0.62195,0.74713,0.00103,0.00068,0.25116
422.73001,0.62192,0.96581,0.00171,0.00015,0.03234
423.06000,0.62195,0.88730,0.00205,0.00029,0.11036
423.39001,0.62192,0.50060,0.00034,0.00073,0.49832
423.72000,0.62195,0.87663,0.00046,0.00070,0.12220
424.04999,0.62195,0.64852,0.00068,0.00044,0.35036
424.38000,0.62192,0.65989,0.00102,0.00079,0.33829
424.70999,0.62195,0.44421,0.00071,0.00052,0.55456
425.04001,0.62192,0.46691,0.00106,0.00056,0.53147
425.37000,0.62195,0.51476,0.00199,0.00069,0.48256
425.70001,0.62192,0.94517,0.00106,0.00035,0.05343
426.03000,0.62195,0.90325,0.00439,0.00018,0.09218
426.35999,0.62195,0.68712,0.00316,0.00035,0.30937
426.69000,0.62195,0.58507,0.00269,0.00067,0.41158
427.01999,0.62195,0.67922,0.00204,0.00075,0.31798
427.35001,0.62192,0.91764,0.00131,0.00072,0.08033
427.67999,0.62195,0.76580,0.00159,0.00091,0.23170
428.01001,0.62192,0.50517,0.00042,0.00085,0.49356
428.34000,0.62195,0.41282,0.00099,0.00076,0.58543
428.67001,0.62192,0.31541,0.00040,0.00051,0.68368
429.00000,0.62195,0.19320,0.00032,0.00060,0.80589
429.32999,0.62195,0.25786,0.00072,0.00073,0.74069
429.66000,0.62195,0.71063,0.00056,0.00038,0.28843
429.98999,0.62195,0.67406,0.00241,0.00072,0.32281
430.32001,0.62192,0.52166,0.00069,0.00083,0.47681
430.64999,0.62195,0.43328,0.00168,0.00056,0.56447
430.98001,0.62192,0.63344,0.00091,0.00050,0.36515
431.31000,0.62195,0.34712,0.00043,0.00041,0.65203
431.64001,0.62192,0.51762,0.00073,0.00071,0.48094
431.97000,0.62195,0.13781,0.00053,0.00037,0.86129
432.29999,0.62195,0.67266,0.00090,0.00165,0.32479
432.63000,0.62192,0.72534,0.00064,0.00059,0.27343
432.95999,0.62195,0.53946,0.00060,0.00066,0.45928
433.29001,0.62192,0.16346,0.00000,0.00001,0.83653
