Time (seconds), Duration (seconds),pred_(unlabeled),pred_brushing_teeth,pred_hair_drying,pred_showering
0.00000,0.62194,0.99870,0.00017,0.00019,0.00094
0.33000,0.62194,0.99882,0.00017,0.00017,0.00085
0.66000,0.62194,0.99882,0.00017,0.00017,0.00085
0.99000,0.62194,0.99881,0.00017,0.00017,0.00085
1.32000,0.62194,0.99881,0.00017,0.00017,0.00085
1.65000,0.62194,0.99881,0.00017,0.00017,0.00085
1.98000,0.62194,0.99881,0.00017,0.00017,0.00085
2.31000,0.62194,0.99881,0.00017,0.00017,0.00084
2.64000,0.62194,0.99881,0.00017,0.00017,0.00084
2.97000,0.62194,0.99880,0.00018,0.00017,0.00085
3.30000,0.62194,0.99880,0.00018,0.00018,0.00084
3.63000,0.62194,0.99881,0.00018,0.00018,0.00084
3.96000,0.62194,0.99881,0.00017,0.00017,0.00084
4.29000,0.62194,0.99850,0.00024,0.00023,0.00102
4.62000,0.62194,0.98126,0.00388,0.00165,0.01321
4.95000,0.62194,0.94461,0.01173,0.00281,0.04086
5.28000,0.62194,0.99661,0.00061,0.00050,0.00227
5.61000,0.62194,0.99869,0.00020,0.00019,0.00091
5.94000,0.62194,0.99881,0.00017,0.00017,0.00084
6.27000,0.62194,0.99881,0.00017,0.00017,0.00084
6.60000,0.62194,0.99882,0.00017,0.00017,0.00084
6.93000,0.62194,0.99881,0.00017,0.00017,0.00084
7.26000,0.62194,0.99882,0.00017,0.00017,0.00084
7.59000,0.62194,0.99881,0.00017,0.00017,0.00084
7.92000,0.62194,0.99881,0.00017,0.00017,0.00084
8.25000,0.62194,0.99881,0.00017,0.00017,0.00085
8.58000,0.62194,0.99878,0.00018,0.00018,0.00086
8.91000,0.62194,0.99878,0.00019,0.00019,0.00085
9.24000,0.62194,0.99880,0.00018,0.00018,0.00083
9.57000,0.62194,0.99876,0.00019,0.00018,0.00087
9.90000,0.62194,0.99881,0.00017,0.00017,0.00084
10.23000,0.62194,0.99881,0.00018,0.00018,0.00084
10.56000,0.62194,0.99878,0.00018,0.00018,0.00086
10.89000,0.62194,0.99879,0.00018,0.00018,0.00086
11.22000,0.62194,0.99881,0.00017,0.00017,0.00084
11.55000,0.62194,0.99881,0.00018,0.00017,0.00084
11.88000,0.62194,0.99880,0.00018,0.00018,0.00085
12.21000,0.62194,0.99881,0.00018,0.00018,0.00084
12.54000,0.62194,0.99881,0.00018,0.00017,0.00084
12.87000,0.62194,0.99881,0.00018,0.00018,0.00084
13.20000,0.62194,0.99881,0.00018,0.00017,0.00084
13.53000,0.62194,0.99880,0.00018,0.00018,0.00084
13.86000,0.62194,0.99880,0.00018,0.00018,0.00084
14.19000,0.62194,0.99880,0.00018,0.00018,0.00084
14.52000,0.62194,0.99880,0.00018,0.00018,0.00084
14.85000,0.62194,0.99880,0.00018,0.00018,0.00084
15.18000,0.62194,0.99880,0.00018,0.00018,0.00084
15.51000,0.62194,0.99880,0.00018,0.00018,0.00084
15.84000,0.62194,0.99880,0.00018,0.00018,0.00084
16.17000,0.62194,0.99879,0.00018,0.00018,0.00084
16.50000,0.62194,0.99879,0.00018,0.00018,0.00084
16.83000,0.62194,0.99879,0.00018,0.00018,0.00084
17.16000,0.62194,0.99879,0.00018,0.00018,0.00084
17.49000,0.62194,0.99879,0.00018,0.00018,0.00084
17.82000,0.62194,0.99879,0.00019,0.00018,0.00084
18.15000,0.62194,0.99879,0.00019,0.00018,0.00084
18.48000,0.62194,0.99879,0.00019,0.00019,0.00084
18.81000,0.62194,0.99878,0.00019,0.00019,0.00084
19.14000,0.62194,0.99878,0.00019,0.00019,0.00084
19.47000,0.62194,0.99879,0.00019,0.00019,0.00084
19.80000,0.62194,0.99879,0.00019,0.00019,0.00084
20.13000,0.62194,0.99878,0.00019,0.00019,0.00084
20.46000,0.62194,0.99878,0.00019,0.00019,0.00084
20.79000,0.62194,0.99878,0.00019,0.00019,0.00084
21.12000,0.62194,0.99878,0.00019,0.00019,0.00084
21.45000,0.62194,0.99878,0.00019,0.00019,0.00084
21.78000,0.62194,0.99876,0.00020,0.00020,0.00084
22.11000,0.62194,0.99873,0.00021,0.00021,0.00086
22.44000,0.62194,0.99799,0.00038,0.00034,0.00129
22.77000,0.62194,0.99729,0.00052,0.00044,0.00175
23.10000,0.62194,0.99779,0.00043,0.00038,0.00140
23.43000,0.62194,0.99687,0.00063,0.00051,0.00198
23.76000,0.62194,0.99733,0.00051,0.00045,0.00171
24.09000,0.62194,0.99818,0.00032,0.00031,0.00119
24.42000,0.62194,0.99858,0.00023,0.00024,0.00095
24.75000,0.62194,0.99869,0.00021,0.00021,0.00088
25.08000,0.62194,0.99872,0.00020,0.00021,0.00087
25.41000,0.62194,0.99874,0.00020,0.00020,0.00085
25.74000,0.62194,0.99873,0.00020,0.00020,0.00086
26.07000,0.62194,0.99877,0.00019,0.00020,0.00084
26.40000,0.62194,0.99877,0.00019,0.00019,0.00084
26.73000,0.62194,0.99877,0.00020,0.00019,0.00084
27.06000,0.62194,0.99876,0.00020,0.00020,0.00084
27.39000,0.62194,0.99874,0.00020,0.00020,0.00086
27.72000,0.62194,0.99875,0.00020,0.00020,0.00085
28.05000,0.62194,0.99876,0.00020,0.00020,0.00085
28.38000,0.62194,0.99876,0.00020,0.00020,0.00085
28.71000,0.62194,0.99875,0.00020,0.00020,0.00085
29.04000,0.62194,0.99875,0.00020,0.00020,0.00085
29.37000,0.62194,0.99876,0.00020,0.00020,0.00085
29.70000,0.62194,0.99876,0.00020,0.00020,0.00085
30.03000,0.62194,0.99876,0.00020,0.00020,0.00085
30.36000,0.62194,0.99876,0.00020,0.00020,0.00085
30.69000,0.62194,0.99876,0.00020,0.00020,0.00085
31.02000,0.62194,0.99875,0.00020,0.00020,0.00085
31.35000,0.62194,0.99876,0.00020,0.00020,0.00085
31.68000,0.62194,0.99876,0.00020,0.00020,0.00085
32.01000,0.62194,0.99875,0.00020,0.00020,0.00085
32.34000,0.62194,0.99876,0.00020,0.00020,0.00085
32.67000,0.62194,0.99876,0.00019,0.00020,0.00085
33.00000,0.62194,0.99877,0.00019,0.00019,0.00084
33.33000,0.62194,0.99876,0.00020,0.00019,0.00085
33.66000,0.62194,0.99877,0.00019,0.00020,0.00084
33.99000,0.62194,0.99878,0.00019,0.00019,0.00084
34.32000,0.62194,0.99878,0.00019,0.00019,0.00084
34.65000,0.62194,0.99878,0.00019,0.00019,0.00084
34.98000,0.62194,0.99878,0.00019,0.00019,0.00084
35.31000,0.62194,0.99866,0.00020,0.00022,0.00092
35.64000,0.62194,0.83663,0.00535,0.02563,0.13239
35.97000,0.62194,0.82724,0.11741,0.00848,0.04687
36.30000,0.62194,0.99878,0.00019,0.00019,0.00084
36.63000,0.62194,0.99859,0.00024,0.00023,0.00094
36.96000,0.62194,0.99847,0.00026,0.00024,0.00102
37.29000,0.62194,0.99877,0.00020,0.00019,0.00085
37.62000,0.62194,0.99878,0.00019,0.00019,0.00084
37.95000,0.62194,0.99877,0.00019,0.00019,0.00085
38.28000,0.62194,0.99869,0.00021,0.00021,0.00090
38.61000,0.62194,0.99856,0.00024,0.00024,0.00096
38.94000,0.62194,0.99876,0.00019,0.00019,0.00085
39.27000,0.62194,0.99877,0.00019,0.00019,0.00084
39.60000,0.62194,0.99877,0.00019,0.00020,0.00084
39.93000,0.62194,0.99876,0.00020,0.00020,0.00085
40.26000,0.62194,0.99876,0.00020,0.00020,0.00085
40.59000,0.62194,0.99874,0.00020,0.00020,0.00086
40.92000,0.62194,0.99873,0.00020,0.00020,0.00086
41.25000,0.62194,0.99874,0.00020,0.00020,0.00086
41.58000,0.62194,0.99873,0.00020,0.00020,0.00086
41.91000,0.62194,0.99872,0.00021,0.00021,0.00086
42.24000,0.62194,0.99871,0.00021,0.00021,0.00087
42.57000,0.62194,0.99872,0.00021,0.00021,0.00087
42.90000,0.62194,0.99872,0.00021,0.00021,0.00087
43.23000,0.62194,0.99873,0.00020,0.00021,0.00086
43.56000,0.62194,0.99873,0.00020,0.00020,0.00086
43.89000,0.62194,0.99873,0.00020,0.00020,0.00086
44.22000,0.62194,0.99874,0.00020,0.00020,0.00086
44.55000,0.62194,0.99876,0.00020,0.00020,0.00085
44.88000,0.62194,0.99876,0.00020,0.00020,0.00085
45.21000,0.62194,0.99876,0.00020,0.00020,0.00085
45.54000,0.62194,0.99877,0.00019,0.00020,0.00085
45.87000,0.62194,0.99877,0.00019,0.00019,0.00084
46.20000,0.62194,0.99877,0.00019,0.00019,0.00084
46.53000,0.62194,0.99878,0.00019,0.00019,0.00084
46.86000,0.62194,0.99878,0.00019,0.00019,0.00084
47.19000,0.62194,0.99878,0.00019,0.00019,0.00084
47.52000,0.62194,0.99877,0.00019,0.00019,0.00084
47.85000,0.62194,0.99877,0.00019,0.00019,0.00084
48.18000,0.62194,0.99878,0.00019,0.00019,0.00084
48.51000,0.62194,0.99877,0.00019,0.00019,0.00084
48.84000,0.62194,0.99877,0.00019,0.00019,0.00084
49.17000,0.62194,0.99877,0.00019,0.00019,0.00084
49.50000,0.62194,0.99877,0.00019,0.00019,0.00085
49.83000,0.62194,0.99877,0.00019,0.00019,0.00084
50.16000,0.62194,0.99877,0.00019,0.00019,0.00084
50.49000,0.62194,0.99877,0.00020,0.00020,0.00084
50.82000,0.62194,0.99876,0.00020,0.00020,0.00085
51.15000,0.62194,0.99875,0.00020,0.00020,0.00085
51.48000,0.62194,0.99874,0.00020,0.00020,0.00086
51.81000,0.62194,0.99873,0.00021,0.00020,0.00086
52.14000,0.62194,0.99872,0.00021,0.00021,0.00086
52.47000,0.62194,0.99872,0.00021,0.00021,0.00087
52.80000,0.62194,0.99871,0.00021,0.00021,0.00087
53.13000,0.62194,0.99871,0.00021,0.00021,0.00087
53.46000,0.62194,0.99872,0.00021,0.00021,0.00086
53.79000,0.62194,0.99871,0.00021,0.00021,0.00087
54.12000,0.62194,0.99871,0.00021,0.00021,0.00087
54.45000,0.62194,0.99872,0.00021,0.00021,0.00087
54.78000,0.62194,0.99871,0.00021,0.00021,0.00087
55.11000,0.62194,0.99871,0.00021,0.00021,0.00087
55.44000,0.62194,0.99873,0.00020,0.00021,0.00086
55.77000,0.62194,0.99874,0.00020,0.00020,0.00086
56.10000,0.62194,0.99875,0.00020,0.00020,0.00085
56.43000,0.62194,0.99875,0.00020,0.00020,0.00085
56.76000,0.62194,0.99876,0.00020,0.00020,0.00085
57.09000,0.62194,0.99876,0.00020,0.00020,0.00085
57.42000,0.62194,0.99877,0.00019,0.00019,0.00084
57.75000,0.62194,0.99877,0.00019,0.00019,0.00084
58.08000,0.62194,0.99877,0.00019,0.00019,0.00084
58.41000,0.62194,0.99877,0.00019,0.00019,0.00084
58.74000,0.62194,0.99877,0.00019,0.00019,0.00084
59.07000,0.62194,0.99878,0.00019,0.00019,0.00084
59.40000,0.62194,0.99878,0.00019,0.00019,0.00084
59.73000,0.62194,0.99878,0.00019,0.00019,0.00084
60.06000,0.62194,0.99877,0.00019,0.00019,0.00084
60.39000,0.62194,0.99877,0.00019,0.00020,0.00084
60.72000,0.62194,0.99876,0.00020,0.00020,0.00085
61.05000,0.62194,0.99875,0.00020,0.00020,0.00085
61.38000,0.62194,0.99874,0.00020,0.00020,0.00086
61.71000,0.62194,0.99874,0.00020,0.00020,0.00086
62.04000,0.62194,0.99872,0.00021,0.00021,0.00086
62.37000,0.62194,0.99872,0.00021,0.00021,0.00087
62.70000,0.62194,0.99871,0.00021,0.00021,0.00087
63.03000,0.62194,0.99871,0.00021,0.00021,0.00087
63.36000,0.62194,0.99872,0.00021,0.00021,0.00087
63.69000,0.62194,0.99872,0.00021,0.00021,0.00087
64.02000,0.62194,0.99872,0.00021,0.00021,0.00087
64.35000,0.62194,0.99872,0.00021,0.00021,0.00087
64.68000,0.62194,0.99872,0.00021,0.00021,0.00087
65.01000,0.62193,0.99872,0.00021,0.00021,0.00087
65.34000,0.62194,0.99872,0.00021,0.00021,0.00086
65.67000,0.62194,0.99872,0.00021,0.00021,0.00087
66.00000,0.62194,0.99870,0.00021,0.00021,0.00087
66.33000,0.62193,0.99870,0.00021,0.00021,0.00088
66.66000,0.62193,0.99872,0.00021,0.00021,0.00087
66.99000,0.62194,0.99874,0.00020,0.00021,0.00086
67.32000,0.62194,0.99874,0.00020,0.00020,0.00086
67.65000,0.62193,0.99875,0.00020,0.00020,0.00085
67.98000,0.62193,0.99874,0.00020,0.00020,0.00085
68.31000,0.62194,0.99873,0.00020,0.00020,0.00086
68.64000,0.62194,0.99873,0.00020,0.00020,0.00086
68.97000,0.62193,0.99872,0.00021,0.00021,0.00086
69.30000,0.62193,0.99872,0.00021,0.00021,0.00087
69.63000,0.62194,0.99872,0.00021,0.00021,0.00086
69.96000,0.62194,0.99872,0.00021,0.00021,0.00086
70.29000,0.62193,0.99871,0.00021,0.00021,0.00087
70.62000,0.62193,0.99871,0.00021,0.00021,0.00087
70.95000,0.62194,0.99871,0.00021,0.00021,0.00087
71.28000,0.62194,0.99871,0.00021,0.00021,0.00087
71.61000,0.62194,0.99870,0.00021,0.00021,0.00088
71.94000,0.62193,0.99871,0.00021,0.00021,0.00087
72.27000,0.62194,0.99872,0.00021,0.00021,0.00087
72.60000,0.62194,0.99871,0.00021,0.00021,0.00087
72.93000,0.62194,0.99843,0.00028,0.00026,0.00103
73.26000,0.62193,0.99832,0.00030,0.00027,0.00111
73.59000,0.62194,0.99863,0.00023,0.00023,0.00092
73.92000,0.62194,0.99864,0.00022,0.00022,0.00091
74.25000,0.62194,0.99869,0.00021,0.00022,0.00088
74.58000,0.62193,0.99869,0.00021,0.00022,0.00088
74.91000,0.62193,0.99870,0.00021,0.00021,0.00087
75.24000,0.62194,0.99871,0.00021,0.00021,0.00087
75.57000,0.62194,0.99870,0.00021,0.00021,0.00088
75.90000,0.62193,0.99870,0.00021,0.00021,0.00087
76.23000,0.62193,0.99871,0.00021,0.00021,0.00087
76.56000,0.62194,0.99870,0.00021,0.00021,0.00088
76.89000,0.62194,0.99871,0.00021,0.00021,0.00087
77.22000,0.62193,0.99872,0.00021,0.00021,0.00087
77.55000,0.62193,0.99871,0.00021,0.00021,0.00087
77.88000,0.62194,0.99870,0.00021,0.00021,0.00088
78.21000,0.62194,0.99870,0.00021,0.00021,0.00087
78.54000,0.62193,0.99871,0.00021,0.00021,0.00087
78.87000,0.62193,0.99871,0.00021,0.00021,0.00087
79.20000,0.62194,0.99868,0.00022,0.00022,0.00089
79.53000,0.62194,0.99866,0.00022,0.00022,0.00090
79.86000,0.62194,0.99870,0.00020,0.00021,0.00089
80.19000,0.62193,0.99872,0.00021,0.00021,0.00087
80.52000,0.62194,0.99868,0.00021,0.00022,0.00088
80.85000,0.62194,0.99865,0.00022,0.00022,0.00090
81.18000,0.62194,0.99868,0.00021,0.00022,0.00089
81.51000,0.62193,0.99870,0.00021,0.00021,0.00087
81.84000,0.62194,0.99871,0.00021,0.00021,0.00087
82.17000,0.62194,0.99871,0.00021,0.00021,0.00087
82.50000,0.62194,0.99871,0.00021,0.00021,0.00087
82.83000,0.62193,0.99871,0.00021,0.00021,0.00087
83.16000,0.62193,0.99872,0.00021,0.00021,0.00086
83.49000,0.62194,0.99872,0.00021,0.00021,0.00087
83.82000,0.62194,0.99872,0.00021,0.00021,0.00087
84.15000,0.62193,0.99872,0.00021,0.00021,0.00087
84.48000,0.62193,0.99871,0.00021,0.00021,0.00087
84.81000,0.62194,0.99871,0.00021,0.00021,0.00087
85.14000,0.62194,0.99870,0.00021,0.00021,0.00087
85.47000,0.62193,0.99870,0.00021,0.00021,0.00088
85.80000,0.62193,0.99872,0.00021,0.00021,0.00087
86.13000,0.62194,0.99872,0.00021,0.00021,0.00087
86.46000,0.62194,0.99871,0.00021,0.00021,0.00087
86.79000,0.62193,0.99870,0.00021,0.00021,0.00088
87.12000,0.62193,0.99870,0.00021,0.00021,0.00088
87.45000,0.62194,0.99870,0.00021,0.00021,0.00088
87.78000,0.62194,0.99871,0.00021,0.00021,0.00087
88.11000,0.62194,0.99871,0.00021,0.00021,0.00087
88.44000,0.62193,0.99870,0.00021,0.00021,0.00087
88.77000,0.62194,0.99872,0.00021,0.00021,0.00087
89.10000,0.62194,0.99870,0.00021,0.00021,0.00087
89.43000,0.62194,0.99871,0.00021,0.00021,0.00087
89.76000,0.62193,0.99871,0.00021,0.00021,0.00087
90.09000,0.62194,0.99871,0.00021,0.00021,0.00087
90.42000,0.62194,0.99871,0.00021,0.00021,0.00087
90.75000,0.62194,0.99869,0.00021,0.00021,0.00088
91.08000,0.62193,0.99869,0.00021,0.00021,0.00088
91.41000,0.62193,0.99870,0.00021,0.00021,0.00088
91.74000,0.62194,0.99871,0.00021,0.00021,0.00087
92.07000,0.62194,0.99871,0.00021,0.00021,0.00087
92.40000,0.62193,0.99871,0.00021,0.00021,0.00087
92.73000,0.62193,0.99871,0.00021,0.00021,0.00087
93.06000,0.62194,0.99871,0.00021,0.00021,0.00087
93.39000,0.62194,0.99871,0.00021,0.00021,0.00087
93.72000,0.62193,0.99872,0.00021,0.00021,0.00087
94.05000,0.62193,0.99871,0.00021,0.00021,0.00087
94.38000,0.62194,0.99870,0.00021,0.00021,0.00088
94.71000,0.62194,0.99871,0.00021,0.00021,0.00087
95.04000,0.62193,0.99870,0.00021,0.00021,0.00087
95.37000,0.62193,0.99871,0.00021,0.00021,0.00087
95.70000,0.62194,0.99871,0.00021,0.00021,0.00087
96.03000,0.62194,0.99871,0.00021,0.00021,0.00087
96.36000,0.62194,0.99870,0.00021,0.00021,0.00088
96.69000,0.62193,0.99870,0.00021,0.00021,0.00087
97.02000,0.62194,0.99871,0.00021,0.00021,0.00087
97.35000,0.62194,0.99871,0.00021,0.00021,0.00087
97.68000,0.62194,0.99871,0.00021,0.00021,0.00087
98.01000,0.62193,0.99870,0.00021,0.00021,0.00087
98.34000,0.62194,0.99870,0.00021,0.00021,0.00088
98.67000,0.62194,0.99870,0.00021,0.00021,0.00088
99.00000,0.62194,0.99870,0.00021,0.00021,0.00087
99.33000,0.62193,0.99870,0.00021,0.00021,0.00088
99.66000,0.62193,0.99870,0.00021,0.00021,0.00088
99.99000,0.62194,0.99871,0.00021,0.00021,0.00087
100.32000,0.62194,0.99872,0.00021,0.00021,0.00087
100.65000,0.62193,0.99871,0.00021,0.00021,0.00087
100.98000,0.62193,0.99870,0.00021,0.00021,0.00088
101.31000,0.62194,0.99872,0.00021,0.00021,0.00087
101.64000,0.62194,0.99872,0.00021,0.00021,0.00086
101.97000,0.62193,0.99870,0.00021,0.00021,0.00087
102.30000,0.62193,0.99870,0.00021,0.00021,0.00088
102.63000,0.62194,0.99870,0.00021,0.00021,0.00088
102.96000,0.62194,0.99871,0.00021,0.00021,0.00087
103.29000,0.62193,0.99871,0.00021,0.00021,0.00087
103.62000,0.62193,0.99872,0.00021,0.00021,0.00087
103.95000,0.62194,0.99871,0.00021,0.00021,0.00087
104.28000,0.62194,0.99872,0.00021,0.00021,0.00087
104.61000,0.62194,0.99871,0.00021,0.00021,0.00087
104.94000,0.62193,0.99870,0.00021,0.00021,0.00088
105.27000,0.62194,0.99870,0.00021,0.00021,0.00087
105.60000,0.62194,0.99872,0.00021,0.00021,0.00087
105.93000,0.62194,0.99873,0.00021,0.00021,0.00086
106.26000,0.62193,0.99873,0.00020,0.00021,0.00086
106.59000,0.62194,0.99874,0.00020,0.00020,0.00085
106.92000,0.62194,0.99875,0.00020,0.00020,0.00085
107.25000,0.62194,0.99875,0.00020,0.00020,0.00085
107.58000,0.62193,0.99875,0.00020,0.00020,0.00085
107.91000,0.62193,0.99875,0.00020,0.00020,0.00085
108.24000,0.62194,0.99873,0.00020,0.00021,0.00086
108.57000,0.62194,0.99872,0.00021,0.00021,0.00087
108.90000,0.62193,0.99872,0.00021,0.00021,0.00087
109.23000,0.62193,0.99871,0.00021,0.00021,0.00087
109.56000,0.62194,0.99871,0.00021,0.00021,0.00087
109.89000,0.62194,0.99871,0.00021,0.00021,0.00087
110.22000,0.62193,0.99870,0.00021,0.00021,0.00087
110.55000,0.62193,0.99871,0.00021,0.00021,0.00087
110.88000,0.62194,0.99870,0.00021,0.00021,0.00087
111.21000,0.62194,0.99871,0.00021,0.00021,0.00087
111.54000,0.62193,0.99872,0.00021,0.00021,0.00087
111.87000,0.62193,0.99872,0.00021,0.00021,0.00086
112.20000,0.62194,0.99871,0.00021,0.00021,0.00087
112.53000,0.62194,0.99871,0.00021,0.00021,0.00087
112.86000,0.62194,0.99871,0.00021,0.00021,0.00087
113.19000,0.62193,0.99871,0.00021,0.00021,0.00087
113.52000,0.62194,0.99871,0.00021,0.00021,0.00087
113.85000,0.62194,0.99871,0.00021,0.00021,0.00087
114.18000,0.62194,0.99872,0.00021,0.00021,0.00087
114.51000,0.62193,0.99871,0.00021,0.00021,0.00087
114.84000,0.62194,0.99871,0.00021,0.00021,0.00087
115.17000,0.62194,0.99871,0.00021,0.00021,0.00087
115.50000,0.62194,0.99872,0.00021,0.00021,0.00087
115.83000,0.62193,0.99870,0.00021,0.00021,0.00087
116.16000,0.62193,0.99870,0.00021,0.00021,0.00087
116.49000,0.62194,0.99871,0.00021,0.00021,0.00087
116.82000,0.62194,0.99871,0.00021,0.00021,0.00087
117.15000,0.62193,0.99870,0.00021,0.00021,0.00088
117.48000,0.62193,0.99871,0.00021,0.00021,0.00087
117.81000,0.62194,0.99871,0.00021,0.00021,0.00087
118.14000,0.62194,0.99870,0.00021,0.00021,0.00087
118.47000,0.62193,0.99870,0.00021,0.00021,0.00088
118.80000,0.62193,0.99870,0.00021,0.00021,0.00088
119.13000,0.62194,0.99871,0.00021,0.00021,0.00087
119.46000,0.62194,0.99871,0.00021,0.00021,0.00087
119.79000,0.62193,0.99870,0.00021,0.00021,0.00087
120.12000,0.62193,0.99871,0.00021,0.00021,0.00087
120.45000,0.62194,0.99871,0.00021,0.00021,0.00087
120.78000,0.62194,0.99870,0.00021,0.00021,0.00088
121.11000,0.62194,0.99869,0.00021,0.00022,0.00088
121.44000,0.62193,0.99871,0.00021,0.00021,0.00087
121.77000,0.62194,0.99872,0.00021,0.00021,0.00087
122.10000,0.62194,0.99872,0.00021,0.00021,0.00087
122.43000,0.62194,0.99871,0.00021,0.00021,0.00087
122.76000,0.62193,0.99871,0.00021,0.00021,0.00087
123.09000,0.62194,0.99870,0.00021,0.00021,0.00088
123.42000,0.62194,0.99870,0.00021,0.00021,0.00088
123.75000,0.62194,0.99870,0.00021,0.00021,0.00088
124.08000,0.62193,0.99870,0.00021,0.00021,0.00088
124.41000,0.62193,0.99871,0.00021,0.00021,0.00087
124.74000,0.62194,0.99872,0.00021,0.00021,0.00087
125.07000,0.62194,0.99871,0.00021,0.00021,0.00087
125.40000,0.62193,0.99871,0.00021,0.00021,0.00087
125.73000,0.62193,0.99872,0.00021,0.00021,0.00087
126.06000,0.62194,0.99871,0.00021,0.00021,0.00087
126.39000,0.62194,0.99870,0.00021,0.00021,0.00088
126.72000,0.62193,0.99870,0.00021,0.00021,0.00088
127.05000,0.62193,0.99868,0.00022,0.00022,0.00088
127.38000,0.62194,0.99868,0.00022,0.00022,0.00089
127.71000,0.62194,0.99865,0.00022,0.00022,0.00090
128.03999,0.62195,0.99869,0.00021,0.00021,0.00088
128.37000,0.62195,0.99870,0.00021,0.00021,0.00088
128.70000,0.62193,0.99870,0.00021,0.00021,0.00088
129.03000,0.62193,0.99871,0.00021,0.00021,0.00087
129.36000,0.62193,0.99871,0.00021,0.00021,0.00087
129.69000,0.62193,0.99871,0.00021,0.00021,0.00087
130.02000,0.62193,0.99870,0.00021,0.00021,0.00087
130.35001,0.62193,0.99870,0.00021,0.00021,0.00087
130.67999,0.62195,0.99870,0.00021,0.00021,0.00087
131.00999,0.62195,0.99870,0.00021,0.00021,0.00088
131.34000,0.62195,0.99871,0.00021,0.00021,0.00087
131.67000,0.62193,0.99871,0.00021,0.00021,0.00087
132.00000,0.62193,0.99868,0.00022,0.00022,0.00089
132.33000,0.62193,0.99870,0.00021,0.00021,0.00087
132.66000,0.62193,0.99870,0.00021,0.00021,0.00087
132.99001,0.62193,0.99870,0.00021,0.00021,0.00087
133.32001,0.62193,0.99870,0.00021,0.00021,0.00088
133.64999,0.62195,0.99869,0.00021,0.00021,0.00088
133.98000,0.62195,0.99870,0.00021,0.00021,0.00087
134.31000,0.62193,0.99870,0.00021,0.00021,0.00088
134.64000,0.62193,0.99870,0.00021,0.00021,0.00088
134.97000,0.62193,0.99870,0.00021,0.00021,0.00088
135.30000,0.62193,0.99870,0.00021,0.00021,0.00088
135.63000,0.62193,0.99870,0.00021,0.00021,0.00088
135.96001,0.62193,0.99870,0.00021,0.00021,0.00088
136.28999,0.62195,0.99871,0.00021,0.00021,0.00087
136.62000,0.62195,0.99871,0.00021,0.00021,0.00087
136.95000,0.62193,0.99869,0.00021,0.00021,0.00088
137.28000,0.62193,0.99868,0.00021,0.00022,0.00089
137.61000,0.62193,0.99868,0.00022,0.00022,0.00089
137.94000,0.62193,0.99867,0.00022,0.00022,0.00089
138.27000,0.62193,0.99870,0.00021,0.00021,0.00088
138.60001,0.62193,0.99870,0.00021,0.00021,0.00087
138.92999,0.62195,0.99870,0.00021,0.00021,0.00088
139.25999,0.62195,0.99871,0.00021,0.00021,0.00087
139.59000,0.62195,0.99872,0.00020,0.00021,0.00086
139.92000,0.62193,0.99872,0.00021,0.00021,0.00087
140.25000,0.62193,0.99871,0.00021,0.00021,0.00087
140.58000,0.62193,0.99871,0.00021,0.00021,0.00087
140.91000,0.62193,0.99870,0.00021,0.00021,0.00088
141.24001,0.62193,0.99870,0.00021,0.00021,0.00088
141.57001,0.62193,0.99870,0.00021,0.00021,0.00088
141.89999,0.62195,0.99870,0.00021,0.00021,0.00087
142.23000,0.62195,0.99870,0.00021,0.00021,0.00087
142.56000,0.62193,0.99870,0.00021,0.00021,0.00088
142.89000,0.62193,0.99870,0.00021,0.00021,0.00088
143.22000,0.62193,0.99871,0.00021,0.00021,0.00087
143.55000,0.62193,0.99871,0.00021,0.00021,0.00087
143.88000,0.62193,0.99870,0.00021,0.00021,0.00088
144.21001,0.62193,0.99870,0.00021,0.00021,0.00088
144.53999,0.62195,0.99869,0.00021,0.00021,0.00088
144.87000,0.62195,0.99870,0.00021,0.00021,0.00088
145.20000,0.62193,0.99872,0.00021,0.00021,0.00086
145.53000,0.62193,0.99871,0.00021,0.00021,0.00087
145.86000,0.62193,0.99870,0.00021,0.00021,0.00088
146.19000,0.62193,0.99869,0.00021,0.00021,0.00088
146.52000,0.62193,0.99870,0.00021,0.00021,0.00087
146.85001,0.62193,0.99871,0.00021,0.00021,0.00087
147.17999,0.62195,0.99871,0.00021,0.00021,0.00087
147.50999,0.62195,0.99870,0.00021,0.00021,0.00087
147.84000,0.62195,0.99871,0.00021,0.00021,0.00087
148.17000,0.62193,0.99870,0.00021,0.00021,0.00087
148.50000,0.62193,0.99868,0.00022,0.00022,0.00089
148.83000,0.62193,0.99871,0.00021,0.00021,0.00087
149.16000,0.62193,0.99871,0.00021,0.00021,0.00087
149.49001,0.62193,0.99870,0.00021,0.00021,0.00087
149.82001,0.62193,0.99870,0.00021,0.00021,0.00088
150.14999,0.62195,0.99870,0.00021,0.00021,0.00087
150.48000,0.62195,0.99870,0.00021,0.00021,0.00087
150.81000,0.62193,0.99871,0.00021,0.00021,0.00087
151.14000,0.62193,0.99872,0.00021,0.00021,0.00087
151.47000,0.62193,0.99870,0.00021,0.00021,0.00087
151.80000,0.62193,0.99869,0.00022,0.00021,0.00088
152.13000,0.62193,0.99868,0.00021,0.00022,0.00088
152.46001,0.62193,0.99870,0.00021,0.00021,0.00088
152.78999,0.62195,0.99870,0.00021,0.00021,0.00087
153.12000,0.62195,0.99870,0.00021,0.00021,0.00087
153.45000,0.62193,0.99871,0.00021,0.00021,0.00087
153.78000,0.62193,0.99871,0.00021,0.00021,0.00087
154.11000,0.62193,0.99871,0.00021,0.00021,0.00087
154.44000,0.62193,0.99871,0.00021,0.00021,0.00087
154.77000,0.62193,0.99870,0.00021,0.00021,0.00088
155.10001,0.62193,0.99870,0.00021,0.00021,0.00088
155.42999,0.62195,0.99870,0.00021,0.00021,0.00088
155.75999,0.62195,0.99871,0.00021,0.00021,0.00087
156.09000,0.62195,0.99870,0.00021,0.00021,0.00088
156.42000,0.62193,0.99871,0.00021,0.00021,0.00087
156.75000,0.62193,0.99872,0.00021,0.00021,0.00086
157.08000,0.62193,0.99871,0.00021,0.00021,0.00087
157.41000,0.62193,0.99870,0.00021,0.00021,0.00087
157.74001,0.62193,0.99871,0.00021,0.00021,0.00087
158.07001,0.62193,0.99871,0.00021,0.00021,0.00087
158.39999,0.62195,0.99870,0.00021,0.00021,0.00087
158.73000,0.62195,0.99871,0.00021,0.00021,0.00087
159.06000,0.62193,0.99870,0.00021,0.00021,0.00087
159.39000,0.62193,0.99870,0.00021,0.00021,0.00087
159.72000,0.62193,0.99870,0.00021,0.00021,0.00088
160.05000,0.62193,0.99871,0.00021,0.00021,0.00087
160.38000,0.62193,0.99871,0.00021,0.00021,0.00087
160.71001,0.62193,0.99871,0.00021,0.00021,0.00087
161.03999,0.62195,0.99871,0.00021,0.00021,0.00087
161.37000,0.62195,0.99871,0.00021,0.00021,0.00087
161.70000,0.62193,0.99871,0.00021,0.00021,0.00087
162.03000,0.62193,0.99870,0.00021,0.00021,0.00088
162.36000,0.62193,0.99871,0.00021,0.00021,0.00087
162.69000,0.62193,0.99871,0.00021,0.00021,0.00087
163.02000,0.62193,0.99871,0.00021,0.00021,0.00087
163.35001,0.62193,0.99872,0.00021,0.00021,0.00086
163.67999,0.62195,0.99871,0.00021,0.00021,0.00087
164.00999,0.62195,0.99871,0.00021,0.00021,0.00087
164.34000,0.62195,0.99869,0.00021,0.00021,0.00088
164.67000,0.62193,0.99870,0.00021,0.00021,0.00088
165.00000,0.62193,0.99870,0.00021,0.00021,0.00088
165.33000,0.62193,0.99870,0.00021,0.00021,0.00087
165.66000,0.62193,0.99870,0.00021,0.00021,0.00087
165.99001,0.62193,0.99870,0.00021,0.00021,0.00088
166.32001,0.62193,0.99870,0.00021,0.00021,0.00087
166.64999,0.62195,0.99870,0.00021,0.00021,0.00088
166.98000,0.62195,0.99870,0.00021,0.00021,0.00087
167.31000,0.62193,0.99870,0.00021,0.00021,0.00088
167.64000,0.62193,0.99870,0.00021,0.00021,0.00087
167.97000,0.62193,0.99871,0.00021,0.00021,0.00087
168.30000,0.62193,0.99871,0.00021,0.00021,0.00087
168.63000,0.62193,0.99870,0.00021,0.00021,0.00088
168.96001,0.62193,0.99870,0.00021,0.00021,0.00088
169.28999,0.62195,0.99870,0.00021,0.00021,0.00088
169.62000,0.62195,0.99871,0.00021,0.00021,0.00087
169.95000,0.62193,0.99871,0.00021,0.00021,0.00087
170.28000,0.62193,0.99871,0.00021,0.00021,0.00087
170.61000,0.62193,0.99869,0.00021,0.00021,0.00088
170.94000,0.62193,0.99869,0.00021,0.00021,0.00089
171.27000,0.62193,0.99876,0.00019,0.00020,0.00086
171.60001,0.62193,0.99870,0.00021,0.00021,0.00088
171.92999,0.62195,0.99869,0.00021,0.00021,0.00088
172.25999,0.62195,0.99871,0.00021,0.00021,0.00087
172.59000,0.62195,0.99870,0.00021,0.00021,0.00088
172.92000,0.62193,0.99866,0.00022,0.00022,0.00090
173.25000,0.62193,0.99868,0.00022,0.00022,0.00089
173.58000,0.62193,0.99870,0.00021,0.00021,0.00088
173.91000,0.62193,0.99871,0.00021,0.00021,0.00087
174.24001,0.62193,0.99871,0.00021,0.00021,0.00087
174.57001,0.62193,0.99872,0.00021,0.00021,0.00087
174.89999,0.62195,0.99871,0.00021,0.00021,0.00087
175.23000,0.62195,0.99871,0.00021,0.00021,0.00087
175.56000,0.62193,0.99862,0.00023,0.00023,0.00092
175.89000,0.62193,0.99808,0.00036,0.00032,0.00123
176.22000,0.62193,0.99645,0.00078,0.00052,0.00226
176.55000,0.62193,0.99498,0.00097,0.00050,0.00355
176.88000,0.62193,0.99870,0.00021,0.00021,0.00088
177.21001,0.62193,0.99871,0.00021,0.00021,0.00087
177.53999,0.62195,0.99870,0.00021,0.00021,0.00088
177.87000,0.62195,0.99870,0.00021,0.00021,0.00088
178.20000,0.62193,0.99871,0.00021,0.00021,0.00087
178.53000,0.62193,0.99870,0.00021,0.00021,0.00087
178.86000,0.62193,0.99871,0.00021,0.00021,0.00087
179.19000,0.62193,0.99871,0.00021,0.00021,0.00087
179.52000,0.62193,0.99869,0.00021,0.00021,0.00088
179.85001,0.62193,0.99870,0.00021,0.00021,0.00088
180.17999,0.62195,0.99870,0.00021,0.00021,0.00087
180.50999,0.62195,0.99870,0.00021,0.00021,0.00087
180.84000,0.62195,0.99870,0.00021,0.00021,0.00087
181.17000,0.62193,0.99871,0.00021,0.00021,0.00087
181.50000,0.62193,0.99870,0.00021,0.00021,0.00088
181.83000,0.62193,0.99869,0.00021,0.00021,0.00088
182.16000,0.62193,0.99870,0.00021,0.00021,0.00088
182.49001,0.62193,0.99870,0.00021,0.00021,0.00087
182.82001,0.62193,0.99870,0.00021,0.00021,0.00087
183.14999,0.62195,0.99870,0.00021,0.00021,0.00088
183.48000,0.62195,0.99870,0.00021,0.00021,0.00088
183.81000,0.62193,0.99870,0.00021,0.00021,0.00088
184.14000,0.62193,0.99870,0.00021,0.00021,0.00087
184.47000,0.62193,0.99868,0.00022,0.00021,0.00089
184.80000,0.62193,0.99854,0.00025,0.00024,0.00096
185.13000,0.62193,0.99852,0.00026,0.00025,0.00098
185.46001,0.62193,0.99854,0.00026,0.00024,0.00096
185.78999,0.62195,0.99785,0.00040,0.00032,0.00143
186.12000,0.62195,0.99854,0.00026,0.00023,0.00097
186.45000,0.62193,0.99861,0.00023,0.00023,0.00092
186.78000,0.62193,0.99800,0.00038,0.00034,0.00128
187.11000,0.62193,0.99674,0.00071,0.00049,0.00206
187.44000,0.62193,0.99834,0.00030,0.00026,0.00110
187.77000,0.62193,0.99842,0.00028,0.00027,0.00104
188.10001,0.62193,0.99438,0.00119,0.00069,0.00374
188.42999,0.62195,0.99658,0.00064,0.00043,0.00235
188.75999,0.62195,0.99871,0.00021,0.00021,0.00087
189.09000,0.62195,0.99871,0.00021,0.00021,0.00087
189.42000,0.62193,0.99871,0.00021,0.00021,0.00087
189.75000,0.62193,0.99869,0.00022,0.00021,0.00088
190.08000,0.62193,0.99870,0.00021,0.00021,0.00088
190.41000,0.62193,0.99871,0.00021,0.00021,0.00087
190.74001,0.62193,0.99871,0.00021,0.00021,0.00087
191.07001,0.62193,0.99870,0.00021,0.00021,0.00087
191.39999,0.62195,0.99870,0.00021,0.00021,0.00088
191.73000,0.62195,0.99870,0.00021,0.00021,0.00088
192.06000,0.62193,0.99869,0.00021,0.00021,0.00088
192.39000,0.62193,0.99870,0.00021,0.00021,0.00088
192.72000,0.62193,0.99869,0.00021,0.00022,0.00088
193.05000,0.62193,0.99868,0.00022,0.00022,0.00088
193.38000,0.62193,0.99870,0.00021,0.00021,0.00088
193.71001,0.62193,0.99870,0.00021,0.00021,0.00087
194.03999,0.62195,0.99871,0.00021,0.00021,0.00087
194.37000,0.62195,0.99870,0.00021,0.00021,0.00088
194.70000,0.62193,0.99870,0.00021,0.00021,0.00087
195.03000,0.62193,0.99870,0.00021,0.00021,0.00088
195.36000,0.62193,0.99870,0.00021,0.00021,0.00088
195.69000,0.62193,0.99826,0.00031,0.00028,0.00115
196.02000,0.62193,0.99761,0.00040,0.00034,0.00165
196.35001,0.62193,0.99869,0.00021,0.00022,0.00088
196.67999,0.62195,0.99867,0.00022,0.00022,0.00089
197.00999,0.62195,0.99867,0.00022,0.00022,0.00089
197.34000,0.62195,0.99872,0.00021,0.00021,0.00087
197.67000,0.62193,0.99871,0.00021,0.00021,0.00087
198.00000,0.62193,0.99871,0.00021,0.00021,0.00087
198.33000,0.62193,0.99870,0.00021,0.00021,0.00087
198.66000,0.62193,0.99871,0.00021,0.00021,0.00087
198.99001,0.62193,0.99872,0.00021,0.00021,0.00087
199.32001,0.62193,0.99871,0.00021,0.00021,0.00087
199.64999,0.62195,0.99870,0.00021,0.00021,0.00088
199.98000,0.62195,0.99870,0.00021,0.00021,0.00088
200.31000,0.62193,0.99870,0.00021,0.00021,0.00088
200.64000,0.62193,0.99870,0.00021,0.00021,0.00087
200.97000,0.62193,0.99870,0.00021,0.00021,0.00088
201.30000,0.62193,0.99870,0.00021,0.00021,0.00087
201.63000,0.62193,0.99869,0.00021,0.00021,0.00088
201.96001,0.62193,0.99870,0.00021,0.00021,0.00088
202.28999,0.62195,0.99872,0.00021,0.00021,0.00087
202.62000,0.62195,0.99872,0.00021,0.00021,0.00087
202.95000,0.62193,0.99872,0.00021,0.00021,0.00087
203.28000,0.62193,0.99871,0.00021,0.00021,0.00087
203.61000,0.62193,0.99868,0.00022,0.00022,0.00088
203.94000,0.62193,0.99867,0.00022,0.00022,0.00089
204.27000,0.62193,0.99870,0.00021,0.00021,0.00088
204.60001,0.62193,0.99870,0.00021,0.00021,0.00088
204.92999,0.62195,0.99871,0.00021,0.00021,0.00087
205.25999,0.62195,0.99870,0.00021,0.00021,0.00087
205.59000,0.62195,0.99870,0.00021,0.00021,0.00088
205.92000,0.62193,0.99870,0.00021,0.00021,0.00088
206.25000,0.62193,0.99858,0.00024,0.00024,0.00094
206.58000,0.62193,0.99863,0.00023,0.00022,0.00092
206.91000,0.62193,0.99857,0.00024,0.00024,0.00095
207.24001,0.62193,0.99829,0.00030,0.00029,0.00111
207.57001,0.62193,0.99656,0.00068,0.00043,0.00233
207.89999,0.62195,0.99670,0.00045,0.00042,0.00242
208.23000,0.62195,0.99870,0.00021,0.00021,0.00088
208.56000,0.62193,0.99872,0.00021,0.00021,0.00087
208.89000,0.62193,0.99871,0.00021,0.00021,0.00087
209.22000,0.62193,0.99870,0.00021,0.00021,0.00087
209.55000,0.62193,0.99869,0.00021,0.00021,0.00088
209.88000,0.62193,0.99870,0.00021,0.00021,0.00088
210.21001,0.62193,0.99869,0.00021,0.00021,0.00088
210.53999,0.62195,0.99870,0.00021,0.00021,0.00087
210.87000,0.62195,0.99871,0.00021,0.00021,0.00087
211.20000,0.62193,0.99870,0.00021,0.00021,0.00088
211.53000,0.62193,0.99870,0.00021,0.00021,0.00087
211.86000,0.62193,0.99869,0.00022,0.00021,0.00088
212.19000,0.62193,0.99869,0.00021,0.00022,0.00088
212.52000,0.62193,0.99870,0.00021,0.00021,0.00088
212.85001,0.62193,0.99872,0.00021,0.00021,0.00087
213.17999,0.62195,0.99871,0.00021,0.00021,0.00087
213.50999,0.62195,0.99871,0.00021,0.00021,0.00087
213.84000,0.62195,0.99871,0.00021,0.00021,0.00087
214.17000,0.62193,0.99872,0.00021,0.00021,0.00087
214.50000,0.62193,0.99871,0.00021,0.00021,0.00087
214.83000,0.62193,0.99872,0.00021,0.00021,0.00087
215.16000,0.62193,0.99871,0.00021,0.00021,0.00087
215.49001,0.62193,0.99870,0.00021,0.00021,0.00088
215.82001,0.62193,0.99870,0.00021,0.00021,0.00087
216.14999,0.62195,0.99869,0.00022,0.00022,0.00088
216.48000,0.62195,0.99870,0.00021,0.00021,0.00088
216.81000,0.62193,0.99871,0.00021,0.00021,0.00087
217.14000,0.62193,0.99870,0.00021,0.00021,0.00087
217.47000,0.62193,0.99871,0.00021,0.00021,0.00087
217.80000,0.62193,0.99870,0.00021,0.00021,0.00087
218.13000,0.62193,0.99870,0.00021,0.00021,0.00087
218.46001,0.62193,0.99870,0.00021,0.00021,0.00087
218.78999,0.62195,0.99869,0.00021,0.00022,0.00088
219.12000,0.62195,0.99870,0.00021,0.00021,0.00088
219.45000,0.62193,0.99871,0.00021,0.00021,0.00087
219.78000,0.62193,0.99870,0.00021,0.00021,0.00088
220.11000,0.62193,0.99869,0.00021,0.00021,0.00088
220.44000,0.62193,0.99870,0.00021,0.00021,0.00087
220.77000,0.62193,0.99871,0.00021,0.00021,0.00087
221.10001,0.62193,0.99870,0.00021,0.00021,0.00088
221.42999,0.62195,0.99869,0.00021,0.00021,0.00088
221.75999,0.62195,0.99871,0.00021,0.00021,0.00087
222.09000,0.62195,0.99871,0.00021,0.00021,0.00087
222.42000,0.62193,0.99872,0.00021,0.00021,0.00087
222.75000,0.62193,0.99870,0.00021,0.00021,0.00088
223.08000,0.62193,0.99870,0.00021,0.00021,0.00088
223.41000,0.62193,0.99870,0.00021,0.00021,0.00088
223.74001,0.62193,0.99872,0.00021,0.00021,0.00087
224.07001,0.62193,0.99870,0.00021,0.00021,0.00087
224.39999,0.62195,0.99870,0.00021,0.00021,0.00087
224.73000,0.62195,0.99870,0.00021,0.00021,0.00087
225.06000,0.62193,0.99870,0.00021,0.00021,0.00088
225.39000,0.62193,0.99871,0.00021,0.00021,0.00087
225.72000,0.62193,0.99871,0.00021,0.00021,0.00087
226.05000,0.62193,0.99870,0.00021,0.00021,0.00088
226.38000,0.62193,0.99870,0.00021,0.00021,0.00088
226.71001,0.62193,0.99869,0.00021,0.00021,0.00088
227.03999,0.62195,0.99870,0.00021,0.00021,0.00088
227.37000,0.62195,0.99870,0.00021,0.00021,0.00088
227.70000,0.62193,0.99870,0.00021,0.00021,0.00087
228.03000,0.62193,0.99870,0.00021,0.00021,0.00087
228.36000,0.62193,0.99870,0.00021,0.00021,0.00088
228.69000,0.62193,0.99870,0.00021,0.00021,0.00088
229.02000,0.62193,0.99870,0.00021,0.00021,0.00087
229.35001,0.62193,0.99871,0.00021,0.00021,0.00087
229.67999,0.62195,0.99872,0.00021,0.00021,0.00087
230.00999,0.62195,0.99870,0.00021,0.00021,0.00087
230.34000,0.62195,0.99869,0.00021,0.00021,0.00088
230.67000,0.62193,0.99869,0.00021,0.00021,0.00088
231.00000,0.62193,0.99870,0.00021,0.00021,0.00088
231.33000,0.62193,0.99870,0.00021,0.00021,0.00088
231.66000,0.62193,0.99871,0.00021,0.00021,0.00087
231.99001,0.62193,0.99872,0.00021,0.00021,0.00087
232.32001,0.62193,0.99871,0.00021,0.00021,0.00087
232.64999,0.62195,0.99871,0.00021,0.00021,0.00087
232.98000,0.62195,0.99870,0.00021,0.00021,0.00087
233.31000,0.62193,0.99870,0.00021,0.00021,0.00088
233.64000,0.62193,0.99870,0.00021,0.00021,0.00087
233.97000,0.62193,0.99872,0.00021,0.00021,0.00087
234.30000,0.62193,0.99871,0.00021,0.00021,0.00087
234.63000,0.62193,0.99867,0.00022,0.00022,0.00089
234.96001,0.62193,0.99859,0.00023,0.00024,0.00094
235.28999,0.62195,0.99870,0.00021,0.00021,0.00087
235.62000,0.62195,0.99855,0.00025,0.00024,0.00096
235.95000,0.62193,0.99854,0.00025,0.00024,0.00097
236.28000,0.62193,0.99869,0.00022,0.00021,0.00088
236.61000,0.62193,0.99869,0.00021,0.00022,0.00088
236.94000,0.62193,0.99869,0.00021,0.00021,0.00088
237.27000,0.62193,0.99870,0.00021,0.00021,0.00088
237.60001,0.62193,0.99869,0.00021,0.00021,0.00088
237.92999,0.62195,0.99870,0.00021,0.00021,0.00088
238.25999,0.62195,0.99869,0.00021,0.00022,0.00088
238.59000,0.62195,0.99869,0.00022,0.00022,0.00088
238.92000,0.62193,0.99870,0.00021,0.00021,0.00088
239.25000,0.62193,0.99870,0.00021,0.00021,0.00088
239.58000,0.62193,0.99871,0.00021,0.00021,0.00087
239.91000,0.62193,0.99870,0.00021,0.00021,0.00088
240.24001,0.62193,0.99870,0.00021,0.00021,0.00088
240.57001,0.62193,0.99870,0.00021,0.00021,0.00087
240.89999,0.62195,0.99870,0.00021,0.00021,0.00088
241.23000,0.62195,0.99868,0.00021,0.00022,0.00088
241.56000,0.62193,0.99869,0.00022,0.00022,0.00088
241.89000,0.62193,0.99870,0.00021,0.00021,0.00087
242.22000,0.62193,0.99870,0.00021,0.00021,0.00088
242.55000,0.62193,0.99869,0.00021,0.00021,0.00088
242.88000,0.62193,0.99870,0.00021,0.00021,0.00088
243.21001,0.62193,0.99869,0.00022,0.00022,0.00088
243.53999,0.62195,0.99869,0.00021,0.00022,0.00088
243.87000,0.62195,0.99869,0.00021,0.00021,0.00088
244.20000,0.62193,0.99869,0.00021,0.00021,0.00088
244.53000,0.62193,0.99870,0.00021,0.00021,0.00088
244.86000,0.62193,0.99869,0.00021,0.00021,0.00088
245.19000,0.62193,0.99870,0.00021,0.00021,0.00088
245.52000,0.62193,0.99870,0.00021,0.00021,0.00088
245.85001,0.62193,0.99871,0.00021,0.00021,0.00087
246.17999,0.62195,0.99871,0.00021,0.00021,0.00087
246.50999,0.62195,0.99870,0.00021,0.00021,0.00088
246.84000,0.62195,0.99870,0.00021,0.00021,0.00088
247.17000,0.62193,0.99870,0.00021,0.00021,0.00088
247.50000,0.62193,0.99869,0.00021,0.00021,0.00088
247.83000,0.62193,0.99870,0.00021,0.00021,0.00088
248.16000,0.62193,0.99870,0.00021,0.00021,0.00088
248.49001,0.62193,0.99870,0.00021,0.00021,0.00087
248.82001,0.62193,0.99870,0.00021,0.00021,0.00088
249.14999,0.62195,0.99870,0.00021,0.00021,0.00088
249.48000,0.62195,0.99870,0.00021,0.00021,0.00088
249.81000,0.62193,0.99870,0.00021,0.00021,0.00088
250.14000,0.62193,0.99871,0.00021,0.00021,0.00087
250.47000,0.62193,0.99869,0.00021,0.00021,0.00088
250.80000,0.62193,0.99870,0.00021,0.00021,0.00088
251.13000,0.62193,0.99869,0.00021,0.00021,0.00088
251.46001,0.62193,0.99869,0.00021,0.00021,0.00088
251.78999,0.62195,0.99870,0.00021,0.00021,0.00088
252.12000,0.62195,0.99871,0.00021,0.00021,0.00087
252.45000,0.62193,0.99869,0.00021,0.00021,0.00088
252.78000,0.62193,0.99869,0.00021,0.00021,0.00088
253.11000,0.62193,0.99869,0.00021,0.00021,0.00088
253.44000,0.62193,0.99867,0.00022,0.00022,0.00089
253.77000,0.62193,0.99868,0.00022,0.00022,0.00089
254.10001,0.62193,0.99870,0.00021,0.00021,0.00087
254.42999,0.62195,0.99871,0.00021,0.00021,0.00087
254.75999,0.62195,0.99871,0.00021,0.00021,0.00087
255.09000,0.62195,0.99871,0.00021,0.00021,0.00087
255.42000,0.62193,0.99870,0.00021,0.00021,0.00088
255.75000,0.62195,0.99868,0.00022,0.00022,0.00088
256.07999,0.62195,0.99869,0.00021,0.00021,0.00088
256.41000,0.62195,0.99870,0.00021,0.00021,0.00088
256.73999,0.62195,0.99871,0.00021,0.00021,0.00087
257.07001,0.62192,0.99870,0.00021,0.00021,0.00088
257.39999,0.62195,0.99868,0.00022,0.00022,0.00088
257.73001,0.62192,0.99870,0.00021,0.00021,0.00087
258.06000,0.62195,0.99870,0.00021,0.00021,0.00087
258.39001,0.62192,0.99871,0.00021,0.00021,0.00087
258.72000,0.62195,0.99870,0.00021,0.00021,0.00087
259.04999,0.62195,0.99871,0.00021,0.00021,0.00087
259.38000,0.62192,0.99871,0.00021,0.00021,0.00087
259.70999,0.62195,0.99870,0.00021,0.00021,0.00087
260.04001,0.62192,0.99868,0.00022,0.00022,0.00089
260.37000,0.62195,0.99869,0.00021,0.00022,0.00088
260.70001,0.62192,0.99870,0.00021,0.00021,0.00087
261.03000,0.62195,0.99870,0.00021,0.00021,0.00088
261.35999,0.62195,0.99870,0.00021,0.00021,0.00087
261.69000,0.62195,0.99870,0.00021,0.00021,0.00088
262.01999,0.62195,0.99870,0.00021,0.00021,0.00088
262.35001,0.62192,0.99871,0.00021,0.00021,0.00087
262.67999,0.62195,0.99871,0.00021,0.00021,0.00087
263.01001,0.62192,0.99870,0.00021,0.00021,0.00087
263.34000,0.62195,0.99870,0.00021,0.00021,0.00088
263.67001,0.62192,0.99870,0.00021,0.00021,0.00088
264.00000,0.62195,0.99870,0.00021,0.00021,0.00088
264.32999,0.62195,0.99871,0.00021,0.00021,0.00087
264.66000,0.62195,0.99871,0.00021,0.00021,0.00087
264.98999,0.62195,0.99869,0.00021,0.00022,0.00088
265.32001,0.62192,0.99869,0.00021,0.00021,0.00088
265.64999,0.62195,0.99870,0.00021,0.00021,0.00088
265.98001,0.62192,0.99869,0.00021,0.00021,0.00088
266.31000,0.62195,0.99870,0.00021,0.00021,0.00088
266.64001,0.62192,0.99869,0.00021,0.00022,0.00088
266.97000,0.62195,0.99871,0.00021,0.00021,0.00087
267.29999,0.62195,0.99870,0.00021,0.00021,0.00087
267.63000,0.62192,0.99870,0.00021,0.00021,0.00088
267.95999,0.62195,0.99870,0.00021,0.00021,0.00088
268.29001,0.62192,0.99871,0.00021,0.00021,0.00087
268.62000,0.62195,0.99870,0.00021,0.00021,0.00087
268.95001,0.62192,0.99870,0.00021,0.00021,0.00088
269.28000,0.62195,0.99870,0.00021,0.00021,0.00087
269.60999,0.62195,0.99870,0.00021,0.00021,0.00087
269.94000,0.62195,0.99869,0.00021,0.00021,0.00088
270.26999,0.62195,0.99870,0.00021,0.00021,0.00088
270.60001,0.62192,0.99869,0.00021,0.00022,0.00088
270.92999,0.62195,0.99869,0.00022,0.00021,0.00088
271.26001,0.62192,0.99871,0.00021,0.00021,0.00087
271.59000,0.62195,0.99871,0.00021,0.00021,0.00087
271.92001,0.62192,0.99870,0.00021,0.00021,0.00087
272.25000,0.62195,0.99870,0.00021,0.00021,0.00088
272.57999,0.62195,0.99870,0.00021,0.00021,0.00087
272.91000,0.62195,0.99870,0.00021,0.00021,0.00088
273.23999,0.62195,0.99870,0.00021,0.00021,0.00088
273.57001,0.62192,0.99869,0.00021,0.00021,0.00088
273.89999,0.62195,0.99868,0.00022,0.00022,0.00089
274.23001,0.62192,0.99870,0.00021,0.00021,0.00088
274.56000,0.62195,0.99870,0.00021,0.00021,0.00087
274.89001,0.62192,0.99870,0.00021,0.00021,0.00088
275.22000,0.62195,0.99870,0.00021,0.00021,0.00087
275.54999,0.62195,0.99870,0.00021,0.00021,0.00087
275.88000,0.62192,0.99869,0.00021,0.00021,0.00088
276.20999,0.62195,0.99869,0.00021,0.00022,0.00088
276.54001,0.62192,0.99869,0.00021,0.00021,0.00088
276.87000,0.62195,0.99870,0.00021,0.00021,0.00088
277.20001,0.62192,0.99870,0.00021,0.00021,0.00087
277.53000,0.62195,0.99871,0.00021,0.00021,0.00087
277.85999,0.62195,0.99869,0.00021,0.00021,0.00088
278.19000,0.62195,0.99870,0.00021,0.00021,0.00088
278.51999,0.62195,0.99870,0.00021,0.00021,0.00088
278.85001,0.62192,0.99869,0.00022,0.00022,0.00088
279.17999,0.62195,0.99871,0.00021,0.00021,0.00087
279.51001,0.62192,0.99871,0.00021,0.00021,0.00087
279.84000,0.62195,0.99869,0.00021,0.00021,0.00088
280.17001,0.62192,0.99869,0.00022,0.00021,0.00088
280.50000,0.62195,0.99869,0.00021,0.00021,0.00088
280.82999,0.62195,0.99869,0.00021,0.00021,0.00088
281.16000,0.62195,0.99869,0.00021,0.00022,0.00088
281.48999,0.62195,0.99871,0.00021,0.00021,0.00087
281.82001,0.62192,0.99870,0.00021,0.00021,0.00087
282.14999,0.62195,0.99870,0.00021,0.00021,0.00088
282.48001,0.62192,0.99870,0.00021,0.00021,0.00088
282.81000,0.62195,0.99870,0.00021,0.00021,0.00088
283.14001,0.62192,0.99871,0.00021,0.00021,0.00087
283.47000,0.62195,0.99870,0.00021,0.00021,0.00087
283.79999,0.62195,0.99871,0.00021,0.00021,0.00087
284.13000,0.62192,0.99870,0.00021,0.00021,0.00087
284.45999,0.62195,0.99869,0.00021,0.00022,0.00088
284.79001,0.62192,0.99869,0.00021,0.00021,0.00088
285.12000,0.62195,0.99869,0.00021,0.00021,0.00088
285.45001,0.62192,0.99870,0.00021,0.00021,0.00088
285.78000,0.62195,0.99870,0.00021,0.00021,0.00088
286.10999,0.62195,0.99871,0.00021,0.00021,0.00087
286.44000,0.62195,0.99870,0.00021,0.00021,0.00088
286.76999,0.62195,0.99870,0.00021,0.00021,0.00087
287.10001,0.62192,0.99871,0.00021,0.00021,0.00087
287.42999,0.62195,0.99870,0.00021,0.00021,0.00088
287.76001,0.62192,0.99869,0.00021,0.00022,0.00088
288.09000,0.62195,0.99869,0.00021,0.00022,0.00088
288.42001,0.62192,0.99869,0.00021,0.00021,0.00088
288.75000,0.62195,0.99870,0.00021,0.00021,0.00088
289.07999,0.62195,0.99870,0.00021,0.00021,0.00087
289.41000,0.62195,0.99871,0.00021,0.00021,0.00087
289.73999,0.62195,0.99870,0.00021,0.00021,0.00087
290.07001,0.62192,0.99869,0.00021,0.00022,0.00088
290.39999,0.62195,0.99868,0.00022,0.00022,0.00089
290.73001,0.62192,0.99863,0.00023,0.00023,0.00091
291.06000,0.62195,0.99868,0.00021,0.00022,0.00089
291.39001,0.62192,0.99870,0.00021,0.00021,0.00087
291.72000,0.62195,0.99869,0.00021,0.00021,0.00088
292.04999,0.62195,0.99869,0.00021,0.00021,0.00088
292.38000,0.62192,0.99870,0.00021,0.00021,0.00088
292.70999,0.62195,0.99871,0.00021,0.00021,0.00087
293.04001,0.62192,0.99871,0.00021,0.00021,0.00087
293.37000,0.62195,0.99869,0.00022,0.00021,0.00088
293.70001,0.62192,0.99869,0.00022,0.00022,0.00088
294.03000,0.62195,0.99870,0.00021,0.00021,0.00087
294.35999,0.62195,0.99871,0.00021,0.00021,0.00087
294.69000,0.62195,0.99870,0.00021,0.00021,0.00088
295.01999,0.62195,0.99870,0.00021,0.00021,0.00087
295.35001,0.62192,0.99870,0.00021,0.00021,0.00087
295.67999,0.62195,0.99871,0.00021,0.00021,0.00087
296.01001,0.62192,0.99871,0.00021,0.00021,0.00087
296.34000,0.62195,0.99871,0.00021,0.00021,0.00087
296.67001,0.62192,0.99870,0.00021,0.00021,0.00087
297.00000,0.62195,0.99870,0.00021,0.00021,0.00088
297.32999,0.62195,0.99870,0.00021,0.00021,0.00088
297.66000,0.62195,0.99871,0.00021,0.00021,0.00087
297.98999,0.62195,0.99869,0.00021,0.00021,0.00088
298.32001,0.62192,0.99871,0.00021,0.00021,0.00087
298.64999,0.62195,0.99871,0.00021,0.00021,0.00087
298.98001,0.62192,0.99870,0.00021,0.00021,0.00088
299.31000,0.62195,0.99870,0.00021,0.00021,0.00088
