Time (seconds), Duration (seconds),pred_(unlabeled),pred_brushing_teeth,pred_hair_drying,pred_showering
0.00000,0.62194,1.00000,0.00000,0.00000,0.00000
0.33000,0.62194,0.99995,0.00000,0.00004,0.00000
0.66000,0.62194,0.99973,0.00003,0.00022,0.00002
0.99000,0.62194,0.99992,0.00000,0.00007,0.00000
1.32000,0.62194,0.99996,0.00000,0.00004,0.00000
1.65000,0.62194,0.99998,0.00000,0.00002,0.00000
1.98000,0.62194,0.99999,0.00000,0.00001,0.00000
2.31000,0.62194,0.99992,0.00000,0.00007,0.00000
2.64000,0.62194,0.99992,0.00000,0.00007,0.00000
2.97000,0.62194,0.99992,0.00000,0.00008,0.00000
3.30000,0.62194,0.99995,0.00000,0.00005,0.00000
3.63000,0.62194,0.99986,0.00001,0.00013,0.00000
3.96000,0.62194,0.99943,0.00007,0.00045,0.00005
4.29000,0.62194,0.99815,0.00034,0.00130,0.00021
4.62000,0.62194,0.99725,0.00039,0.00157,0.00079
4.95000,0.62194,0.98747,0.00112,0.00391,0.00750
5.28000,0.62194,0.99757,0.00019,0.00126,0.00098
5.61000,0.62194,0.99846,0.00015,0.00095,0.00045
5.94000,0.62194,0.99787,0.00000,0.00213,0.00000
6.27000,0.62194,0.99992,0.00000,0.00008,0.00000
6.60000,0.62194,0.99980,0.00002,0.00018,0.00001
6.93000,0.62194,0.99872,0.00015,0.00086,0.00026
7.26000,0.62194,0.99915,0.00009,0.00057,0.00018
7.59000,0.62194,0.99965,0.00003,0.00028,0.00004
7.92000,0.62194,0.99985,0.00001,0.00013,0.00001
8.25000,0.62194,0.99574,0.00057,0.00163,0.00207
8.58000,0.62194,0.99962,0.00003,0.00029,0.00006
8.91000,0.62194,0.99998,0.00000,0.00002,0.00000
9.24000,0.62194,0.99997,0.00000,0.00003,0.00000
9.57000,0.62194,0.99986,0.00001,0.00013,0.00000
9.90000,0.62194,0.99996,0.00000,0.00004,0.00000
10.23000,0.62194,0.99998,0.00000,0.00002,0.00000
10.56000,0.62194,0.99999,0.00000,0.00001,0.00000
10.89000,0.62194,0.99999,0.00000,0.00001,0.00000
11.22000,0.62194,0.99999,0.00000,0.00001,0.00000
11.55000,0.62194,0.99999,0.00000,0.00001,0.00000
11.88000,0.62194,0.99999,0.00000,0.00001,0.00000
12.21000,0.62194,0.99999,0.00000,0.00001,0.00000
12.54000,0.62194,0.99999,0.00000,0.00001,0.00000
12.87000,0.62194,0.99999,0.00000,0.00001,0.00000
13.20000,0.62194,0.99998,0.00000,0.00002,0.00000
13.53000,0.62194,0.99974,0.00002,0.00021,0.00002
13.86000,0.62194,0.99902,0.00011,0.00071,0.00016
14.19000,0.62194,0.99965,0.00003,0.00029,0.00003
14.52000,0.62194,0.99771,0.00017,0.00180,0.00032
14.85000,0.62194,0.95086,0.00081,0.01495,0.03337
15.18000,0.62194,0.87901,0.00492,0.01331,0.10276
15.51000,0.62194,0.99573,0.00038,0.00183,0.00206
15.84000,0.62194,0.99846,0.00019,0.00091,0.00043
16.17000,0.62194,0.94392,0.00047,0.03606,0.01955
16.50000,0.62194,0.97569,0.00031,0.01297,0.01103
16.83000,0.62194,0.99985,0.00001,0.00014,0.00001
17.16000,0.62194,0.99927,0.00005,0.00066,0.00002
17.49000,0.62194,0.99692,0.00026,0.00276,0.00006
17.82000,0.62194,0.99968,0.00000,0.00031,0.00000
18.15000,0.62194,0.99989,0.00000,0.00011,0.00000
18.48000,0.62194,0.99998,0.00000,0.00002,0.00000
18.81000,0.62194,0.99991,0.00000,0.00008,0.00000
19.14000,0.62194,0.81593,0.07326,0.02945,0.08136
19.47000,0.62194,0.04227,0.06539,0.01065,0.88170
19.80000,0.62194,0.18704,0.00609,0.01246,0.79441
20.13000,0.62194,0.53716,0.01133,0.01799,0.43352
20.46000,0.62194,0.82390,0.00841,0.01827,0.14942
20.79000,0.62194,0.81559,0.00832,0.01904,0.15705
21.12000,0.62194,0.64772,0.01371,0.02316,0.31541
21.45000,0.62194,0.73629,0.01177,0.02149,0.23046
21.78000,0.62194,0.34465,0.02202,0.03998,0.59335
22.11000,0.62194,0.06346,0.00975,0.02526,0.90153
22.44000,0.62194,0.05298,0.00520,0.01836,0.92345
22.77000,0.62194,0.21339,0.00329,0.01643,0.76688
23.10000,0.62194,0.63352,0.01040,0.02074,0.33534
23.43000,0.62194,0.83610,0.00975,0.01911,0.13505
23.76000,0.62194,0.81186,0.01374,0.02727,0.14713
24.09000,0.62194,0.68683,0.01510,0.03221,0.26586
24.42000,0.62194,0.68449,0.00995,0.02256,0.28301
24.75000,0.62194,0.66772,0.01272,0.02835,0.29121
25.08000,0.62194,0.84425,0.01070,0.02317,0.12189
25.41000,0.62194,0.81067,0.01541,0.03061,0.14332
25.74000,0.62194,0.79343,0.01189,0.02723,0.16745
26.07000,0.62194,0.89694,0.00834,0.02046,0.07426
26.40000,0.62194,0.88742,0.00832,0.01960,0.08467
26.73000,0.62194,0.93000,0.00620,0.01571,0.04808
27.06000,0.62194,0.95923,0.00442,0.01182,0.02452
27.39000,0.62194,0.86648,0.01364,0.02287,0.09702
27.72000,0.62194,0.81940,0.01118,0.02415,0.14526
28.05000,0.62194,0.69739,0.01220,0.02723,0.26318
28.38000,0.62194,0.70310,0.01348,0.02717,0.25625
28.71000,0.62194,0.63400,0.01558,0.03385,0.31656
29.04000,0.62194,0.46809,0.01835,0.03397,0.47959
29.37000,0.62194,0.65609,0.01545,0.03121,0.29725
29.70000,0.62194,0.65770,0.01368,0.03010,0.29852
30.03000,0.62194,0.48443,0.01367,0.02750,0.47440
30.36000,0.62194,0.44905,0.01286,0.02597,0.51211
30.69000,0.62194,0.31110,0.01462,0.02579,0.64849
31.02000,0.62194,0.54569,0.00611,0.01885,0.42935
31.35000,0.62194,0.43525,0.00929,0.02058,0.53489
31.68000,0.62194,0.50939,0.00683,0.01911,0.46467
32.01000,0.62194,0.69555,0.00760,0.02081,0.27604
32.34000,0.62194,0.81491,0.00842,0.02227,0.15440
32.67000,0.62194,0.69054,0.01574,0.03189,0.26183
33.00000,0.62194,0.77501,0.00875,0.01979,0.19645
33.33000,0.62194,0.59684,0.00758,0.02389,0.37168
33.66000,0.62194,0.72089,0.00599,0.01819,0.25493
33.99000,0.62194,0.65681,0.01164,0.02730,0.30425
34.32000,0.62194,0.58735,0.01392,0.02684,0.37189
34.65000,0.62194,0.62001,0.01193,0.02584,0.34221
34.98000,0.62194,0.63429,0.00935,0.02555,0.33081
35.31000,0.62194,0.55006,0.00729,0.02067,0.42198
35.64000,0.62194,0.53902,0.01285,0.02339,0.42475
35.97000,0.62194,0.61726,0.01174,0.02170,0.34930
36.30000,0.62194,0.64472,0.01048,0.02396,0.32085
36.63000,0.62194,0.47172,0.01121,0.02184,0.49523
36.96000,0.62194,0.62682,0.01157,0.02700,0.33461
37.29000,0.62194,0.78701,0.00894,0.02274,0.18131
37.62000,0.62194,0.74201,0.01126,0.02475,0.22198
37.95000,0.62194,0.68012,0.01319,0.02641,0.28029
38.28000,0.62194,0.80642,0.00935,0.02341,0.16082
38.61000,0.62194,0.89751,0.00430,0.01406,0.08414
38.94000,0.62194,0.76415,0.00867,0.02154,0.20564
39.27000,0.62194,0.59564,0.01236,0.02528,0.36672
39.60000,0.62194,0.62704,0.01122,0.02568,0.33606
39.93000,0.62194,0.55646,0.00975,0.02280,0.41099
40.26000,0.62194,0.71103,0.00930,0.02379,0.25588
40.59000,0.62194,0.72660,0.01023,0.02606,0.23710
40.92000,0.62194,0.19073,0.01039,0.02475,0.77413
41.25000,0.62194,0.05334,0.00333,0.01439,0.92894
41.58000,0.62194,0.03933,0.00211,0.01321,0.94535
41.91000,0.62194,0.03633,0.00242,0.01311,0.94814
42.24000,0.62194,0.03514,0.00245,0.01417,0.94824
42.57000,0.62194,0.03385,0.00267,0.01617,0.94731
42.90000,0.62194,0.02957,0.00284,0.01955,0.94804
43.23000,0.62194,0.03385,0.00198,0.01487,0.94930
43.56000,0.62194,0.03333,0.00232,0.01609,0.94826
43.89000,0.62194,0.03219,0.00297,0.01779,0.94705
44.22000,0.62194,0.02950,0.00396,0.01944,0.94710
44.55000,0.62194,0.03504,0.00374,0.01843,0.94278
44.88000,0.62194,0.03005,0.00320,0.01754,0.94921
45.21000,0.62194,0.03689,0.00358,0.01680,0.94273
45.54000,0.62194,0.04110,0.00360,0.01655,0.93874
45.87000,0.62194,0.04014,0.00344,0.01714,0.93929
46.20000,0.62194,0.03748,0.00265,0.01642,0.94346
46.53000,0.62194,0.03798,0.00266,0.01354,0.94582
46.86000,0.62194,0.03714,0.00221,0.01323,0.94742
47.19000,0.62194,0.04509,0.00213,0.01315,0.93964
47.52000,0.62194,0.04235,0.00220,0.01396,0.94150
47.85000,0.62194,0.05030,0.00267,0.01838,0.92865
48.18000,0.62194,0.04844,0.00352,0.02121,0.92683
48.51000,0.62194,0.04146,0.00389,0.02162,0.93303
48.84000,0.62194,0.04600,0.00293,0.02046,0.93060
49.17000,0.62194,0.04722,0.00445,0.02077,0.92755
49.50000,0.62194,0.05292,0.00353,0.01973,0.92382
49.83000,0.62194,0.05238,0.00356,0.01914,0.92492
50.16000,0.62194,0.05706,0.00425,0.02009,0.91860
50.49000,0.62194,0.05321,0.00416,0.02089,0.92174
50.82000,0.62194,0.04783,0.00380,0.01993,0.92844
51.15000,0.62194,0.04234,0.00148,0.01052,0.94565
51.48000,0.62194,0.12271,0.00160,0.00747,0.86823
51.81000,0.62194,0.21857,0.00246,0.00935,0.76963
52.14000,0.62194,0.27161,0.00222,0.00932,0.71686
52.47000,0.62194,0.36308,0.00354,0.01348,0.61990
52.80000,0.62194,0.51531,0.00416,0.01682,0.46372
53.13000,0.62194,0.42835,0.00550,0.01750,0.54865
53.46000,0.62194,0.50563,0.00356,0.01550,0.47530
53.79000,0.62194,0.37277,0.00539,0.01837,0.60347
54.12000,0.62194,0.53044,0.00514,0.01639,0.44803
54.45000,0.62194,0.40151,0.00745,0.01854,0.57251
54.78000,0.62194,0.35966,0.00160,0.01103,0.62771
55.11000,0.62194,0.41713,0.00363,0.01379,0.56545
55.44000,0.62194,0.56929,0.00466,0.01528,0.41077
55.77000,0.62194,0.52121,0.00379,0.01350,0.46149
56.10000,0.62194,0.44781,0.00545,0.01650,0.53023
56.43000,0.62194,0.35957,0.00415,0.01733,0.61896
56.76000,0.62194,0.37837,0.00442,0.01755,0.59965
57.09000,0.62194,0.29929,0.01139,0.02102,0.66830
57.42000,0.62194,0.58097,0.00761,0.02046,0.39096
57.75000,0.62194,0.79638,0.00439,0.01386,0.18536
58.08000,0.62194,0.40613,0.01148,0.02477,0.55762
58.41000,0.62194,0.29320,0.00629,0.01912,0.68139
58.74000,0.62194,0.32851,0.00426,0.01406,0.65318
59.07000,0.62194,0.26398,0.00569,0.01489,0.71545
59.40000,0.62194,0.22627,0.00311,0.01290,0.75773
59.73000,0.62194,0.20335,0.00288,0.01410,0.77967
60.06000,0.62194,0.22454,0.00439,0.01879,0.75228
60.39000,0.62194,0.12419,0.00532,0.02160,0.84889
60.72000,0.62194,0.23513,0.00256,0.01538,0.74693
61.05000,0.62194,0.32010,0.00506,0.01755,0.65729
61.38000,0.62194,0.15769,0.00399,0.01137,0.82696
61.71000,0.62194,0.21744,0.00246,0.01017,0.76993
62.04000,0.62194,0.33238,0.00218,0.01103,0.65441
62.37000,0.62194,0.46622,0.00620,0.01753,0.51005
62.70000,0.62194,0.38073,0.01069,0.02204,0.58654
63.03000,0.62194,0.47944,0.00367,0.01283,0.50406
63.36000,0.62194,0.41243,0.00804,0.01937,0.56016
63.69000,0.62194,0.72875,0.00493,0.01768,0.24863
64.02000,0.62194,0.25383,0.01137,0.02845,0.70635
64.35000,0.62194,0.05210,0.00587,0.02628,0.91575
64.68000,0.62194,0.04072,0.00082,0.01414,0.94432
65.01000,0.62193,0.07668,0.00062,0.00812,0.91458
65.34000,0.62194,0.16042,0.00178,0.01037,0.82744
65.67000,0.62194,0.22152,0.00135,0.01080,0.76634
66.00000,0.62194,0.18074,0.00093,0.00902,0.80932
66.33000,0.62193,0.13995,0.00039,0.00680,0.85286
66.66000,0.62193,0.11367,0.00099,0.00813,0.87721
66.99000,0.62194,0.10453,0.00078,0.00929,0.88540
67.32000,0.62194,0.09415,0.00079,0.00961,0.89546
67.65000,0.62193,0.10103,0.00078,0.00760,0.89059
67.98000,0.62193,0.14109,0.00092,0.00761,0.85038
68.31000,0.62194,0.14266,0.00053,0.00867,0.84814
68.64000,0.62194,0.11065,0.00042,0.00805,0.88088
68.97000,0.62193,0.08621,0.00036,0.00537,0.90806
69.30000,0.62193,0.11509,0.00036,0.00558,0.87898
69.63000,0.62194,0.08172,0.00042,0.00680,0.91105
69.96000,0.62194,0.06297,0.00024,0.00438,0.93241
70.29000,0.62193,0.08653,0.00077,0.00490,0.90780
70.62000,0.62193,0.10666,0.00129,0.00577,0.88628
70.95000,0.62194,0.08099,0.00162,0.00745,0.90994
71.28000,0.62194,0.06875,0.00100,0.01010,0.92016
71.61000,0.62194,0.06685,0.00133,0.01393,0.91790
71.94000,0.62193,0.08421,0.00326,0.01404,0.89848
72.27000,0.62194,0.09661,0.00186,0.01149,0.89003
72.60000,0.62194,0.10479,0.00282,0.01433,0.87807
72.93000,0.62194,0.12220,0.00678,0.01712,0.85391
73.26000,0.62193,0.07819,0.00534,0.01349,0.90298
73.59000,0.62194,0.11699,0.00181,0.00978,0.87141
73.92000,0.62194,0.14701,0.00144,0.00662,0.84493
74.25000,0.62194,0.10069,0.00201,0.00777,0.88953
74.58000,0.62193,0.06959,0.00108,0.00552,0.92382
74.91000,0.62193,0.07374,0.00098,0.00778,0.91749
75.24000,0.62194,0.08887,0.00134,0.00897,0.90082
75.57000,0.62194,0.11361,0.00181,0.00828,0.87630
75.90000,0.62193,0.06656,0.00219,0.00792,0.92333
76.23000,0.62193,0.05371,0.00077,0.00549,0.94003
76.56000,0.62194,0.05440,0.00121,0.00648,0.93791
76.89000,0.62194,0.04995,0.00077,0.00588,0.94340
77.22000,0.62193,0.05865,0.00155,0.00677,0.93303
77.55000,0.62193,0.04911,0.00311,0.00666,0.94112
77.88000,0.62194,0.05152,0.00533,0.00706,0.93609
78.21000,0.62194,0.03446,0.00088,0.00995,0.95471
78.54000,0.62193,0.04027,0.00102,0.00868,0.95003
78.87000,0.62193,0.05876,0.00079,0.00706,0.93340
79.20000,0.62194,0.09456,0.00197,0.01085,0.89261
79.53000,0.62194,0.13843,0.00332,0.01261,0.84564
79.86000,0.62194,0.10638,0.00582,0.01753,0.87027
80.19000,0.62193,0.05724,0.00100,0.01235,0.92942
80.52000,0.62194,0.05221,0.00059,0.00835,0.93886
80.85000,0.62194,0.07011,0.00145,0.00875,0.91968
81.18000,0.62194,0.10054,0.00167,0.01091,0.88688
81.51000,0.62193,0.07260,0.00130,0.00835,0.91775
81.84000,0.62194,0.08757,0.00060,0.00516,0.90666
82.17000,0.62194,0.05848,0.00086,0.00550,0.93516
82.50000,0.62194,0.04505,0.00148,0.00730,0.94616
82.83000,0.62193,0.04451,0.00028,0.00787,0.94734
83.16000,0.62193,0.04400,0.00020,0.00564,0.95017
83.49000,0.62194,0.04706,0.00026,0.00771,0.94498
83.82000,0.62194,0.05105,0.00031,0.00688,0.94176
84.15000,0.62193,0.08089,0.00072,0.00754,0.91084
84.48000,0.62193,0.07988,0.00257,0.00805,0.90950
84.81000,0.62194,0.04096,0.00256,0.00751,0.94896
85.14000,0.62194,0.05870,0.00080,0.00931,0.93119
85.47000,0.62193,0.06781,0.00298,0.00774,0.92146
85.80000,0.62193,0.07199,0.00203,0.00558,0.92040
86.13000,0.62194,0.07382,0.00234,0.00623,0.91761
86.46000,0.62194,0.07287,0.00033,0.00635,0.92045
86.79000,0.62193,0.09366,0.00068,0.00657,0.89909
87.12000,0.62193,0.06176,0.00055,0.00555,0.93214
87.45000,0.62194,0.04175,0.00159,0.00791,0.94875
87.78000,0.62194,0.08310,0.00167,0.00807,0.90716
88.11000,0.62194,0.09741,0.00125,0.00676,0.89458
88.44000,0.62193,0.08676,0.00099,0.00741,0.90484
88.77000,0.62194,0.06643,0.00063,0.00659,0.92635
89.10000,0.62194,0.05397,0.00046,0.00667,0.93891
89.43000,0.62194,0.05683,0.00051,0.00894,0.93373
89.76000,0.62193,0.06022,0.00032,0.00788,0.93157
90.09000,0.62194,0.04311,0.00027,0.00786,0.94877
90.42000,0.62194,0.06373,0.00030,0.00808,0.92789
90.75000,0.62194,0.06141,0.00119,0.01749,0.91991
91.08000,0.62193,0.07144,0.00058,0.01053,0.91745
91.41000,0.62193,0.09636,0.00028,0.00532,0.89804
91.74000,0.62194,0.06771,0.00022,0.00618,0.92589
92.07000,0.62194,0.07140,0.00033,0.00625,0.92202
92.40000,0.62193,0.06123,0.00100,0.00884,0.92893
92.73000,0.62193,0.06939,0.00082,0.00866,0.92113
93.06000,0.62194,0.09694,0.00077,0.00715,0.89514
93.39000,0.62194,0.08030,0.00142,0.00877,0.90952
93.72000,0.62193,0.06285,0.00212,0.01267,0.92236
94.05000,0.62193,0.04605,0.00190,0.01237,0.93968
94.38000,0.62194,0.05512,0.00215,0.01031,0.93242
94.71000,0.62194,0.07659,0.00403,0.01114,0.90825
95.04000,0.62193,0.06996,0.00366,0.01145,0.91493
95.37000,0.62193,0.06781,0.00162,0.01261,0.91796
95.70000,0.62194,0.06821,0.00126,0.00869,0.92184
96.03000,0.62194,0.12364,0.00212,0.00966,0.86458
96.36000,0.62194,0.11016,0.00098,0.00635,0.88250
96.69000,0.62193,0.06310,0.00098,0.00613,0.92979
97.02000,0.62194,0.07030,0.00115,0.00621,0.92233
97.35000,0.62194,0.07219,0.00092,0.00600,0.92089
97.68000,0.62194,0.08991,0.00080,0.00811,0.90118
98.01000,0.62193,0.06357,0.00105,0.00845,0.92694
98.34000,0.62194,0.05458,0.00092,0.00931,0.93519
98.67000,0.62194,0.06469,0.00070,0.00899,0.92561
99.00000,0.62194,0.08073,0.00081,0.00539,0.91307
99.33000,0.62193,0.05504,0.00180,0.00668,0.93648
99.66000,0.62193,0.05288,0.00109,0.00648,0.93955
99.99000,0.62194,0.08159,0.00075,0.00947,0.90819
100.32000,0.62194,0.06711,0.00116,0.01046,0.92127
100.65000,0.62193,0.08076,0.00043,0.00737,0.91144
100.98000,0.62193,0.07410,0.00036,0.00645,0.91909
101.31000,0.62194,0.05284,0.00104,0.00701,0.93911
101.64000,0.62194,0.06528,0.00176,0.00775,0.92520
101.97000,0.62193,0.08303,0.00052,0.00828,0.90817
102.30000,0.62193,0.08088,0.00026,0.00609,0.91277
102.63000,0.62194,0.07682,0.00069,0.00669,0.91579
102.96000,0.62194,0.07737,0.00166,0.01172,0.90925
103.29000,0.62193,0.07078,0.00324,0.01301,0.91297
103.62000,0.62193,0.10118,0.00163,0.00958,0.88761
103.95000,0.62194,0.12625,0.00370,0.01417,0.85588
104.28000,0.62194,0.12473,0.00187,0.00933,0.86408
104.61000,0.62194,0.07672,0.00313,0.00979,0.91036
104.94000,0.62193,0.15352,0.00297,0.01177,0.83174
105.27000,0.62194,0.11480,0.00379,0.01003,0.87138
105.60000,0.62194,0.08255,0.00208,0.00933,0.90604
105.93000,0.62194,0.09542,0.00246,0.00955,0.89257
106.26000,0.62193,0.08511,0.00168,0.00794,0.90527
106.59000,0.62194,0.08262,0.00058,0.00740,0.90941
106.92000,0.62194,0.08461,0.00186,0.01005,0.90348
107.25000,0.62194,0.10907,0.00228,0.01038,0.87827
107.58000,0.62193,0.23602,0.00254,0.01036,0.75108
107.91000,0.62193,0.22644,0.00296,0.01376,0.75684
108.24000,0.62194,0.11084,0.00346,0.01264,0.87305
108.57000,0.62194,0.08964,0.00151,0.01016,0.89868
108.90000,0.62193,0.08670,0.00042,0.00654,0.90634
109.23000,0.62193,0.06570,0.00066,0.00532,0.92832
109.56000,0.62194,0.05434,0.00168,0.00830,0.93568
109.89000,0.62194,0.07673,0.00097,0.00696,0.91534
110.22000,0.62193,0.05525,0.00089,0.00609,0.93777
110.55000,0.62193,0.03817,0.00044,0.01085,0.95055
110.88000,0.62194,0.05120,0.00022,0.00792,0.94066
111.21000,0.62194,0.08779,0.00029,0.00520,0.90672
111.54000,0.62193,0.08765,0.00108,0.00657,0.90470
111.87000,0.62193,0.09072,0.00151,0.00725,0.90052
112.20000,0.62194,0.06749,0.00269,0.00753,0.92229
112.53000,0.62194,0.13336,0.00308,0.01277,0.85079
112.86000,0.62194,0.09518,0.00659,0.01424,0.88399
113.19000,0.62193,0.05316,0.00095,0.01136,0.93453
113.52000,0.62194,0.02606,0.00141,0.01586,0.95666
113.85000,0.62194,0.03524,0.00116,0.02760,0.93600
114.18000,0.62194,0.07103,0.00073,0.01075,0.91748
114.51000,0.62193,0.11470,0.00124,0.01104,0.87302
114.84000,0.62194,0.11341,0.00302,0.01292,0.87065
115.17000,0.62194,0.11192,0.01499,0.07169,0.80139
115.50000,0.62194,0.18027,0.02604,0.70878,0.08490
115.83000,0.62193,0.14189,0.00527,0.04559,0.80725
116.16000,0.62193,0.11054,0.00160,0.00892,0.87893
116.49000,0.62194,0.09713,0.00076,0.00825,0.89386
116.82000,0.62194,0.08444,0.00071,0.00565,0.90920
117.15000,0.62193,0.20035,0.00049,0.02568,0.77347
117.48000,0.62193,0.08586,0.00293,0.79021,0.12100
117.81000,0.62194,0.18686,0.00238,0.13895,0.67180
118.14000,0.62194,0.09563,0.00060,0.11136,0.79241
118.47000,0.62193,0.06603,0.00066,0.29025,0.64307
118.80000,0.62193,0.08222,0.00066,0.01659,0.90054
119.13000,0.62194,0.08408,0.00048,0.00547,0.90997
119.46000,0.62194,0.10567,0.00031,0.00503,0.88900
119.79000,0.62193,0.10336,0.00029,0.00438,0.89197
120.12000,0.62193,0.09486,0.00078,0.00641,0.89796
120.45000,0.62194,0.17175,0.00151,0.00915,0.81759
120.78000,0.62194,0.09729,0.00419,0.01456,0.88396
121.11000,0.62194,0.07575,0.00098,0.01022,0.91305
121.44000,0.62193,0.09531,0.00047,0.00653,0.89770
121.77000,0.62194,0.06562,0.00051,0.00592,0.92795
122.10000,0.62194,0.08638,0.00085,0.00753,0.90524
122.43000,0.62194,0.08241,0.00103,0.00576,0.91080
122.76000,0.62193,0.06873,0.00077,0.00521,0.92529
123.09000,0.62194,0.07673,0.00050,0.00536,0.91740
123.42000,0.62194,0.05412,0.00097,0.00697,0.93793
123.75000,0.62194,0.06335,0.00106,0.00656,0.92903
124.08000,0.62193,0.06182,0.00058,0.00706,0.93054
124.41000,0.62193,0.05428,0.00116,0.00757,0.93699
124.74000,0.62194,0.05095,0.00097,0.00746,0.94062
125.07000,0.62194,0.05819,0.00080,0.00659,0.93442
125.40000,0.62193,0.07422,0.00054,0.00772,0.91752
125.73000,0.62193,0.07510,0.00045,0.00791,0.91654
126.06000,0.62194,0.06896,0.00033,0.00739,0.92332
126.39000,0.62194,0.05773,0.00042,0.00632,0.93553
126.72000,0.62193,0.05456,0.00128,0.00882,0.93534
127.05000,0.62193,0.03763,0.00173,0.00866,0.95197
127.38000,0.62194,0.06441,0.00073,0.00706,0.92780
127.71000,0.62194,0.07583,0.00075,0.00685,0.91656
128.03999,0.62195,0.06698,0.00061,0.00727,0.92513
128.37000,0.62195,0.08406,0.00052,0.00591,0.90951
128.70000,0.62193,0.08561,0.00046,0.00598,0.90795
129.03000,0.62193,0.06787,0.00125,0.00797,0.92291
129.36000,0.62193,0.08987,0.00100,0.00802,0.90111
129.69000,0.62193,0.09339,0.00043,0.00560,0.90058
130.02000,0.62193,0.10161,0.00042,0.00580,0.89217
130.35001,0.62193,0.06385,0.00159,0.00830,0.92626
130.67999,0.62195,0.08676,0.00058,0.00624,0.90642
131.00999,0.62195,0.08100,0.00022,0.00525,0.91354
131.34000,0.62195,0.08675,0.00036,0.00646,0.90644
131.67000,0.62193,0.08231,0.00035,0.00584,0.91150
132.00000,0.62193,0.10182,0.00131,0.00913,0.88773
132.33000,0.62193,0.13232,0.00415,0.01433,0.84920
132.66000,0.62193,0.12217,0.00577,0.01768,0.85437
132.99001,0.62193,0.13889,0.00149,0.00905,0.85057
133.32001,0.62193,0.09710,0.00058,0.00588,0.89645
133.64999,0.62195,0.08856,0.00134,0.00781,0.90228
133.98000,0.62195,0.03745,0.00215,0.00912,0.95127
134.31000,0.62193,0.03472,0.00112,0.00801,0.95615
134.64000,0.62193,0.06703,0.00048,0.00501,0.92748
134.97000,0.62193,0.05000,0.00046,0.00574,0.94380
135.30000,0.62193,0.04600,0.00042,0.00700,0.94659
135.63000,0.62193,0.02166,0.00054,0.00823,0.96957
135.96001,0.62193,0.03866,0.00036,0.00694,0.95404
136.28999,0.62195,0.02841,0.00042,0.00711,0.96406
136.62000,0.62195,0.01636,0.00075,0.00793,0.97496
136.95000,0.62193,0.04512,0.00051,0.00822,0.94615
137.28000,0.62193,0.08516,0.00034,0.00863,0.90587
137.61000,0.62193,0.05048,0.00059,0.00817,0.94075
137.94000,0.62193,0.04778,0.00064,0.00978,0.94180
138.27000,0.62193,0.04952,0.00143,0.00540,0.94365
138.60001,0.62193,0.10996,0.00135,0.00553,0.88317
138.92999,0.62195,0.12825,0.00127,0.00743,0.86305
139.25999,0.62195,0.11409,0.00141,0.00917,0.87532
139.59000,0.62195,0.10608,0.00317,0.00996,0.88080
139.92000,0.62193,0.08512,0.00331,0.01485,0.89673
140.25000,0.62193,0.20211,0.00316,0.01852,0.77621
140.58000,0.62193,0.13675,0.00782,0.01855,0.83688
140.91000,0.62193,0.12333,0.00221,0.01316,0.86130
141.24001,0.62193,0.07841,0.00099,0.00889,0.91171
141.57001,0.62193,0.08448,0.00089,0.00809,0.90654
141.89999,0.62195,0.14406,0.00093,0.00794,0.84707
142.23000,0.62195,0.08821,0.00122,0.01006,0.90051
142.56000,0.62193,0.06550,0.00086,0.01015,0.92349
142.89000,0.62193,0.08742,0.00061,0.00879,0.90318
143.22000,0.62193,0.08732,0.00115,0.00917,0.90235
143.55000,0.62193,0.08727,0.00222,0.00857,0.90194
143.88000,0.62193,0.09896,0.00145,0.00670,0.89290
144.21001,0.62193,0.08005,0.00040,0.00551,0.91404
144.53999,0.62195,0.11570,0.00090,0.00696,0.87644
144.87000,0.62195,0.11024,0.00093,0.01010,0.87872
145.20000,0.62193,0.08439,0.00075,0.00912,0.90573
145.53000,0.62193,0.05211,0.00150,0.01000,0.93639
145.86000,0.62193,0.03652,0.00162,0.02891,0.93295
146.19000,0.62193,0.06982,0.00170,0.01718,0.91130
146.52000,0.62193,0.08201,0.00114,0.00768,0.90918
146.85001,0.62193,0.10309,0.00101,0.01128,0.88461
147.17999,0.62195,0.08566,0.00172,0.05933,0.85329
147.50999,0.62195,0.11148,0.00160,0.12141,0.76550
147.84000,0.62195,0.09499,0.00037,0.00749,0.89715
148.17000,0.62193,0.04733,0.00038,0.00747,0.94483
148.50000,0.62193,0.05695,0.00065,0.00712,0.93528
148.83000,0.62193,0.05455,0.00084,0.00889,0.93573
149.16000,0.62193,0.04119,0.00122,0.01116,0.94644
149.49001,0.62193,0.05351,0.00114,0.01170,0.93366
149.82001,0.62193,0.05435,0.00227,0.01484,0.92854
150.14999,0.62195,0.05011,0.00138,0.01166,0.93684
150.48000,0.62195,0.05408,0.00136,0.01227,0.93229
150.81000,0.62193,0.06067,0.00106,0.00894,0.92933
151.14000,0.62193,0.07026,0.00051,0.00667,0.92257
151.47000,0.62193,0.09834,0.00069,0.00760,0.89337
151.80000,0.62193,0.11462,0.00052,0.00639,0.87847
152.13000,0.62193,0.06465,0.00107,0.00834,0.92594
152.46001,0.62193,0.05541,0.00095,0.00774,0.93590
152.78999,0.62195,0.06283,0.00036,0.00677,0.93004
153.12000,0.62195,0.04957,0.00042,0.00716,0.94284
153.45000,0.62193,0.03390,0.00108,0.00874,0.95629
153.78000,0.62193,0.03574,0.00095,0.00786,0.95545
154.11000,0.62193,0.06923,0.00060,0.00709,0.92308
154.44000,0.62193,0.07229,0.00085,0.00749,0.91937
154.77000,0.62193,0.07971,0.00207,0.01109,0.90713
155.10001,0.62193,0.09790,0.00436,0.01928,0.87845
155.42999,0.62195,0.12726,0.00376,0.01520,0.85377
155.75999,0.62195,0.13425,0.00317,0.01205,0.85053
156.09000,0.62195,0.18633,0.00437,0.01572,0.79357
156.42000,0.62193,0.09674,0.00444,0.01645,0.88238
156.75000,0.62193,0.08996,0.00155,0.01116,0.89734
157.08000,0.62193,0.12670,0.00055,0.00507,0.86768
157.41000,0.62193,0.11003,0.00158,0.01086,0.87753
157.74001,0.62193,0.09973,0.00194,0.01291,0.88542
158.07001,0.62193,0.08550,0.00079,0.00745,0.90626
158.39999,0.62195,0.08323,0.00077,0.00646,0.90954
158.73000,0.62195,0.05507,0.00247,0.01205,0.93040
159.06000,0.62193,0.04790,0.00266,0.01973,0.92971
159.39000,0.62193,0.05567,0.00457,0.01485,0.92492
159.72000,0.62193,0.09812,0.00156,0.01027,0.89005
160.05000,0.62193,0.11260,0.00200,0.01236,0.87304
160.38000,0.62193,0.12550,0.00172,0.01047,0.86231
160.71001,0.62193,0.47906,0.00168,0.19325,0.32601
161.03999,0.62195,0.11356,0.00322,0.05941,0.82380
161.37000,0.62195,0.06223,0.00123,0.00694,0.92960
161.70000,0.62193,0.06064,0.00153,0.00488,0.93296
162.03000,0.62193,0.08967,0.00078,0.00472,0.90484
162.36000,0.62193,0.10725,0.00075,0.00590,0.88609
162.69000,0.62193,0.05823,0.00050,0.00643,0.93484
163.02000,0.62193,0.04540,0.00065,0.00586,0.94809
163.35001,0.62193,0.05990,0.00045,0.00643,0.93322
163.67999,0.62195,0.05065,0.00047,0.00635,0.94253
164.00999,0.62195,0.05701,0.00043,0.00631,0.93625
164.34000,0.62195,0.06748,0.00110,0.00815,0.92327
164.67000,0.62193,0.09963,0.00209,0.01016,0.88812
165.00000,0.62193,0.14780,0.00176,0.00988,0.84057
165.33000,0.62193,0.13526,0.00394,0.01271,0.84809
165.66000,0.62193,0.13877,0.00181,0.01020,0.84922
165.99001,0.62193,0.10101,0.00117,0.00723,0.89059
166.32001,0.62193,0.04070,0.00052,0.00737,0.95142
166.64999,0.62195,0.05032,0.00035,0.00677,0.94255
166.98000,0.62195,0.06108,0.00035,0.00668,0.93189
167.31000,0.62193,0.06751,0.00026,0.00705,0.92519
167.64000,0.62193,0.06622,0.00027,0.00521,0.92830
167.97000,0.62193,0.06892,0.00048,0.00523,0.92538
168.30000,0.62193,0.05246,0.00228,0.01300,0.93226
168.63000,0.62193,0.09712,0.00096,0.00617,0.89574
168.96001,0.62193,0.12847,0.00054,0.00662,0.86437
169.28999,0.62195,0.11562,0.00032,0.00544,0.87863
169.62000,0.62195,0.07853,0.00042,0.00687,0.91419
169.95000,0.62193,0.05835,0.00043,0.00764,0.93358
170.28000,0.62193,0.05746,0.00070,0.00800,0.93385
170.61000,0.62193,0.05446,0.00065,0.00736,0.93753
170.94000,0.62193,0.05940,0.00028,0.00494,0.93538
171.27000,0.62193,0.05831,0.00040,0.00573,0.93557
171.60001,0.62193,0.06821,0.00054,0.00762,0.92362
171.92999,0.62195,0.06757,0.00056,0.00624,0.92564
172.25999,0.62195,0.11384,0.00067,0.00633,0.87916
172.59000,0.62195,0.10092,0.00067,0.00685,0.89157
172.92000,0.62193,0.08513,0.00065,0.00683,0.90738
173.25000,0.62193,0.09776,0.00324,0.01039,0.88861
173.58000,0.62193,0.09347,0.00386,0.01731,0.88536
173.91000,0.62193,0.10539,0.00152,0.01225,0.88084
174.24001,0.62193,0.14240,0.00242,0.01031,0.84486
174.57001,0.62193,0.12791,0.00514,0.01219,0.85476
174.89999,0.62195,0.13453,0.00213,0.01068,0.85266
175.23000,0.62195,0.11308,0.00145,0.00800,0.87748
175.56000,0.62193,0.08343,0.00124,0.01147,0.90386
175.89000,0.62193,0.12536,0.00052,0.00800,0.86613
176.22000,0.62193,0.13273,0.00195,0.01094,0.85437
176.55000,0.62193,0.11966,0.00240,0.01167,0.86628
176.88000,0.62193,0.14606,0.00181,0.00723,0.84490
177.21001,0.62193,0.16365,0.00192,0.00917,0.82526
177.53999,0.62195,0.11952,0.00460,0.01517,0.86071
177.87000,0.62195,0.15385,0.00089,0.00976,0.83551
178.20000,0.62193,0.11206,0.00321,0.01206,0.87267
178.53000,0.62193,0.09521,0.00232,0.01109,0.89138
178.86000,0.62193,0.11970,0.00317,0.01274,0.86439
179.19000,0.62193,0.08723,0.00162,0.00782,0.90333
179.52000,0.62193,0.10406,0.00096,0.00869,0.88629
179.85001,0.62193,0.20639,0.00144,0.01097,0.78120
180.17999,0.62195,0.19814,0.00429,0.01517,0.78241
180.50999,0.62195,0.27649,0.00323,0.01885,0.70143
180.84000,0.62195,0.23933,0.00455,0.01626,0.73986
181.17000,0.62193,0.23938,0.00301,0.01398,0.74363
181.50000,0.62193,0.31408,0.00223,0.01144,0.67225
181.83000,0.62193,0.18543,0.00277,0.01020,0.80161
182.16000,0.62193,0.09741,0.00065,0.00642,0.89551
182.49001,0.62193,0.07843,0.00061,0.00571,0.91525
182.82001,0.62193,0.08405,0.00090,0.01013,0.90492
183.14999,0.62195,0.08204,0.00025,0.00685,0.91086
183.48000,0.62195,0.10665,0.00023,0.00516,0.88796
183.81000,0.62193,0.09700,0.00129,0.00988,0.89183
184.14000,0.62193,0.15478,0.00175,0.00987,0.83360
184.47000,0.62193,0.13930,0.00173,0.01077,0.84820
184.80000,0.62193,0.11016,0.00187,0.01105,0.87692
185.13000,0.62193,0.10010,0.00050,0.00714,0.89226
185.46001,0.62193,0.06490,0.00064,0.00745,0.92702
185.78999,0.62195,0.08240,0.00175,0.01148,0.90437
186.12000,0.62195,0.09133,0.00071,0.00825,0.89972
186.45000,0.62193,0.09641,0.00139,0.00868,0.89352
186.78000,0.62193,0.12926,0.00266,0.01398,0.85410
187.11000,0.62193,0.14170,0.00272,0.01187,0.84371
187.44000,0.62193,0.07106,0.00290,0.01017,0.91586
187.77000,0.62193,0.09029,0.00217,0.00902,0.89852
188.10001,0.62193,0.08409,0.00282,0.01168,0.90141
188.42999,0.62195,0.10839,0.00286,0.00937,0.87938
188.75999,0.62195,0.18980,0.00375,0.01344,0.79302
189.09000,0.62195,0.29284,0.00465,0.01606,0.68645
189.42000,0.62193,0.15849,0.00384,0.01176,0.82590
189.75000,0.62193,0.07814,0.00216,0.01061,0.90908
190.08000,0.62193,0.06576,0.00202,0.01043,0.92179
190.41000,0.62193,0.06712,0.00082,0.00759,0.92446
190.74001,0.62193,0.07091,0.00065,0.00735,0.92109
191.07001,0.62193,0.07150,0.00199,0.01160,0.91491
191.39999,0.62195,0.07721,0.00394,0.01429,0.90456
191.73000,0.62195,0.14920,0.00419,0.01602,0.83060
192.06000,0.62193,0.25973,0.00688,0.01374,0.71964
192.39000,0.62193,0.25160,0.00446,0.01246,0.73148
192.72000,0.62193,0.25844,0.00414,0.01223,0.72519
193.05000,0.62193,0.12440,0.00618,0.01483,0.85458
193.38000,0.62193,0.04988,0.00159,0.01410,0.93443
193.71001,0.62193,0.05064,0.00039,0.00795,0.94102
194.03999,0.62195,0.04211,0.00091,0.00637,0.95061
194.37000,0.62195,0.07564,0.00117,0.00645,0.91674
194.70000,0.62193,0.07024,0.00222,0.00989,0.91765
195.03000,0.62193,0.10301,0.00393,0.07095,0.82212
195.36000,0.62193,0.09652,0.00259,0.05609,0.84479
195.69000,0.62193,0.08452,0.00070,0.00703,0.90775
196.02000,0.62193,0.14381,0.00197,0.01046,0.84377
196.35001,0.62193,0.19076,0.00407,0.02084,0.78433
196.67999,0.62195,0.11852,0.00329,0.01244,0.86575
197.00999,0.62195,0.06578,0.00189,0.01090,0.92143
197.34000,0.62195,0.05526,0.00112,0.01094,0.93268
197.67000,0.62193,0.07545,0.00059,0.00691,0.91705
198.00000,0.62193,0.23113,0.00053,0.00588,0.76245
198.33000,0.62193,0.11004,0.00062,0.00799,0.88135
198.66000,0.62193,0.13068,0.00049,0.00676,0.86207
198.99001,0.62193,0.22532,0.00200,0.01080,0.76189
199.32001,0.62193,0.26431,0.00391,0.01693,0.71485
199.64999,0.62195,0.12669,0.00473,0.02526,0.84331
199.98000,0.62195,0.23746,0.00760,0.01987,0.73507
200.31000,0.62193,0.14174,0.00568,0.01460,0.83798
200.64000,0.62193,0.08510,0.00226,0.00985,0.90278
200.97000,0.62193,0.06676,0.00132,0.01184,0.92009
201.30000,0.62193,0.04982,0.00059,0.00869,0.94091
201.63000,0.62193,0.07073,0.00058,0.00764,0.92105
201.96001,0.62193,0.03654,0.00167,0.01294,0.94885
202.28999,0.62195,0.04941,0.00076,0.00819,0.94164
202.62000,0.62195,0.06911,0.00030,0.00591,0.92468
202.95000,0.62193,0.06512,0.00022,0.00597,0.92869
203.28000,0.62193,0.05400,0.00021,0.00781,0.93798
203.61000,0.62193,0.05272,0.00024,0.00713,0.93990
203.94000,0.62193,0.04812,0.00012,0.00706,0.94470
204.27000,0.62193,0.04370,0.00010,0.00731,0.94890
204.60001,0.62193,0.04331,0.00009,0.00778,0.94881
204.92999,0.62195,0.05277,0.00013,0.00705,0.94005
205.25999,0.62195,0.05448,0.00014,0.00686,0.93852
205.59000,0.62195,0.06680,0.00019,0.00770,0.92531
205.92000,0.62193,0.07175,0.00033,0.00607,0.92185
206.25000,0.62193,0.15924,0.00182,0.00916,0.82979
206.58000,0.62193,0.11421,0.00393,0.01027,0.87160
206.91000,0.62193,0.08711,0.00210,0.00930,0.90149
207.24001,0.62193,0.06275,0.00047,0.00955,0.92723
207.57001,0.62193,0.06249,0.00015,0.00754,0.92982
207.89999,0.62195,0.07416,0.00016,0.00682,0.91886
208.23000,0.62195,0.05358,0.00024,0.00746,0.93872
208.56000,0.62193,0.05319,0.00026,0.00872,0.93783
208.89000,0.62193,0.09113,0.00029,0.00727,0.90131
209.22000,0.62193,0.10390,0.00040,0.00732,0.88837
209.55000,0.62193,0.09348,0.00034,0.00614,0.90004
209.88000,0.62193,0.06037,0.00049,0.00744,0.93170
210.21001,0.62193,0.07059,0.00055,0.00851,0.92034
210.53999,0.62195,0.07382,0.00049,0.00862,0.91707
210.87000,0.62195,0.08716,0.00032,0.00775,0.90476
211.20000,0.62193,0.07979,0.00027,0.00715,0.91280
211.53000,0.62193,0.07108,0.00025,0.00811,0.92056
211.86000,0.62193,0.08936,0.00016,0.00518,0.90530
212.19000,0.62193,0.08501,0.00030,0.00663,0.90806
212.52000,0.62193,0.06756,0.00024,0.00540,0.92680
212.85001,0.62193,0.07187,0.00034,0.00537,0.92242
213.17999,0.62195,0.07024,0.00088,0.00942,0.91946
213.50999,0.62195,0.07599,0.00046,0.00847,0.91509
213.84000,0.62195,0.05973,0.00041,0.00905,0.93082
214.17000,0.62193,0.07054,0.00016,0.00595,0.92335
214.50000,0.62193,0.08524,0.00033,0.00727,0.90716
214.83000,0.62193,0.07296,0.00024,0.00671,0.92009
215.16000,0.62193,0.06413,0.00023,0.00555,0.93009
215.49001,0.62193,0.07800,0.00020,0.00457,0.91722
215.82001,0.62193,0.05113,0.00024,0.00714,0.94148
216.14999,0.62195,0.05827,0.00025,0.00962,0.93186
216.48000,0.62195,0.06458,0.00023,0.00646,0.92873
216.81000,0.62193,0.07054,0.00033,0.00598,0.92315
217.14000,0.62193,0.07151,0.00068,0.00848,0.91932
217.47000,0.62193,0.05557,0.00029,0.00856,0.93559
217.80000,0.62193,0.05576,0.00029,0.00685,0.93709
218.13000,0.62193,0.06912,0.00096,0.00658,0.92334
218.46001,0.62193,0.08208,0.00108,0.00956,0.90728
218.78999,0.62195,0.06761,0.00104,0.00897,0.92238
219.12000,0.62195,0.04495,0.00257,0.01481,0.93767
219.45000,0.62193,0.03750,0.00165,0.01189,0.94896
219.78000,0.62193,0.04856,0.00050,0.00940,0.94153
220.11000,0.62193,0.05028,0.00037,0.00845,0.94089
220.44000,0.62193,0.05089,0.00035,0.00855,0.94022
220.77000,0.62193,0.06300,0.00010,0.00472,0.93218
221.10001,0.62193,0.06908,0.00014,0.00546,0.92532
221.42999,0.62195,0.05759,0.00029,0.00621,0.93591
221.75999,0.62195,0.04712,0.00033,0.00681,0.94574
222.09000,0.62195,0.06929,0.00044,0.00759,0.92268
222.42000,0.62193,0.05616,0.00050,0.00719,0.93616
222.75000,0.62193,0.04982,0.00021,0.00706,0.94291
223.08000,0.62193,0.05169,0.00044,0.00740,0.94047
223.41000,0.62193,0.05772,0.00095,0.00688,0.93445
223.74001,0.62193,0.06991,0.00086,0.00660,0.92263
224.07001,0.62193,0.07877,0.00151,0.00810,0.91162
224.39999,0.62195,0.07999,0.00268,0.00900,0.90833
224.73000,0.62195,0.05739,0.00048,0.00683,0.93531
225.06000,0.62193,0.06413,0.00018,0.00491,0.93079
225.39000,0.62193,0.04771,0.00035,0.00650,0.94544
225.72000,0.62193,0.06323,0.00037,0.00569,0.93071
226.05000,0.62193,0.06562,0.00174,0.00808,0.92456
226.38000,0.62193,0.06946,0.00084,0.01193,0.91777
226.71001,0.62193,0.06689,0.00067,0.00636,0.92608
227.03999,0.62195,0.04510,0.00109,0.00814,0.94567
227.37000,0.62195,0.06327,0.00098,0.00950,0.92625
227.70000,0.62193,0.05731,0.00104,0.01263,0.92902
228.03000,0.62193,0.05203,0.00298,0.01507,0.92992
228.36000,0.62193,0.05897,0.00995,0.01432,0.91676
228.69000,0.62193,0.07552,0.00443,0.01096,0.90909
229.02000,0.62193,0.13230,0.00170,0.01105,0.85495
229.35001,0.62193,0.17620,0.00328,0.01577,0.80475
229.67999,0.62195,0.18295,0.00393,0.01255,0.80057
230.00999,0.62195,0.12483,0.00165,0.00852,0.86500
230.34000,0.62195,0.11849,0.00145,0.00887,0.87119
230.67000,0.62193,0.16301,0.00318,0.01358,0.82023
231.00000,0.62193,0.11489,0.00320,0.01685,0.86506
231.33000,0.62193,0.06241,0.00054,0.00892,0.92812
231.66000,0.62193,0.06725,0.00066,0.00762,0.92447
231.99001,0.62193,0.07862,0.00185,0.00901,0.91052
232.32001,0.62193,0.06711,0.00090,0.00743,0.92455
232.64999,0.62195,0.06202,0.00062,0.00735,0.93000
232.98000,0.62195,0.08429,0.00080,0.00850,0.90641
233.31000,0.62193,0.07211,0.00088,0.01080,0.91621
233.64000,0.62193,0.09630,0.00058,0.00750,0.89561
233.97000,0.62193,0.30546,0.00156,0.01048,0.68250
234.30000,0.62193,0.35726,0.00502,0.01630,0.62143
234.63000,0.62193,0.29339,0.00558,0.01756,0.68346
234.96001,0.62193,0.20561,0.00581,0.01656,0.77202
235.28999,0.62195,0.22764,0.00596,0.01780,0.74860
235.62000,0.62195,0.24095,0.00538,0.01892,0.73475
235.95000,0.62193,0.12803,0.00167,0.00946,0.86084
236.28000,0.62193,0.06180,0.00094,0.00807,0.92918
236.61000,0.62193,0.07121,0.00131,0.01108,0.91640
236.94000,0.62193,0.14278,0.00110,0.00813,0.84800
237.27000,0.62193,0.12082,0.00283,0.00903,0.86731
237.60001,0.62193,0.10013,0.00186,0.00993,0.88808
237.92999,0.62195,0.09291,0.00084,0.00595,0.90031
238.25999,0.62195,0.05956,0.00198,0.00760,0.93085
238.59000,0.62195,0.06894,0.00360,0.01401,0.91345
238.92000,0.62193,0.07282,0.00221,0.01143,0.91354
239.25000,0.62193,0.05962,0.00154,0.00993,0.92891
239.58000,0.62193,0.05701,0.00140,0.01120,0.93040
239.91000,0.62193,0.05308,0.00120,0.00975,0.93596
240.24001,0.62193,0.05754,0.00200,0.01040,0.93006
240.57001,0.62193,0.04769,0.00202,0.01471,0.93559
240.89999,0.62195,0.04056,0.00075,0.01028,0.94842
241.23000,0.62195,0.03297,0.00103,0.01197,0.95403
241.56000,0.62193,0.03847,0.00186,0.01438,0.94529
241.89000,0.62193,0.03934,0.00081,0.01106,0.94879
242.22000,0.62193,0.03654,0.00069,0.01507,0.94770
242.55000,0.62193,0.04693,0.00090,0.01659,0.93559
242.88000,0.62193,0.04523,0.00070,0.01239,0.94168
243.21001,0.62193,0.02929,0.00054,0.01068,0.95949
243.53999,0.62195,0.04015,0.00026,0.01020,0.94939
243.87000,0.62195,0.05159,0.00030,0.00935,0.93877
244.20000,0.62193,0.03263,0.00088,0.00691,0.95958
244.53000,0.62193,0.05756,0.00074,0.00530,0.93639
244.86000,0.62193,0.09852,0.00132,0.00684,0.89332
245.19000,0.62193,0.12276,0.00358,0.01075,0.86291
245.52000,0.62193,0.20480,0.00216,0.01105,0.78200
245.85001,0.62193,0.11277,0.00262,0.01157,0.87304
246.17999,0.62195,0.11745,0.00185,0.01030,0.87039
246.50999,0.62195,0.16981,0.00138,0.00834,0.82047
246.84000,0.62195,0.16352,0.00356,0.01202,0.82090
247.17000,0.62193,0.11994,0.00217,0.00971,0.86818
247.50000,0.62193,0.08887,0.00271,0.00828,0.90014
247.83000,0.62193,0.14747,0.00168,0.00838,0.84247
248.16000,0.62193,0.18199,0.00136,0.00976,0.80689
248.49001,0.62193,0.15075,0.00152,0.00992,0.83781
248.82001,0.62193,0.11657,0.00117,0.00853,0.87372
249.14999,0.62195,0.09748,0.00128,0.01001,0.89123
249.48000,0.62195,0.09340,0.00149,0.00870,0.89641
249.81000,0.62193,0.08555,0.00096,0.00627,0.90722
250.14000,0.62193,0.09081,0.00142,0.00860,0.89917
250.47000,0.62193,0.12409,0.00216,0.01294,0.86082
250.80000,0.62193,0.11332,0.00257,0.01242,0.87169
251.13000,0.62193,0.10467,0.00158,0.00827,0.88548
251.46001,0.62193,0.12829,0.00347,0.01139,0.85685
251.78999,0.62195,0.06335,0.00228,0.01284,0.92154
252.12000,0.62195,0.07128,0.00180,0.01401,0.91291
252.45000,0.62193,0.05048,0.00306,0.01512,0.93134
252.78000,0.62193,0.06003,0.00214,0.01170,0.92613
253.11000,0.62193,0.11600,0.00140,0.00793,0.87466
253.44000,0.62193,0.10100,0.00064,0.00633,0.89203
253.77000,0.62193,0.10736,0.00077,0.00697,0.88490
254.10001,0.62193,0.13551,0.00084,0.00819,0.85547
254.42999,0.62195,0.13807,0.00196,0.01302,0.84695
254.75999,0.62195,0.09412,0.00307,0.01188,0.89092
255.09000,0.62195,0.12165,0.00097,0.00800,0.86938
255.42000,0.62193,0.08645,0.00175,0.01330,0.89849
255.75000,0.62195,0.15571,0.00202,0.01060,0.83166
256.07999,0.62195,0.08641,0.00179,0.00938,0.90242
256.41000,0.62195,0.08958,0.00077,0.00639,0.90326
256.73999,0.62195,0.11897,0.00031,0.00479,0.87593
257.07001,0.62192,0.07993,0.00054,0.00649,0.91303
257.39999,0.62195,0.03919,0.00107,0.00907,0.95066
257.73001,0.62192,0.06441,0.00067,0.00776,0.92715
258.06000,0.62195,0.06080,0.00086,0.00764,0.93069
258.39001,0.62192,0.06777,0.00216,0.01208,0.91799
258.72000,0.62195,0.04368,0.00212,0.01066,0.94354
259.04999,0.62195,0.10438,0.00151,0.00655,0.88756
259.38000,0.62192,0.12573,0.00127,0.00773,0.86528
259.70999,0.62195,0.13389,0.00111,0.00699,0.85802
260.04001,0.62192,0.11773,0.00056,0.00560,0.87611
260.37000,0.62195,0.10935,0.00048,0.00410,0.88607
260.70001,0.62192,0.14006,0.00096,0.00627,0.85272
261.03000,0.62195,0.23274,0.00086,0.00959,0.75681
261.35999,0.62195,0.16574,0.00140,0.00917,0.82370
261.69000,0.62195,0.12888,0.00075,0.00579,0.86458
262.01999,0.62195,0.10933,0.00077,0.00649,0.88341
262.35001,0.62192,0.08492,0.00079,0.00804,0.90625
262.67999,0.62195,0.07032,0.00072,0.00666,0.92230
263.01001,0.62192,0.09779,0.00069,0.00661,0.89491
263.34000,0.62195,0.09282,0.00072,0.00569,0.90077
263.67001,0.62192,0.10848,0.00111,0.00598,0.88443
264.00000,0.62195,0.08959,0.00150,0.00977,0.89914
264.32999,0.62195,0.08207,0.00179,0.00908,0.90707
264.66000,0.62195,0.09372,0.00086,0.00730,0.89812
264.98999,0.62195,0.14409,0.00171,0.01055,0.84364
265.32001,0.62192,0.15769,0.00346,0.01557,0.82328
265.64999,0.62195,0.14044,0.00856,0.02218,0.82883
265.98001,0.62192,0.09881,0.00322,0.01332,0.88466
266.31000,0.62195,0.06057,0.00362,0.01686,0.91895
266.64001,0.62192,0.08167,0.00824,0.01583,0.89426
266.97000,0.62195,0.08476,0.01037,0.00705,0.89782
267.29999,0.62195,0.11703,0.00234,0.00720,0.87343
267.63000,0.62192,0.12221,0.00060,0.00625,0.87094
267.95999,0.62195,0.10739,0.00114,0.00700,0.88446
268.29001,0.62192,0.15844,0.00322,0.01233,0.82601
268.62000,0.62195,0.22742,0.00465,0.01578,0.75214
268.95001,0.62192,0.18244,0.00439,0.01495,0.79822
269.28000,0.62195,0.17742,0.00343,0.01068,0.80846
269.60999,0.62195,0.18685,0.00335,0.01085,0.79895
269.94000,0.62195,0.10321,0.00240,0.01076,0.88363
270.26999,0.62195,0.17205,0.00142,0.01166,0.81486
270.60001,0.62192,0.13209,0.00431,0.01498,0.84861
270.92999,0.62195,0.08894,0.00274,0.01139,0.89694
271.26001,0.62192,0.11866,0.00230,0.01210,0.86694
271.59000,0.62195,0.18060,0.00548,0.01834,0.79558
271.92001,0.62192,0.31241,0.00850,0.02392,0.65517
272.25000,0.62195,0.14466,0.00779,0.02021,0.82734
272.57999,0.62195,0.13523,0.00160,0.01590,0.84727
272.91000,0.62195,0.86877,0.00096,0.00734,0.12294
273.23999,0.62195,0.99375,0.00071,0.00287,0.00267
273.57001,0.62192,0.99518,0.00044,0.00190,0.00248
273.89999,0.62195,0.99589,0.00044,0.00200,0.00167
274.23001,0.62192,0.99822,0.00023,0.00113,0.00042
274.56000,0.62195,0.98671,0.00157,0.00511,0.00661
274.89001,0.62192,0.99266,0.00085,0.00283,0.00366
275.22000,0.62195,0.99935,0.00006,0.00047,0.00011
275.54999,0.62195,0.99949,0.00005,0.00039,0.00006
275.88000,0.62192,0.98791,0.00126,0.00359,0.00724
276.20999,0.62195,0.88813,0.00336,0.00907,0.09943
276.54001,0.62192,0.98909,0.00099,0.00349,0.00643
276.87000,0.62195,0.84956,0.00560,0.03498,0.10986
277.20001,0.62192,0.26238,0.00342,0.03169,0.70251
277.53000,0.62195,0.62273,0.00550,0.01288,0.35889
277.85999,0.62195,0.99366,0.00052,0.00207,0.00376
278.19000,0.62195,0.99137,0.00090,0.00308,0.00466
278.51999,0.62195,0.99892,0.00010,0.00060,0.00039
278.85001,0.62192,0.99868,0.00013,0.00076,0.00044
279.17999,0.62195,0.99870,0.00002,0.00101,0.00028
279.51001,0.62192,0.99829,0.00007,0.00149,0.00014
279.84000,0.62195,0.99992,0.00001,0.00007,0.00000
280.17001,0.62192,0.99856,0.00017,0.00098,0.00028
280.50000,0.62195,0.99457,0.00084,0.00222,0.00236
280.82999,0.62195,0.99803,0.00027,0.00155,0.00016
281.16000,0.62195,0.99985,0.00001,0.00014,0.00001
281.48999,0.62195,0.99989,0.00001,0.00010,0.00000
281.82001,0.62192,0.99994,0.00000,0.00006,0.00000
282.14999,0.62195,0.99994,0.00000,0.00006,0.00000
282.48001,0.62192,0.99984,0.00001,0.00015,0.00001
282.81000,0.62195,0.99992,0.00000,0.00007,0.00000
283.14001,0.62192,0.99980,0.00001,0.00018,0.00001
283.47000,0.62195,0.99964,0.00003,0.00031,0.00002
283.79999,0.62195,0.99988,0.00001,0.00011,0.00000
284.13000,0.62192,0.99997,0.00000,0.00003,0.00000
284.45999,0.62195,0.99999,0.00000,0.00001,0.00000
284.79001,0.62192,0.99999,0.00000,0.00001,0.00000
285.12000,0.62195,0.99999,0.00000,0.00001,0.00000
285.45001,0.62192,0.99999,0.00000,0.00001,0.00000
285.78000,0.62195,0.99999,0.00000,0.00001,0.00000
286.10999,0.62195,0.99999,0.00000,0.00001,0.00000
286.44000,0.62195,0.99999,0.00000,0.00001,0.00000
286.76999,0.62195,0.99993,0.00000,0.00007,0.00000
287.10001,0.62192,0.99999,0.00000,0.00001,0.00000
287.42999,0.62195,0.99999,0.00000,0.00001,0.00000
287.76001,0.62192,0.99999,0.00000,0.00001,0.00000
288.09000,0.62195,0.99999,0.00000,0.00001,0.00000
288.42001,0.62192,0.99999,0.00000,0.00001,0.00000
288.75000,0.62195,0.99999,0.00000,0.00001,0.00000
289.07999,0.62195,0.99999,0.00000,0.00001,0.00000
289.41000,0.62195,0.99999,0.00000,0.00001,0.00000
289.73999,0.62195,0.99999,0.00000,0.00001,0.00000
290.07001,0.62192,0.99999,0.00000,0.00001,0.00000
290.39999,0.62195,0.99999,0.00000,0.00001,0.00000
290.73001,0.62192,0.99999,0.00000,0.00001,0.00000
291.06000,0.62195,0.99998,0.00000,0.00002,0.00000
291.39001,0.62192,0.99997,0.00000,0.00003,0.00000
291.72000,0.62195,0.99996,0.00000,0.00004,0.00000
292.04999,0.62195,0.99993,0.00000,0.00006,0.00000
292.38000,0.62192,0.99675,0.00018,0.00234,0.00072
292.70999,0.62195,0.99886,0.00007,0.00070,0.00037
293.04001,0.62192,0.99980,0.00001,0.00019,0.00000
293.37000,0.62195,0.99979,0.00001,0.00019,0.00000
293.70001,0.62192,0.99985,0.00001,0.00013,0.00001
294.03000,0.62195,0.99988,0.00001,0.00011,0.00001
294.35999,0.62195,0.99991,0.00001,0.00008,0.00000
294.69000,0.62195,0.99975,0.00002,0.00021,0.00001
295.01999,0.62195,0.99801,0.00033,0.00118,0.00048
295.35001,0.62192,0.99671,0.00062,0.00178,0.00089
295.67999,0.62195,0.99855,0.00022,0.00097,0.00025
296.01001,0.62192,0.99959,0.00005,0.00033,0.00004
296.34000,0.62195,0.99987,0.00001,0.00011,0.00001
296.67001,0.62192,0.99991,0.00001,0.00008,0.00000
297.00000,0.62195,0.99983,0.00001,0.00016,0.00000
297.32999,0.62195,0.99990,0.00001,0.00009,0.00001
297.66000,0.62195,0.99998,0.00000,0.00002,0.00000
297.98999,0.62195,0.99999,0.00000,0.00001,0.00000
298.32001,0.62192,0.99998,0.00000,0.00002,0.00000
298.64999,0.62195,0.99999,0.00000,0.00001,0.00000
298.98001,0.62192,0.99997,0.00000,0.00003,0.00000
299.31000,0.62195,0.99994,0.00000,0.00005,0.00000
