Time (seconds), Duration (seconds),pred_(unlabeled),pred_brushing_teeth,pred_hair_drying,pred_showering
0.00000,0.12694,0.99998,0.00001,0.00000,0.00000
0.06600,0.12694,0.99998,0.00001,0.00000,0.00000
0.13200,0.12694,0.99998,0.00001,0.00000,0.00000
0.19800,0.12694,0.99961,0.00001,0.00020,0.00018
0.26400,0.12694,0.99187,0.00061,0.00141,0.00611
0.33000,0.12694,0.99884,0.00003,0.00004,0.00109
0.39600,0.12694,0.99783,0.00000,0.00089,0.00128
0.46200,0.12694,0.99999,0.00000,0.00001,0.00000
0.52800,0.12694,1.00000,0.00000,0.00000,0.00000
0.59400,0.12694,1.00000,0.00000,0.00000,0.00000
0.66000,0.12694,1.00000,0.00000,0.00000,0.00000
0.72600,0.12694,0.99999,0.00000,0.00001,0.00000
0.79200,0.12694,0.99988,0.00000,0.00012,0.00000
0.85800,0.12694,0.83070,0.00000,0.16920,0.00010
0.92400,0.12694,0.18329,0.00001,0.81553,0.00117
0.99000,0.12694,0.24569,0.00001,0.75395,0.00035
1.05600,0.12694,0.04069,0.00000,0.95931,0.00001
1.12200,0.12694,0.00226,0.00000,0.99774,0.00000
1.18800,0.12694,0.00037,0.00000,0.99963,0.00000
1.25400,0.12694,0.00007,0.00000,0.99992,0.00000
1.32000,0.12694,0.00001,0.00000,0.99999,0.00000
1.38600,0.12694,0.00001,0.00000,0.99999,0.00000
1.45200,0.12694,0.00001,0.00000,0.99999,0.00000
1.51800,0.12694,0.00000,0.00000,1.00000,0.00000
1.58400,0.12694,0.00000,0.00000,1.00000,0.00000
1.65000,0.12694,0.00000,0.00000,1.00000,0.00000
1.71600,0.12694,0.00000,0.00000,1.00000,0.00000
1.78200,0.12694,0.00000,0.00000,0.99999,0.00000
1.84800,0.12694,0.00001,0.00000,0.99999,0.00000
1.91400,0.12694,0.00000,0.00000,1.00000,0.00000
1.98000,0.12694,0.00000,0.00000,0.99999,0.00000
2.04600,0.12694,0.00000,0.00000,1.00000,0.00000
2.11200,0.12694,0.00000,0.00000,1.00000,0.00000
2.17800,0.12694,0.00000,0.00000,1.00000,0.00000
2.24400,0.12694,0.00000,0.00000,1.00000,0.00000
2.31000,0.12694,0.00000,0.00000,1.00000,0.00000
2.37600,0.12694,0.00000,0.00000,1.00000,0.00000
2.44200,0.12694,0.00000,0.00000,1.00000,0.00000
2.50800,0.12694,0.00000,0.00000,1.00000,0.00000
2.57400,0.12694,0.00000,0.00000,1.00000,0.00000
2.64000,0.12694,0.00000,0.00000,1.00000,0.00000
2.70600,0.12694,0.00000,0.00000,1.00000,0.00000
2.77200,0.12694,0.00000,0.00000,1.00000,0.00000
2.83800,0.12694,0.00000,0.00000,1.00000,0.00000
2.90400,0.12694,0.00001,0.00000,0.99999,0.00000
2.97000,0.12694,0.00000,0.00000,1.00000,0.00000
3.03600,0.12694,0.00000,0.00000,1.00000,0.00000
3.10200,0.12694,0.00000,0.00000,1.00000,0.00000
3.16800,0.12694,0.00000,0.00000,1.00000,0.00000
3.23400,0.12694,0.00000,0.00000,1.00000,0.00000
3.30000,0.12694,0.00000,0.00000,1.00000,0.00000
3.36600,0.12694,0.00000,0.00000,1.00000,0.00000
3.43200,0.12694,0.00000,0.00000,1.00000,0.00000
3.49800,0.12694,0.00000,0.00000,1.00000,0.00000
3.56400,0.12694,0.00000,0.00000,1.00000,0.00000
3.63000,0.12694,0.00000,0.00000,1.00000,0.00000
3.69600,0.12694,0.00000,0.00000,1.00000,0.00000
3.76200,0.12694,0.00000,0.00000,1.00000,0.00000
3.82800,0.12694,0.00000,0.00000,1.00000,0.00000
3.89400,0.12694,0.00000,0.00000,1.00000,0.00000
3.96000,0.12694,0.00000,0.00001,0.99999,0.00000
4.02600,0.12694,0.00000,0.00000,1.00000,0.00000
4.09200,0.12694,0.00000,0.00000,0.99999,0.00000
4.15800,0.12694,0.00000,0.00000,1.00000,0.00000
4.22400,0.12694,0.00000,0.00000,1.00000,0.00000
4.29000,0.12694,0.00000,0.00000,1.00000,0.00000
4.35600,0.12694,0.00000,0.00000,1.00000,0.00000
4.42200,0.12694,0.00000,0.00000,1.00000,0.00000
4.48800,0.12694,0.00000,0.00000,1.00000,0.00000
4.55400,0.12694,0.00000,0.00000,1.00000,0.00000
4.62000,0.12694,0.00000,0.00000,1.00000,0.00000
4.68600,0.12694,0.00000,0.00000,0.99999,0.00000
4.75200,0.12694,0.00000,0.00000,1.00000,0.00000
4.81800,0.12694,0.00000,0.00000,1.00000,0.00000
4.88400,0.12694,0.00000,0.00000,1.00000,0.00000
4.95000,0.12694,0.00000,0.00000,1.00000,0.00000
5.01600,0.12694,0.00000,0.00000,1.00000,0.00000
5.08200,0.12694,0.00000,0.00000,0.99999,0.00000
5.14800,0.12694,0.00000,0.00000,1.00000,0.00000
5.21400,0.12694,0.00000,0.00000,1.00000,0.00000
5.28000,0.12694,0.00000,0.00000,1.00000,0.00000
5.34600,0.12694,0.00000,0.00000,1.00000,0.00000
5.41200,0.12694,0.00000,0.00000,1.00000,0.00000
5.47800,0.12694,0.00000,0.00000,1.00000,0.00000
5.54400,0.12694,0.00000,0.00000,0.99999,0.00000
5.61000,0.12694,0.00000,0.00000,1.00000,0.00000
5.67600,0.12694,0.00000,0.00000,1.00000,0.00000
5.74200,0.12694,0.00000,0.00001,0.99999,0.00000
5.80800,0.12694,0.00000,0.00000,1.00000,0.00000
5.87400,0.12694,0.00000,0.00000,1.00000,0.00000
5.94000,0.12694,0.00000,0.00000,1.00000,0.00000
6.00600,0.12694,0.00000,0.00000,1.00000,0.00000
6.07200,0.12694,0.00000,0.00000,1.00000,0.00000
6.13800,0.12694,0.00000,0.00000,1.00000,0.00000
6.20400,0.12694,0.00000,0.00000,1.00000,0.00000
6.27000,0.12694,0.00000,0.00000,1.00000,0.00000
6.33600,0.12694,0.00000,0.00000,1.00000,0.00000
6.40200,0.12694,0.00000,0.00000,1.00000,0.00000
6.46800,0.12694,0.00000,0.00000,1.00000,0.00000
6.53400,0.12694,0.00000,0.00000,1.00000,0.00000
6.60000,0.12694,0.00000,0.00000,1.00000,0.00000
6.66600,0.12694,0.00000,0.00000,1.00000,0.00000
6.73200,0.12694,0.00000,0.00000,1.00000,0.00000
6.79800,0.12694,0.00000,0.00000,1.00000,0.00000
6.86400,0.12694,0.00000,0.00000,1.00000,0.00000
6.93000,0.12694,0.00000,0.00000,1.00000,0.00000
6.99600,0.12694,0.00000,0.00000,1.00000,0.00000
7.06200,0.12694,0.00000,0.00000,1.00000,0.00000
7.12800,0.12694,0.00001,0.00000,0.99999,0.00000
7.19400,0.12694,0.00000,0.00000,1.00000,0.00000
7.26000,0.12694,0.00000,0.00000,1.00000,0.00000
7.32600,0.12694,0.00000,0.00000,1.00000,0.00000
7.39200,0.12694,0.00000,0.00000,1.00000,0.00000
7.45800,0.12694,0.00000,0.00000,1.00000,0.00000
7.52400,0.12694,0.00001,0.00000,0.99999,0.00000
7.59000,0.12694,0.00001,0.00000,0.99999,0.00000
7.65600,0.12694,0.00001,0.00000,0.99999,0.00000
7.72200,0.12694,0.00000,0.00000,1.00000,0.00000
7.78800,0.12694,0.00000,0.00000,1.00000,0.00000
7.85400,0.12694,0.00000,0.00000,1.00000,0.00000
7.92000,0.12694,0.00000,0.00000,1.00000,0.00000
7.98600,0.12694,0.00000,0.00000,1.00000,0.00000
8.05200,0.12694,0.00000,0.00000,1.00000,0.00000
8.11800,0.12694,0.00000,0.00000,1.00000,0.00000
8.18400,0.12694,0.00000,0.00000,1.00000,0.00000
8.25000,0.12694,0.00000,0.00000,1.00000,0.00000
8.31600,0.12694,0.00000,0.00000,1.00000,0.00000
8.38200,0.12694,0.00001,0.00000,0.99999,0.00000
8.44800,0.12694,0.00000,0.00000,1.00000,0.00000
8.51400,0.12694,0.00000,0.00000,1.00000,0.00000
8.58000,0.12694,0.00001,0.00000,0.99998,0.00000
8.64600,0.12694,0.00000,0.00000,1.00000,0.00000
8.71200,0.12694,0.00000,0.00000,1.00000,0.00000
8.77800,0.12694,0.00000,0.00000,1.00000,0.00000
8.84400,0.12694,0.00000,0.00000,1.00000,0.00000
8.91000,0.12694,0.00000,0.00000,1.00000,0.00000
8.97600,0.12694,0.00000,0.00000,1.00000,0.00000
9.04200,0.12694,0.00000,0.00000,1.00000,0.00000
9.10800,0.12694,0.00000,0.00000,1.00000,0.00000
9.17400,0.12694,0.00000,0.00000,1.00000,0.00000
9.24000,0.12694,0.00000,0.00000,1.00000,0.00000
9.30600,0.12694,0.00000,0.00000,1.00000,0.00000
9.37200,0.12694,0.00000,0.00000,1.00000,0.00000
9.43800,0.12694,0.00000,0.00000,1.00000,0.00000
9.50400,0.12694,0.00000,0.00000,1.00000,0.00000
9.57000,0.12694,0.00000,0.00000,1.00000,0.00000
9.63600,0.12694,0.00000,0.00000,1.00000,0.00000
9.70200,0.12694,0.00000,0.00000,1.00000,0.00000
9.76800,0.12694,0.00000,0.00000,1.00000,0.00000
9.83400,0.12694,0.00000,0.00000,1.00000,0.00000
9.90000,0.12694,0.00000,0.00000,1.00000,0.00000
9.96600,0.12694,0.00000,0.00000,1.00000,0.00000
10.03200,0.12694,0.00000,0.00000,1.00000,0.00000
10.09800,0.12694,0.00000,0.00000,1.00000,0.00000
10.16400,0.12694,0.00000,0.00000,1.00000,0.00000
10.23000,0.12694,0.00000,0.00000,1.00000,0.00000
10.29600,0.12694,0.00000,0.00000,1.00000,0.00000
10.36200,0.12694,0.00000,0.00000,1.00000,0.00000
10.42800,0.12694,0.00000,0.00000,1.00000,0.00000
10.49400,0.12694,0.00000,0.00000,1.00000,0.00000
10.56000,0.12694,0.00000,0.00000,1.00000,0.00000
10.62600,0.12694,0.00000,0.00000,1.00000,0.00000
10.69200,0.12694,0.00000,0.00000,1.00000,0.00000
10.75800,0.12694,0.00000,0.00000,1.00000,0.00000
10.82400,0.12694,0.00000,0.00000,1.00000,0.00000
10.89000,0.12694,0.00000,0.00000,1.00000,0.00000
10.95600,0.12694,0.00000,0.00000,1.00000,0.00000
11.02200,0.12694,0.00000,0.00000,1.00000,0.00000
11.08800,0.12694,0.00000,0.00000,1.00000,0.00000
11.15400,0.12694,0.00000,0.00000,1.00000,0.00000
11.22000,0.12694,0.00000,0.00000,1.00000,0.00000
11.28600,0.12694,0.00000,0.00000,1.00000,0.00000
11.35200,0.12694,0.00000,0.00000,1.00000,0.00000
11.41800,0.12694,0.00000,0.00000,1.00000,0.00000
11.48400,0.12694,0.00000,0.00000,1.00000,0.00000
11.55000,0.12694,0.00000,0.00000,1.00000,0.00000
11.61600,0.12694,0.00000,0.00000,1.00000,0.00000
11.68200,0.12694,0.00000,0.00000,1.00000,0.00000
11.74800,0.12694,0.00000,0.00000,1.00000,0.00000
11.81400,0.12694,0.00000,0.00000,1.00000,0.00000
11.88000,0.12694,0.00000,0.00000,1.00000,0.00000
11.94600,0.12694,0.00000,0.00000,1.00000,0.00000
12.01200,0.12694,0.00000,0.00000,1.00000,0.00000
12.07800,0.12694,0.00000,0.00000,1.00000,0.00000
12.14400,0.12694,0.00000,0.00000,1.00000,0.00000
12.21000,0.12694,0.00000,0.00000,1.00000,0.00000
12.27600,0.12694,0.00000,0.00000,1.00000,0.00000
12.34200,0.12694,0.00001,0.00000,0.99999,0.00000
12.40800,0.12694,0.00000,0.00000,1.00000,0.00000
12.47400,0.12694,0.00000,0.00000,1.00000,0.00000
12.54000,0.12694,0.00000,0.00000,1.00000,0.00000
12.60600,0.12694,0.00000,0.00000,1.00000,0.00000
12.67200,0.12694,0.00001,0.00000,0.99999,0.00000
12.73800,0.12694,0.00000,0.00000,1.00000,0.00000
12.80400,0.12694,0.00000,0.00000,1.00000,0.00000
12.87000,0.12694,0.00000,0.00000,1.00000,0.00000
12.93600,0.12694,0.00000,0.00000,1.00000,0.00000
13.00200,0.12694,0.00000,0.00000,1.00000,0.00000
13.06800,0.12694,0.00000,0.00000,1.00000,0.00000
13.13400,0.12694,0.00000,0.00000,1.00000,0.00000
13.20000,0.12694,0.00000,0.00000,1.00000,0.00000
13.26600,0.12694,0.00000,0.00000,1.00000,0.00000
13.33200,0.12694,0.00000,0.00000,1.00000,0.00000
13.39800,0.12694,0.00000,0.00000,1.00000,0.00000
13.46400,0.12694,0.00000,0.00000,1.00000,0.00000
13.53000,0.12694,0.00000,0.00000,1.00000,0.00000
13.59600,0.12694,0.00000,0.00000,1.00000,0.00000
13.66200,0.12694,0.00000,0.00000,1.00000,0.00000
13.72800,0.12694,0.00000,0.00000,1.00000,0.00000
13.79400,0.12694,0.00000,0.00000,1.00000,0.00000
13.86000,0.12694,0.00000,0.00000,1.00000,0.00000
13.92600,0.12694,0.00000,0.00000,1.00000,0.00000
13.99200,0.12694,0.00000,0.00000,1.00000,0.00000
14.05800,0.12694,0.00000,0.00000,1.00000,0.00000
14.12400,0.12694,0.00000,0.00000,1.00000,0.00000
14.19000,0.12694,0.00000,0.00000,1.00000,0.00000
14.25600,0.12694,0.00000,0.00000,1.00000,0.00000
14.32200,0.12694,0.00000,0.00000,1.00000,0.00000
14.38800,0.12694,0.00000,0.00000,1.00000,0.00000
14.45400,0.12694,0.00000,0.00000,1.00000,0.00000
14.52000,0.12694,0.00000,0.00000,1.00000,0.00000
14.58600,0.12694,0.00000,0.00000,1.00000,0.00000
14.65200,0.12694,0.00000,0.00000,1.00000,0.00000
14.71800,0.12694,0.00000,0.00000,1.00000,0.00000
14.78400,0.12694,0.00000,0.00000,1.00000,0.00000
14.85000,0.12694,0.00000,0.00000,1.00000,0.00000
14.91600,0.12694,0.00000,0.00000,1.00000,0.00000
14.98200,0.12694,0.00000,0.00000,1.00000,0.00000
15.04800,0.12694,0.00000,0.00000,1.00000,0.00000
15.11400,0.12694,0.00000,0.00000,1.00000,0.00000
15.18000,0.12694,0.00000,0.00000,1.00000,0.00000
15.24600,0.12694,0.00000,0.00000,1.00000,0.00000
15.31200,0.12694,0.00000,0.00000,1.00000,0.00000
15.37800,0.12694,0.00000,0.00000,1.00000,0.00000
15.44400,0.12694,0.00000,0.00000,1.00000,0.00000
15.51000,0.12694,0.00000,0.00000,1.00000,0.00000
15.57600,0.12694,0.00000,0.00000,1.00000,0.00000
15.64200,0.12694,0.00000,0.00000,1.00000,0.00000
15.70800,0.12694,0.00000,0.00000,1.00000,0.00000
15.77400,0.12694,0.00000,0.00000,1.00000,0.00000
15.84000,0.12694,0.00000,0.00000,1.00000,0.00000
15.90600,0.12694,0.00000,0.00000,1.00000,0.00000
15.97200,0.12694,0.00000,0.00000,1.00000,0.00000
16.03800,0.12694,0.00000,0.00000,1.00000,0.00000
16.10400,0.12694,0.00000,0.00000,1.00000,0.00000
16.17000,0.12694,0.00000,0.00000,1.00000,0.00000
16.23600,0.12694,0.00000,0.00000,1.00000,0.00000
16.30200,0.12694,0.00000,0.00000,1.00000,0.00000
16.36800,0.12694,0.00000,0.00000,1.00000,0.00000
16.43400,0.12694,0.00000,0.00000,1.00000,0.00000
16.50000,0.12694,0.00000,0.00000,1.00000,0.00000
16.56600,0.12694,0.00000,0.00000,1.00000,0.00000
16.63200,0.12694,0.00000,0.00000,1.00000,0.00000
16.69800,0.12694,0.00000,0.00000,1.00000,0.00000
16.76400,0.12694,0.00000,0.00000,1.00000,0.00000
16.83000,0.12694,0.00000,0.00000,1.00000,0.00000
16.89600,0.12694,0.00000,0.00000,1.00000,0.00000
16.96200,0.12694,0.00000,0.00000,1.00000,0.00000
17.02800,0.12694,0.00000,0.00000,1.00000,0.00000
17.09400,0.12694,0.00000,0.00000,1.00000,0.00000
17.16000,0.12694,0.00000,0.00000,1.00000,0.00000
17.22600,0.12694,0.00000,0.00000,1.00000,0.00000
17.29200,0.12694,0.00000,0.00000,1.00000,0.00000
17.35800,0.12694,0.00000,0.00000,1.00000,0.00000
17.42400,0.12694,0.00000,0.00000,1.00000,0.00000
17.49000,0.12694,0.00000,0.00000,1.00000,0.00000
17.55600,0.12694,0.00000,0.00000,1.00000,0.00000
17.62200,0.12694,0.00000,0.00000,1.00000,0.00000
17.68800,0.12694,0.00000,0.00000,1.00000,0.00000
17.75400,0.12694,0.00000,0.00000,1.00000,0.00000
17.82000,0.12694,0.00000,0.00000,1.00000,0.00000
17.88600,0.12694,0.00000,0.00000,1.00000,0.00000
17.95200,0.12694,0.00000,0.00000,1.00000,0.00000
18.01800,0.12694,0.00000,0.00000,1.00000,0.00000
18.08400,0.12694,0.00000,0.00000,1.00000,0.00000
18.15000,0.12694,0.00000,0.00000,1.00000,0.00000
18.21600,0.12694,0.00000,0.00000,1.00000,0.00000
18.28200,0.12694,0.00000,0.00000,1.00000,0.00000
18.34800,0.12694,0.00000,0.00000,1.00000,0.00000
18.41400,0.12694,0.00000,0.00000,1.00000,0.00000
18.48000,0.12694,0.00001,0.00000,0.99999,0.00000
18.54600,0.12694,0.00000,0.00000,1.00000,0.00000
18.61200,0.12694,0.00000,0.00000,1.00000,0.00000
18.67800,0.12694,0.00000,0.00000,1.00000,0.00000
18.74400,0.12694,0.00000,0.00000,1.00000,0.00000
18.81000,0.12694,0.00000,0.00000,1.00000,0.00000
18.87600,0.12694,0.00000,0.00000,1.00000,0.00000
18.94200,0.12694,0.00000,0.00000,1.00000,0.00000
19.00800,0.12694,0.00000,0.00000,1.00000,0.00000
19.07400,0.12694,0.00000,0.00000,1.00000,0.00000
19.14000,0.12694,0.00000,0.00000,1.00000,0.00000
19.20600,0.12694,0.00000,0.00000,1.00000,0.00000
19.27200,0.12694,0.00000,0.00000,1.00000,0.00000
19.33800,0.12694,0.00000,0.00000,1.00000,0.00000
19.40400,0.12694,0.00000,0.00000,1.00000,0.00000
19.47000,0.12694,0.00000,0.00000,1.00000,0.00000
19.53600,0.12694,0.00000,0.00000,1.00000,0.00000
19.60200,0.12694,0.00000,0.00000,1.00000,0.00000
19.66800,0.12694,0.00000,0.00000,1.00000,0.00000
19.73400,0.12694,0.00000,0.00000,1.00000,0.00000
19.80000,0.12694,0.00000,0.00000,1.00000,0.00000
19.86600,0.12694,0.00000,0.00000,1.00000,0.00000
19.93200,0.12694,0.00000,0.00000,1.00000,0.00000
19.99800,0.12694,0.00000,0.00000,1.00000,0.00000
20.06400,0.12694,0.00000,0.00000,1.00000,0.00000
20.13000,0.12694,0.00000,0.00000,1.00000,0.00000
20.19600,0.12694,0.00000,0.00000,1.00000,0.00000
20.26200,0.12694,0.00000,0.00000,1.00000,0.00000
20.32800,0.12694,0.00000,0.00000,1.00000,0.00000
20.39400,0.12694,0.00000,0.00000,1.00000,0.00000
20.46000,0.12694,0.00000,0.00000,1.00000,0.00000
20.52600,0.12694,0.00000,0.00000,1.00000,0.00000
20.59200,0.12694,0.00000,0.00000,1.00000,0.00000
20.65800,0.12694,0.00000,0.00000,1.00000,0.00000
20.72400,0.12694,0.00000,0.00000,1.00000,0.00000
20.79000,0.12694,0.00000,0.00000,1.00000,0.00000
20.85600,0.12694,0.00000,0.00000,1.00000,0.00000
20.92200,0.12694,0.00000,0.00000,1.00000,0.00000
20.98800,0.12694,0.00000,0.00000,1.00000,0.00000
21.05400,0.12694,0.00000,0.00000,1.00000,0.00000
21.12000,0.12694,0.00000,0.00000,1.00000,0.00000
21.18600,0.12694,0.00000,0.00000,1.00000,0.00000
21.25200,0.12694,0.00000,0.00000,1.00000,0.00000
21.31800,0.12694,0.00000,0.00000,1.00000,0.00000
21.38400,0.12694,0.00000,0.00000,1.00000,0.00000
21.45000,0.12694,0.00000,0.00000,1.00000,0.00000
21.51600,0.12694,0.00000,0.00000,1.00000,0.00000
21.58200,0.12694,0.00000,0.00000,1.00000,0.00000
21.64800,0.12694,0.00001,0.00000,0.99999,0.00000
21.71400,0.12694,0.00000,0.00000,1.00000,0.00000
21.78000,0.12694,0.00000,0.00000,1.00000,0.00000
21.84600,0.12694,0.00000,0.00000,1.00000,0.00000
21.91200,0.12694,0.00000,0.00000,1.00000,0.00000
21.97800,0.12694,0.00000,0.00000,1.00000,0.00000
22.04400,0.12694,0.00000,0.00000,1.00000,0.00000
22.11000,0.12694,0.00000,0.00000,1.00000,0.00000
22.17600,0.12694,0.00000,0.00000,1.00000,0.00000
22.24200,0.12694,0.00000,0.00000,1.00000,0.00000
22.30800,0.12694,0.00000,0.00000,1.00000,0.00000
22.37400,0.12694,0.00000,0.00000,1.00000,0.00000
22.44000,0.12694,0.00000,0.00000,1.00000,0.00000
22.50600,0.12694,0.00000,0.00000,1.00000,0.00000
22.57200,0.12694,0.00000,0.00000,1.00000,0.00000
22.63800,0.12694,0.00000,0.00000,1.00000,0.00000
22.70400,0.12694,0.00000,0.00000,1.00000,0.00000
22.77000,0.12694,0.00000,0.00000,1.00000,0.00000
22.83600,0.12694,0.00000,0.00000,1.00000,0.00000
22.90200,0.12694,0.00000,0.00000,1.00000,0.00000
22.96800,0.12694,0.00000,0.00000,1.00000,0.00000
23.03400,0.12694,0.00000,0.00000,1.00000,0.00000
23.10000,0.12694,0.00000,0.00000,1.00000,0.00000
23.16600,0.12694,0.00001,0.00000,0.99999,0.00000
23.23200,0.12694,0.00000,0.00000,1.00000,0.00000
23.29800,0.12694,0.00000,0.00000,1.00000,0.00000
23.36400,0.12694,0.00000,0.00000,1.00000,0.00000
23.43000,0.12694,0.00000,0.00000,1.00000,0.00000
23.49600,0.12694,0.00000,0.00000,1.00000,0.00000
23.56200,0.12694,0.00000,0.00000,1.00000,0.00000
23.62800,0.12694,0.00000,0.00000,1.00000,0.00000
23.69400,0.12694,0.00000,0.00000,1.00000,0.00000
23.76000,0.12694,0.00000,0.00000,1.00000,0.00000
23.82600,0.12694,0.00000,0.00000,1.00000,0.00000
23.89200,0.12694,0.00000,0.00000,1.00000,0.00000
23.95800,0.12694,0.00000,0.00000,1.00000,0.00000
24.02400,0.12694,0.00000,0.00000,1.00000,0.00000
24.09000,0.12694,0.00000,0.00000,1.00000,0.00000
24.15600,0.12694,0.00000,0.00000,1.00000,0.00000
24.22200,0.12694,0.00000,0.00000,1.00000,0.00000
24.28800,0.12694,0.00000,0.00000,1.00000,0.00000
24.35400,0.12694,0.00000,0.00000,1.00000,0.00000
24.42000,0.12694,0.00000,0.00000,1.00000,0.00000
24.48600,0.12694,0.00000,0.00000,1.00000,0.00000
24.55200,0.12694,0.00000,0.00000,1.00000,0.00000
24.61800,0.12694,0.00000,0.00000,1.00000,0.00000
24.68400,0.12694,0.00000,0.00000,1.00000,0.00000
24.75000,0.12694,0.00000,0.00000,1.00000,0.00000
24.81600,0.12694,0.00000,0.00000,1.00000,0.00000
24.88200,0.12694,0.00000,0.00000,1.00000,0.00000
24.94800,0.12694,0.00000,0.00000,1.00000,0.00000
25.01400,0.12694,0.00000,0.00000,1.00000,0.00000
25.08000,0.12694,0.00000,0.00000,1.00000,0.00000
25.14600,0.12694,0.00000,0.00000,1.00000,0.00000
25.21200,0.12694,0.00000,0.00000,1.00000,0.00000
25.27800,0.12694,0.00000,0.00000,1.00000,0.00000
25.34400,0.12694,0.00000,0.00000,1.00000,0.00000
25.41000,0.12694,0.00000,0.00000,1.00000,0.00000
25.47600,0.12694,0.00000,0.00000,1.00000,0.00000
25.54200,0.12694,0.00000,0.00000,1.00000,0.00000
25.60800,0.12694,0.00000,0.00000,1.00000,0.00000
25.67400,0.12694,0.00000,0.00000,1.00000,0.00000
25.74000,0.12694,0.00000,0.00000,1.00000,0.00000
25.80600,0.12694,0.00000,0.00000,1.00000,0.00000
25.87200,0.12694,0.00000,0.00000,1.00000,0.00000
25.93800,0.12694,0.00000,0.00000,1.00000,0.00000
26.00400,0.12694,0.00000,0.00000,1.00000,0.00000
26.07000,0.12694,0.00000,0.00000,1.00000,0.00000
26.13600,0.12694,0.00000,0.00000,1.00000,0.00000
26.20200,0.12694,0.00000,0.00000,1.00000,0.00000
26.26800,0.12694,0.00000,0.00000,1.00000,0.00000
26.33400,0.12694,0.00000,0.00000,1.00000,0.00000
26.40000,0.12694,0.00000,0.00000,1.00000,0.00000
26.46600,0.12694,0.00000,0.00000,1.00000,0.00000
26.53200,0.12694,0.00000,0.00000,1.00000,0.00000
26.59800,0.12694,0.00000,0.00000,1.00000,0.00000
26.66400,0.12694,0.00000,0.00000,1.00000,0.00000
26.73000,0.12694,0.00000,0.00000,1.00000,0.00000
26.79600,0.12694,0.00000,0.00000,1.00000,0.00000
26.86200,0.12694,0.00000,0.00000,1.00000,0.00000
26.92800,0.12694,0.00000,0.00000,1.00000,0.00000
26.99400,0.12694,0.00000,0.00000,1.00000,0.00000
27.06000,0.12694,0.00000,0.00000,1.00000,0.00000
27.12600,0.12694,0.00000,0.00000,1.00000,0.00000
27.19200,0.12694,0.00000,0.00000,1.00000,0.00000
27.25800,0.12694,0.00000,0.00000,1.00000,0.00000
27.32400,0.12694,0.00000,0.00000,1.00000,0.00000
27.39000,0.12694,0.00000,0.00000,1.00000,0.00000
27.45600,0.12694,0.00000,0.00000,1.00000,0.00000
27.52200,0.12694,0.00000,0.00000,1.00000,0.00000
27.58800,0.12694,0.00000,0.00000,1.00000,0.00000
27.65400,0.12694,0.00000,0.00000,1.00000,0.00000
27.72000,0.12694,0.00000,0.00000,1.00000,0.00000
27.78600,0.12694,0.00000,0.00000,1.00000,0.00000
27.85200,0.12694,0.00000,0.00000,1.00000,0.00000
27.91800,0.12694,0.00000,0.00000,1.00000,0.00000
27.98400,0.12694,0.00000,0.00000,1.00000,0.00000
28.05000,0.12694,0.00000,0.00000,1.00000,0.00000
28.11600,0.12694,0.00000,0.00000,1.00000,0.00000
28.18200,0.12694,0.00000,0.00000,1.00000,0.00000
28.24800,0.12694,0.00000,0.00000,1.00000,0.00000
28.31400,0.12694,0.00000,0.00000,1.00000,0.00000
28.38000,0.12694,0.00000,0.00000,1.00000,0.00000
28.44600,0.12694,0.00000,0.00000,1.00000,0.00000
28.51200,0.12694,0.00000,0.00000,1.00000,0.00000
28.57800,0.12694,0.00000,0.00000,1.00000,0.00000
28.64400,0.12694,0.00000,0.00000,1.00000,0.00000
28.71000,0.12694,0.00000,0.00000,1.00000,0.00000
28.77600,0.12694,0.00000,0.00000,1.00000,0.00000
28.84200,0.12694,0.00000,0.00000,1.00000,0.00000
28.90800,0.12694,0.00000,0.00000,1.00000,0.00000
28.97400,0.12694,0.00000,0.00000,1.00000,0.00000
29.04000,0.12694,0.00000,0.00000,1.00000,0.00000
29.10600,0.12694,0.00000,0.00000,1.00000,0.00000
29.17200,0.12694,0.00000,0.00000,1.00000,0.00000
29.23800,0.12694,0.00000,0.00000,1.00000,0.00000
29.30400,0.12694,0.00000,0.00000,1.00000,0.00000
29.37000,0.12694,0.00000,0.00000,1.00000,0.00000
29.43600,0.12694,0.00000,0.00000,1.00000,0.00000
29.50200,0.12694,0.00000,0.00000,1.00000,0.00000
29.56800,0.12694,0.00000,0.00000,1.00000,0.00000
29.63400,0.12694,0.00000,0.00000,1.00000,0.00000
29.70000,0.12694,0.00000,0.00000,1.00000,0.00000
29.76600,0.12694,0.00000,0.00000,1.00000,0.00000
29.83200,0.12694,0.00000,0.00000,1.00000,0.00000
29.89800,0.12694,0.00000,0.00000,1.00000,0.00000
29.96400,0.12694,0.00000,0.00000,1.00000,0.00000
30.03000,0.12694,0.00000,0.00000,1.00000,0.00000
30.09600,0.12694,0.00000,0.00000,1.00000,0.00000
30.16200,0.12694,0.00000,0.00000,1.00000,0.00000
30.22800,0.12694,0.00000,0.00000,1.00000,0.00000
30.29400,0.12694,0.00000,0.00000,1.00000,0.00000
30.36000,0.12694,0.00000,0.00000,1.00000,0.00000
30.42600,0.12694,0.00000,0.00000,1.00000,0.00000
30.49200,0.12694,0.00000,0.00000,1.00000,0.00000
30.55800,0.12694,0.00000,0.00000,1.00000,0.00000
30.62400,0.12694,0.00000,0.00000,1.00000,0.00000
30.69000,0.12694,0.00000,0.00000,1.00000,0.00000
30.75600,0.12694,0.00000,0.00000,1.00000,0.00000
30.82200,0.12694,0.00000,0.00000,1.00000,0.00000
30.88800,0.12694,0.00000,0.00000,1.00000,0.00000
30.95400,0.12694,0.00000,0.00000,1.00000,0.00000
31.02000,0.12694,0.00000,0.00000,1.00000,0.00000
31.08600,0.12694,0.00000,0.00000,1.00000,0.00000
31.15200,0.12694,0.00000,0.00000,1.00000,0.00000
31.21800,0.12694,0.00000,0.00000,1.00000,0.00000
31.28400,0.12694,0.00000,0.00000,1.00000,0.00000
31.35000,0.12694,0.00000,0.00000,1.00000,0.00000
31.41600,0.12694,0.00000,0.00000,1.00000,0.00000
31.48200,0.12694,0.00000,0.00000,1.00000,0.00000
31.54800,0.12694,0.00000,0.00000,1.00000,0.00000
31.61400,0.12694,0.00000,0.00000,1.00000,0.00000
31.68000,0.12694,0.00000,0.00000,1.00000,0.00000
31.74600,0.12694,0.00000,0.00000,1.00000,0.00000
31.81200,0.12694,0.00000,0.00000,1.00000,0.00000
31.87800,0.12694,0.00000,0.00000,1.00000,0.00000
31.94400,0.12694,0.00000,0.00000,1.00000,0.00000
32.01000,0.12694,0.00001,0.00000,0.99999,0.00000
32.07600,0.12694,0.00000,0.00000,1.00000,0.00000
32.14200,0.12694,0.00000,0.00000,1.00000,0.00000
32.20800,0.12694,0.00000,0.00000,1.00000,0.00000
32.27400,0.12694,0.00000,0.00000,1.00000,0.00000
32.34000,0.12694,0.00000,0.00000,1.00000,0.00000
32.40600,0.12694,0.00000,0.00000,1.00000,0.00000
32.47200,0.12694,0.00000,0.00000,1.00000,0.00000
32.53800,0.12694,0.00000,0.00000,1.00000,0.00000
32.60400,0.12694,0.00000,0.00000,1.00000,0.00000
32.67000,0.12694,0.00000,0.00000,1.00000,0.00000
32.73600,0.12694,0.00000,0.00000,1.00000,0.00000
32.80200,0.12694,0.00000,0.00000,1.00000,0.00000
32.86800,0.12694,0.00000,0.00000,1.00000,0.00000
32.93400,0.12694,0.00000,0.00000,1.00000,0.00000
33.00000,0.12694,0.00000,0.00000,1.00000,0.00000
33.06600,0.12693,0.00000,0.00000,1.00000,0.00000
33.13200,0.12694,0.00000,0.00000,1.00000,0.00000
33.19800,0.12693,0.00000,0.00000,1.00000,0.00000
33.26400,0.12694,0.00000,0.00000,1.00000,0.00000
33.33000,0.12693,0.00000,0.00000,1.00000,0.00000
33.39600,0.12694,0.00000,0.00000,1.00000,0.00000
33.46200,0.12693,0.00000,0.00000,1.00000,0.00000
33.52800,0.12694,0.00000,0.00000,1.00000,0.00000
33.59400,0.12693,0.00000,0.00000,1.00000,0.00000
33.66000,0.12694,0.00000,0.00000,1.00000,0.00000
33.72600,0.12693,0.00000,0.00000,1.00000,0.00000
33.79200,0.12694,0.00000,0.00000,1.00000,0.00000
33.85800,0.12693,0.00000,0.00000,1.00000,0.00000
33.92400,0.12694,0.00000,0.00000,1.00000,0.00000
33.99000,0.12693,0.00000,0.00000,1.00000,0.00000
34.05600,0.12694,0.00000,0.00000,1.00000,0.00000
34.12200,0.12693,0.00000,0.00000,1.00000,0.00000
34.18800,0.12694,0.00000,0.00000,1.00000,0.00000
34.25400,0.12693,0.00000,0.00000,1.00000,0.00000
34.32000,0.12694,0.00000,0.00000,1.00000,0.00000
34.38600,0.12693,0.00000,0.00000,1.00000,0.00000
34.45200,0.12694,0.00000,0.00000,1.00000,0.00000
34.51800,0.12693,0.00000,0.00000,1.00000,0.00000
34.58400,0.12694,0.00000,0.00000,1.00000,0.00000
34.65000,0.12694,0.00000,0.00000,1.00000,0.00000
34.71600,0.12694,0.00000,0.00000,1.00000,0.00000
34.78200,0.12694,0.00000,0.00000,1.00000,0.00000
34.84800,0.12694,0.00000,0.00000,1.00000,0.00000
34.91400,0.12694,0.00000,0.00000,1.00000,0.00000
34.98000,0.12694,0.00000,0.00000,1.00000,0.00000
35.04600,0.12694,0.00001,0.00000,0.99999,0.00000
35.11200,0.12694,0.00000,0.00000,1.00000,0.00000
35.17800,0.12694,0.00000,0.00000,1.00000,0.00000
35.24400,0.12694,0.00000,0.00000,1.00000,0.00000
35.31000,0.12694,0.00000,0.00000,1.00000,0.00000
35.37600,0.12694,0.00000,0.00000,1.00000,0.00000
35.44200,0.12694,0.00000,0.00000,1.00000,0.00000
35.50800,0.12694,0.00000,0.00000,1.00000,0.00000
35.57400,0.12694,0.00000,0.00000,1.00000,0.00000
35.64000,0.12694,0.00000,0.00000,1.00000,0.00000
35.70600,0.12694,0.00000,0.00000,1.00000,0.00000
35.77200,0.12694,0.00000,0.00000,1.00000,0.00000
35.83800,0.12694,0.00000,0.00000,0.99999,0.00000
35.90400,0.12694,0.00000,0.00000,1.00000,0.00000
35.97000,0.12694,0.00000,0.00000,1.00000,0.00000
36.03600,0.12694,0.00000,0.00000,1.00000,0.00000
36.10200,0.12694,0.00000,0.00000,1.00000,0.00000
36.16800,0.12694,0.00000,0.00000,1.00000,0.00000
36.23400,0.12694,0.00000,0.00000,1.00000,0.00000
36.30000,0.12694,0.00000,0.00000,1.00000,0.00000
36.36600,0.12694,0.00000,0.00000,1.00000,0.00000
36.43200,0.12694,0.00000,0.00000,1.00000,0.00000
36.49800,0.12694,0.00000,0.00000,1.00000,0.00000
36.56400,0.12694,0.00000,0.00000,1.00000,0.00000
36.63000,0.12694,0.00000,0.00000,1.00000,0.00000
36.69600,0.12694,0.00000,0.00000,1.00000,0.00000
36.76200,0.12694,0.00000,0.00000,1.00000,0.00000
36.82800,0.12694,0.00000,0.00000,1.00000,0.00000
36.89400,0.12694,0.00000,0.00000,1.00000,0.00000
36.96000,0.12694,0.00000,0.00000,1.00000,0.00000
37.02600,0.12694,0.00000,0.00000,1.00000,0.00000
37.09200,0.12694,0.00000,0.00000,1.00000,0.00000
37.15800,0.12694,0.00000,0.00000,1.00000,0.00000
37.22400,0.12694,0.00000,0.00000,1.00000,0.00000
37.29000,0.12694,0.00000,0.00000,1.00000,0.00000
37.35600,0.12694,0.00000,0.00000,1.00000,0.00000
37.42200,0.12694,0.00000,0.00000,1.00000,0.00000
37.48800,0.12694,0.00000,0.00000,1.00000,0.00000
37.55400,0.12694,0.00000,0.00000,1.00000,0.00000
37.62000,0.12694,0.00000,0.00000,1.00000,0.00000
37.68600,0.12694,0.00000,0.00000,1.00000,0.00000
37.75200,0.12694,0.00000,0.00000,1.00000,0.00000
37.81800,0.12694,0.00000,0.00000,1.00000,0.00000
37.88400,0.12694,0.00000,0.00000,1.00000,0.00000
37.95000,0.12694,0.00000,0.00000,1.00000,0.00000
38.01600,0.12694,0.00000,0.00000,1.00000,0.00000
38.08200,0.12694,0.00000,0.00000,1.00000,0.00000
38.14800,0.12694,0.00000,0.00000,1.00000,0.00000
38.21400,0.12694,0.00000,0.00000,1.00000,0.00000
38.28000,0.12694,0.00000,0.00000,1.00000,0.00000
38.34600,0.12694,0.00000,0.00000,1.00000,0.00000
38.41200,0.12694,0.00000,0.00000,1.00000,0.00000
38.47800,0.12694,0.00000,0.00000,1.00000,0.00000
38.54400,0.12694,0.00000,0.00000,1.00000,0.00000
38.61000,0.12694,0.00000,0.00000,1.00000,0.00000
38.67600,0.12694,0.00000,0.00000,1.00000,0.00000
38.74200,0.12694,0.00000,0.00000,1.00000,0.00000
38.80800,0.12694,0.00000,0.00000,1.00000,0.00000
38.87400,0.12694,0.00000,0.00000,1.00000,0.00000
38.94000,0.12694,0.00000,0.00000,1.00000,0.00000
39.00600,0.12694,0.00000,0.00000,1.00000,0.00000
39.07200,0.12694,0.00000,0.00000,1.00000,0.00000
39.13800,0.12694,0.00000,0.00000,1.00000,0.00000
39.20400,0.12694,0.00000,0.00000,1.00000,0.00000
39.27000,0.12694,0.00000,0.00000,1.00000,0.00000
39.33600,0.12694,0.00000,0.00000,1.00000,0.00000
39.40200,0.12694,0.00000,0.00000,1.00000,0.00000
39.46800,0.12694,0.00000,0.00000,1.00000,0.00000
39.53400,0.12694,0.00000,0.00000,1.00000,0.00000
39.60000,0.12694,0.00000,0.00000,1.00000,0.00000
39.66600,0.12694,0.00000,0.00000,1.00000,0.00000
39.73200,0.12694,0.00000,0.00000,1.00000,0.00000
39.79800,0.12694,0.00000,0.00000,1.00000,0.00000
39.86400,0.12694,0.00000,0.00000,1.00000,0.00000
39.93000,0.12694,0.00000,0.00000,1.00000,0.00000
39.99600,0.12694,0.00000,0.00000,1.00000,0.00000
40.06200,0.12694,0.00000,0.00000,1.00000,0.00000
40.12800,0.12694,0.00000,0.00000,1.00000,0.00000
40.19400,0.12694,0.00000,0.00000,1.00000,0.00000
40.26000,0.12694,0.00000,0.00000,1.00000,0.00000
40.32600,0.12694,0.00000,0.00000,1.00000,0.00000
40.39200,0.12694,0.00000,0.00000,1.00000,0.00000
40.45800,0.12694,0.00000,0.00000,1.00000,0.00000
40.52400,0.12694,0.00000,0.00000,1.00000,0.00000
40.59000,0.12694,0.00000,0.00000,1.00000,0.00000
40.65600,0.12694,0.00000,0.00000,1.00000,0.00000
40.72200,0.12694,0.00000,0.00000,1.00000,0.00000
40.78800,0.12694,0.00000,0.00000,1.00000,0.00000
40.85400,0.12694,0.00000,0.00000,1.00000,0.00000
40.92000,0.12694,0.00000,0.00000,1.00000,0.00000
40.98600,0.12694,0.00000,0.00000,1.00000,0.00000
41.05200,0.12694,0.00000,0.00000,1.00000,0.00000
41.11800,0.12694,0.00000,0.00000,1.00000,0.00000
41.18400,0.12694,0.00000,0.00000,1.00000,0.00000
41.25000,0.12694,0.00000,0.00000,1.00000,0.00000
41.31600,0.12693,0.00000,0.00000,1.00000,0.00000
41.38200,0.12694,0.00000,0.00000,1.00000,0.00000
41.44800,0.12693,0.00000,0.00000,1.00000,0.00000
41.51400,0.12694,0.00000,0.00000,1.00000,0.00000
41.58000,0.12693,0.00000,0.00000,1.00000,0.00000
41.64600,0.12694,0.00000,0.00000,1.00000,0.00000
41.71200,0.12693,0.00000,0.00000,1.00000,0.00000
41.77800,0.12694,0.00000,0.00000,1.00000,0.00000
41.84400,0.12693,0.00000,0.00000,1.00000,0.00000
41.91000,0.12694,0.00000,0.00000,1.00000,0.00000
41.97600,0.12693,0.00000,0.00000,1.00000,0.00000
42.04200,0.12694,0.00000,0.00000,1.00000,0.00000
42.10800,0.12693,0.00000,0.00000,1.00000,0.00000
42.17400,0.12694,0.00000,0.00000,1.00000,0.00000
42.24000,0.12693,0.00000,0.00000,1.00000,0.00000
42.30600,0.12694,0.00000,0.00000,1.00000,0.00000
42.37200,0.12693,0.00000,0.00000,1.00000,0.00000
42.43800,0.12694,0.00000,0.00000,1.00000,0.00000
42.50400,0.12693,0.00000,0.00000,1.00000,0.00000
42.57000,0.12694,0.00000,0.00000,1.00000,0.00000
42.63600,0.12693,0.00000,0.00000,1.00000,0.00000
42.70200,0.12694,0.00000,0.00000,1.00000,0.00000
42.76800,0.12693,0.00000,0.00000,1.00000,0.00000
42.83400,0.12694,0.00000,0.00000,1.00000,0.00000
42.90000,0.12694,0.00000,0.00000,1.00000,0.00000
42.96600,0.12694,0.00000,0.00000,1.00000,0.00000
43.03200,0.12694,0.00000,0.00000,1.00000,0.00000
43.09800,0.12694,0.00000,0.00000,1.00000,0.00000
43.16400,0.12694,0.00000,0.00000,1.00000,0.00000
43.23000,0.12694,0.00000,0.00000,1.00000,0.00000
43.29600,0.12694,0.00000,0.00000,1.00000,0.00000
43.36200,0.12694,0.00000,0.00000,1.00000,0.00000
43.42800,0.12694,0.00000,0.00000,1.00000,0.00000
43.49400,0.12694,0.00000,0.00000,1.00000,0.00000
43.56000,0.12694,0.00000,0.00000,1.00000,0.00000
43.62600,0.12694,0.00000,0.00000,1.00000,0.00000
43.69200,0.12694,0.00000,0.00000,1.00000,0.00000
43.75800,0.12694,0.00000,0.00000,1.00000,0.00000
43.82400,0.12694,0.00000,0.00000,1.00000,0.00000
43.89000,0.12694,0.00000,0.00000,1.00000,0.00000
43.95600,0.12694,0.00000,0.00000,1.00000,0.00000
44.02200,0.12694,0.00000,0.00000,1.00000,0.00000
44.08800,0.12694,0.00000,0.00000,1.00000,0.00000
44.15400,0.12694,0.00000,0.00000,1.00000,0.00000
44.22000,0.12694,0.00000,0.00000,1.00000,0.00000
44.28600,0.12694,0.00000,0.00000,1.00000,0.00000
44.35200,0.12694,0.00000,0.00000,1.00000,0.00000
44.41800,0.12694,0.00000,0.00000,1.00000,0.00000
44.48400,0.12694,0.00000,0.00000,1.00000,0.00000
44.55000,0.12694,0.00000,0.00000,1.00000,0.00000
44.61600,0.12694,0.00000,0.00000,1.00000,0.00000
44.68200,0.12694,0.00000,0.00000,1.00000,0.00000
44.74800,0.12694,0.00000,0.00000,1.00000,0.00000
44.81400,0.12694,0.00000,0.00000,1.00000,0.00000
44.88000,0.12694,0.00000,0.00000,1.00000,0.00000
44.94600,0.12694,0.00000,0.00000,1.00000,0.00000
45.01200,0.12694,0.00000,0.00000,1.00000,0.00000
45.07800,0.12694,0.00000,0.00000,1.00000,0.00000
45.14400,0.12694,0.00000,0.00000,1.00000,0.00000
45.21000,0.12694,0.00000,0.00000,1.00000,0.00000
45.27600,0.12694,0.00000,0.00000,1.00000,0.00000
45.34200,0.12694,0.00000,0.00000,1.00000,0.00000
45.40800,0.12694,0.00000,0.00000,1.00000,0.00000
45.47400,0.12694,0.00000,0.00000,1.00000,0.00000
45.54000,0.12694,0.00000,0.00000,1.00000,0.00000
45.60600,0.12694,0.00000,0.00000,1.00000,0.00000
45.67200,0.12694,0.00000,0.00000,1.00000,0.00000
45.73800,0.12694,0.00000,0.00000,1.00000,0.00000
45.80400,0.12694,0.00000,0.00000,1.00000,0.00000
45.87000,0.12694,0.00000,0.00000,1.00000,0.00000
45.93600,0.12694,0.00000,0.00000,1.00000,0.00000
46.00200,0.12694,0.00000,0.00000,1.00000,0.00000
46.06800,0.12694,0.00000,0.00000,1.00000,0.00000
46.13400,0.12694,0.00000,0.00000,1.00000,0.00000
46.20000,0.12694,0.00000,0.00000,1.00000,0.00000
46.26600,0.12694,0.00000,0.00000,1.00000,0.00000
46.33200,0.12694,0.00000,0.00000,1.00000,0.00000
46.39800,0.12694,0.00000,0.00000,1.00000,0.00000
46.46400,0.12694,0.00000,0.00000,1.00000,0.00000
46.53000,0.12694,0.00000,0.00000,1.00000,0.00000
46.59600,0.12694,0.00000,0.00000,1.00000,0.00000
46.66200,0.12694,0.00000,0.00000,1.00000,0.00000
46.72800,0.12694,0.00000,0.00000,1.00000,0.00000
46.79400,0.12694,0.00000,0.00000,1.00000,0.00000
46.86000,0.12694,0.00000,0.00000,1.00000,0.00000
46.92600,0.12694,0.00000,0.00000,1.00000,0.00000
46.99200,0.12694,0.00000,0.00000,1.00000,0.00000
47.05800,0.12694,0.00000,0.00000,1.00000,0.00000
47.12400,0.12694,0.00000,0.00000,1.00000,0.00000
47.19000,0.12694,0.00000,0.00000,1.00000,0.00000
47.25600,0.12694,0.00000,0.00000,1.00000,0.00000
47.32200,0.12694,0.00000,0.00000,1.00000,0.00000
47.38800,0.12694,0.00000,0.00000,1.00000,0.00000
47.45400,0.12694,0.00000,0.00000,1.00000,0.00000
47.52000,0.12694,0.00000,0.00000,1.00000,0.00000
47.58600,0.12694,0.00000,0.00000,1.00000,0.00000
47.65200,0.12694,0.00000,0.00000,1.00000,0.00000
47.71800,0.12694,0.00000,0.00000,1.00000,0.00000
47.78400,0.12694,0.00000,0.00000,1.00000,0.00000
47.85000,0.12694,0.00000,0.00000,1.00000,0.00000
47.91600,0.12694,0.00000,0.00000,1.00000,0.00000
47.98200,0.12694,0.00000,0.00000,1.00000,0.00000
48.04800,0.12694,0.00000,0.00000,1.00000,0.00000
48.11400,0.12694,0.00000,0.00000,1.00000,0.00000
48.18000,0.12694,0.00000,0.00000,1.00000,0.00000
48.24600,0.12694,0.00000,0.00000,1.00000,0.00000
48.31200,0.12694,0.00000,0.00000,1.00000,0.00000
48.37800,0.12694,0.00000,0.00000,1.00000,0.00000
48.44400,0.12694,0.00000,0.00000,1.00000,0.00000
48.51000,0.12694,0.00000,0.00000,1.00000,0.00000
48.57600,0.12694,0.00000,0.00000,1.00000,0.00000
48.64200,0.12694,0.00000,0.00000,1.00000,0.00000
48.70800,0.12694,0.00000,0.00000,1.00000,0.00000
48.77400,0.12694,0.00000,0.00000,1.00000,0.00000
48.84000,0.12694,0.00000,0.00000,1.00000,0.00000
48.90600,0.12694,0.00000,0.00000,1.00000,0.00000
48.97200,0.12694,0.00000,0.00000,1.00000,0.00000
49.03800,0.12694,0.00000,0.00000,1.00000,0.00000
49.10400,0.12694,0.00000,0.00000,1.00000,0.00000
49.17000,0.12694,0.00000,0.00000,1.00000,0.00000
49.23600,0.12694,0.00000,0.00000,1.00000,0.00000
49.30200,0.12694,0.00000,0.00000,1.00000,0.00000
49.36800,0.12694,0.00000,0.00000,1.00000,0.00000
49.43400,0.12694,0.00000,0.00000,1.00000,0.00000
49.50000,0.12694,0.00000,0.00000,1.00000,0.00000
49.56600,0.12693,0.00000,0.00000,1.00000,0.00000
49.63200,0.12694,0.00000,0.00000,1.00000,0.00000
49.69800,0.12693,0.00000,0.00000,1.00000,0.00000
49.76400,0.12694,0.00000,0.00000,1.00000,0.00000
49.83000,0.12693,0.00000,0.00000,1.00000,0.00000
49.89600,0.12694,0.00000,0.00000,1.00000,0.00000
49.96200,0.12693,0.00000,0.00000,1.00000,0.00000
50.02800,0.12694,0.00000,0.00000,1.00000,0.00000
50.09400,0.12693,0.00000,0.00000,1.00000,0.00000
50.16000,0.12694,0.00000,0.00000,1.00000,0.00000
50.22600,0.12693,0.00000,0.00000,1.00000,0.00000
50.29200,0.12694,0.00000,0.00000,1.00000,0.00000
50.35800,0.12693,0.00000,0.00000,1.00000,0.00000
50.42400,0.12694,0.00000,0.00000,1.00000,0.00000
50.49000,0.12693,0.00001,0.00000,0.99999,0.00000
50.55600,0.12694,0.00000,0.00000,1.00000,0.00000
50.62200,0.12693,0.00000,0.00000,1.00000,0.00000
50.68800,0.12694,0.00006,0.00000,0.99994,0.00000
50.75400,0.12693,0.00009,0.00000,0.99991,0.00000
50.82000,0.12694,0.00003,0.00000,0.99997,0.00000
50.88600,0.12693,0.00065,0.00001,0.99934,0.00000
50.95200,0.12694,0.00158,0.00006,0.99835,0.00002
51.01800,0.12693,0.00181,0.00001,0.99817,0.00000
51.08400,0.12694,0.04710,0.00054,0.95086,0.00150
51.15000,0.12694,0.10431,0.00010,0.89438,0.00122
51.21600,0.12694,0.65032,0.00009,0.32583,0.02376
51.28200,0.12694,0.59286,0.00182,0.25389,0.15143
51.34800,0.12694,0.12732,0.00787,0.84008,0.02474
51.41400,0.12694,0.13402,0.00667,0.81188,0.04743
51.48000,0.12694,0.45761,0.00571,0.25189,0.28479
51.54600,0.12694,0.54598,0.00227,0.29757,0.15418
51.61200,0.12694,0.58855,0.00139,0.11418,0.29588
51.67800,0.12694,0.25787,0.00124,0.69564,0.04526
51.74400,0.12694,0.17669,0.00356,0.80853,0.01122
51.81000,0.12694,0.04412,0.00137,0.94968,0.00483
51.87600,0.12694,0.01105,0.00041,0.98817,0.00037
51.94200,0.12694,0.00127,0.00001,0.99872,0.00000
52.00800,0.12694,0.02537,0.00046,0.97328,0.00088
52.07400,0.12694,0.02404,0.00065,0.97460,0.00072
52.14000,0.12694,0.00134,0.00000,0.99865,0.00000
52.20600,0.12694,0.00427,0.00001,0.99567,0.00004
52.27200,0.12694,0.00232,0.00000,0.99764,0.00003
52.33800,0.12694,0.00201,0.00003,0.99794,0.00002
52.40400,0.12694,0.00102,0.00001,0.99897,0.00000
52.47000,0.12694,0.00201,0.00003,0.99796,0.00001
52.53600,0.12694,0.00116,0.00001,0.99884,0.00000
52.60200,0.12694,0.00113,0.00001,0.99886,0.00000
52.66800,0.12694,0.00116,0.00001,0.99882,0.00001
52.73400,0.12694,0.01151,0.00039,0.98752,0.00058
52.80000,0.12694,0.00608,0.00005,0.99379,0.00008
52.86600,0.12694,0.00566,0.00053,0.99360,0.00022
52.93200,0.12694,0.00462,0.00007,0.99512,0.00019
52.99800,0.12694,0.00233,0.00002,0.99763,0.00002
53.06400,0.12694,0.00100,0.00001,0.99899,0.00001
53.13000,0.12694,0.00171,0.00002,0.99827,0.00001
53.19600,0.12694,0.00455,0.00011,0.99529,0.00004
53.26200,0.12694,0.00289,0.00001,0.99709,0.00001
53.32800,0.12694,0.00101,0.00000,0.99899,0.00000
53.39400,0.12694,0.00160,0.00000,0.99840,0.00000
53.46000,0.12694,0.00114,0.00001,0.99885,0.00000
53.52600,0.12694,0.00146,0.00003,0.99850,0.00001
53.59200,0.12694,0.00151,0.00001,0.99847,0.00001
53.65800,0.12694,0.00250,0.00002,0.99747,0.00001
53.72400,0.12694,0.00291,0.00018,0.99686,0.00005
53.79000,0.12694,0.00157,0.00001,0.99842,0.00001
53.85600,0.12694,0.00288,0.00003,0.99706,0.00003
53.92200,0.12694,0.00199,0.00001,0.99798,0.00001
53.98800,0.12694,0.00233,0.00000,0.99765,0.00001
54.05400,0.12694,0.00490,0.00000,0.99508,0.00002
54.12000,0.12694,0.00587,0.00002,0.99406,0.00004
54.18600,0.12694,0.01745,0.00015,0.98220,0.00021
54.25200,0.12694,0.00260,0.00003,0.99735,0.00002
54.31800,0.12694,0.04007,0.00407,0.95521,0.00065
54.38400,0.12694,0.06942,0.00532,0.92398,0.00128
54.45000,0.12694,0.01713,0.00073,0.98190,0.00025
54.51600,0.12694,0.01827,0.00063,0.98083,0.00027
54.58200,0.12694,0.00419,0.00053,0.99521,0.00006
54.64800,0.12694,0.00053,0.00005,0.99942,0.00000
54.71400,0.12694,0.00042,0.00003,0.99955,0.00000
54.78000,0.12694,0.00072,0.00001,0.99926,0.00001
54.84600,0.12694,0.00031,0.00001,0.99967,0.00000
54.91200,0.12694,0.00004,0.00000,0.99996,0.00000
54.97800,0.12694,0.00001,0.00000,0.99999,0.00000
55.04400,0.12694,0.00003,0.00000,0.99997,0.00000
55.11000,0.12694,0.00000,0.00000,0.99999,0.00000
55.17600,0.12694,0.00001,0.00000,0.99999,0.00000
55.24200,0.12694,0.00001,0.00000,0.99999,0.00000
55.30800,0.12694,0.00013,0.00004,0.99983,0.00000
55.37400,0.12694,0.00016,0.00000,0.99983,0.00000
55.44000,0.12694,0.00012,0.00002,0.99987,0.00000
55.50600,0.12694,0.00019,0.00000,0.99981,0.00000
55.57200,0.12694,0.00168,0.00000,0.99832,0.00001
55.63800,0.12694,0.00046,0.00000,0.99954,0.00000
55.70400,0.12694,0.00073,0.00000,0.99926,0.00000
55.77000,0.12694,0.01100,0.00123,0.98660,0.00118
55.83600,0.12694,0.15657,0.00147,0.82150,0.02047
55.90200,0.12694,0.02583,0.00025,0.97249,0.00143
55.96800,0.12694,0.01210,0.00191,0.98448,0.00151
56.03400,0.12694,0.01185,0.00084,0.98611,0.00121
56.10000,0.12694,0.44418,0.00751,0.30993,0.23838
56.16600,0.12694,0.67635,0.00028,0.12119,0.20219
56.23200,0.12694,0.14831,0.00138,0.84035,0.00995
56.29800,0.12694,0.00143,0.00015,0.99840,0.00001
56.36400,0.12694,0.00009,0.00003,0.99988,0.00000
56.43000,0.12694,0.00004,0.00000,0.99996,0.00000
56.49600,0.12694,0.00004,0.00001,0.99994,0.00000
56.56200,0.12694,0.00003,0.00003,0.99994,0.00000
56.62800,0.12694,0.00001,0.00000,0.99999,0.00000
56.69400,0.12694,0.00000,0.00000,1.00000,0.00000
56.76000,0.12694,0.00000,0.00000,0.99999,0.00000
56.82600,0.12694,0.00001,0.00000,0.99999,0.00000
56.89200,0.12694,0.00001,0.00000,0.99999,0.00000
56.95800,0.12694,0.00001,0.00001,0.99999,0.00000
57.02400,0.12694,0.00001,0.00000,0.99999,0.00000
57.09000,0.12694,0.00002,0.00001,0.99998,0.00000
57.15600,0.12694,0.00003,0.00000,0.99997,0.00000
57.22200,0.12694,0.00007,0.00000,0.99993,0.00000
57.28800,0.12694,0.00007,0.00000,0.99993,0.00000
57.35400,0.12694,0.00002,0.00000,0.99998,0.00000
57.42000,0.12694,0.00000,0.00000,1.00000,0.00000
57.48600,0.12694,0.00002,0.00000,0.99998,0.00000
57.55200,0.12694,0.00002,0.00000,0.99998,0.00000
57.61800,0.12694,0.00002,0.00000,0.99998,0.00000
57.68400,0.12694,0.00000,0.00000,1.00000,0.00000
57.75000,0.12694,0.00000,0.00000,1.00000,0.00000
57.81600,0.12693,0.00002,0.00000,0.99998,0.00000
57.88200,0.12694,0.00001,0.00000,0.99999,0.00000
57.94800,0.12693,0.00000,0.00000,1.00000,0.00000
58.01400,0.12694,0.00000,0.00000,1.00000,0.00000
58.08000,0.12693,0.00000,0.00000,1.00000,0.00000
58.14600,0.12694,0.00000,0.00000,1.00000,0.00000
58.21200,0.12693,0.00000,0.00000,1.00000,0.00000
58.27800,0.12694,0.00000,0.00000,1.00000,0.00000
58.34400,0.12693,0.00000,0.00000,1.00000,0.00000
58.41000,0.12694,0.00000,0.00000,1.00000,0.00000
58.47600,0.12693,0.00001,0.00000,0.99999,0.00000
58.54200,0.12694,0.00002,0.00000,0.99998,0.00000
58.60800,0.12693,0.00000,0.00000,1.00000,0.00000
58.67400,0.12694,0.00001,0.00000,0.99999,0.00000
58.74000,0.12693,0.00002,0.00000,0.99998,0.00000
58.80600,0.12694,0.00002,0.00000,0.99998,0.00000
58.87200,0.12693,0.00005,0.00000,0.99995,0.00000
58.93800,0.12694,0.00001,0.00000,0.99999,0.00000
59.00400,0.12693,0.00001,0.00000,0.99999,0.00000
59.07000,0.12694,0.00001,0.00000,0.99999,0.00000
59.13600,0.12693,0.00002,0.00000,0.99998,0.00000
59.20200,0.12694,0.00001,0.00000,0.99999,0.00000
59.26800,0.12693,0.00000,0.00000,1.00000,0.00000
59.33400,0.12694,0.00000,0.00000,1.00000,0.00000
59.40000,0.12694,0.00000,0.00000,1.00000,0.00000
59.46600,0.12694,0.00001,0.00000,0.99999,0.00000
59.53200,0.12694,0.00002,0.00000,0.99998,0.00000
59.59800,0.12694,0.00004,0.00000,0.99995,0.00000
59.66400,0.12694,0.00003,0.00000,0.99997,0.00000
59.73000,0.12694,0.00001,0.00000,0.99999,0.00000
59.79600,0.12694,0.00002,0.00000,0.99998,0.00000
59.86200,0.12694,0.00003,0.00000,0.99997,0.00000
59.92800,0.12694,0.00001,0.00000,0.99999,0.00000
59.99400,0.12694,0.00001,0.00000,0.99999,0.00000
60.06000,0.12694,0.00003,0.00000,0.99997,0.00000
60.12600,0.12694,0.00002,0.00000,0.99998,0.00000
60.19200,0.12694,0.00011,0.00000,0.99989,0.00000
60.25800,0.12694,0.00005,0.00000,0.99994,0.00000
60.32400,0.12694,0.00007,0.00000,0.99993,0.00000
60.39000,0.12694,0.00002,0.00000,0.99998,0.00000
60.45600,0.12694,0.00004,0.00000,0.99996,0.00000
60.52200,0.12694,0.00001,0.00000,0.99999,0.00000
60.58800,0.12694,0.00006,0.00000,0.99994,0.00000
60.65400,0.12694,0.00001,0.00000,0.99999,0.00000
60.72000,0.12694,0.00003,0.00000,0.99997,0.00000
60.78600,0.12694,0.00001,0.00000,0.99999,0.00000
60.85200,0.12694,0.00001,0.00000,0.99999,0.00000
60.91800,0.12694,0.00007,0.00000,0.99993,0.00000
60.98400,0.12694,0.00002,0.00000,0.99998,0.00000
61.05000,0.12694,0.00013,0.00000,0.99987,0.00000
61.11600,0.12694,0.00006,0.00000,0.99994,0.00000
61.18200,0.12694,0.00007,0.00000,0.99993,0.00000
61.24800,0.12694,0.00003,0.00000,0.99997,0.00000
61.31400,0.12694,0.00002,0.00000,0.99998,0.00000
61.38000,0.12694,0.00001,0.00000,0.99999,0.00000
61.44600,0.12694,0.00001,0.00000,0.99999,0.00000
61.51200,0.12694,0.00001,0.00000,0.99999,0.00000
61.57800,0.12694,0.00000,0.00000,1.00000,0.00000
61.64400,0.12694,0.00002,0.00000,0.99998,0.00000
61.71000,0.12694,0.00001,0.00000,0.99999,0.00000
61.77600,0.12694,0.00005,0.00000,0.99995,0.00000
61.84200,0.12694,0.00028,0.00000,0.99972,0.00000
61.90800,0.12694,0.00554,0.00000,0.99443,0.00004
61.97400,0.12694,0.02395,0.00000,0.97599,0.00006
62.04000,0.12694,0.15193,0.00000,0.84744,0.00063
62.10600,0.12694,0.48999,0.00000,0.50964,0.00037
62.17200,0.12694,0.55288,0.00000,0.44703,0.00009
62.23800,0.12694,0.81640,0.00000,0.18356,0.00004
62.30400,0.12694,0.85829,0.00000,0.14166,0.00005
62.37000,0.12694,0.67655,0.00000,0.32333,0.00012
62.43600,0.12694,0.28601,0.00000,0.71398,0.00001
62.50200,0.12694,0.28602,0.00000,0.71398,0.00000
62.56800,0.12694,0.19229,0.00000,0.80769,0.00002
62.63400,0.12694,0.13580,0.00000,0.86420,0.00000
62.70000,0.12694,0.14894,0.00000,0.85105,0.00001
62.76600,0.12694,0.22088,0.00000,0.77911,0.00002
62.83200,0.12694,0.55790,0.00000,0.44210,0.00000
62.89800,0.12694,0.81190,0.00000,0.18810,0.00000
62.96400,0.12694,0.86008,0.00000,0.13992,0.00001
63.03000,0.12694,0.83253,0.00000,0.16746,0.00001
63.09600,0.12694,0.86693,0.00000,0.13300,0.00007
63.16200,0.12694,0.94691,0.00000,0.05273,0.00036
63.22800,0.12694,0.95359,0.00007,0.03628,0.01006
63.29400,0.12694,0.96029,0.00019,0.01961,0.01990
63.36000,0.12694,0.99537,0.00004,0.00204,0.00256
63.42600,0.12694,0.99926,0.00002,0.00024,0.00049
63.49200,0.12694,0.99922,0.00001,0.00029,0.00047
63.55800,0.12694,0.99934,0.00000,0.00016,0.00050
63.62400,0.12694,0.99945,0.00003,0.00008,0.00044
63.69000,0.12694,0.99986,0.00000,0.00003,0.00011
63.75600,0.12694,0.99958,0.00000,0.00023,0.00019
63.82200,0.12694,0.99897,0.00007,0.00022,0.00074
63.88800,0.12694,0.99857,0.00004,0.00045,0.00093
63.95400,0.12694,0.99822,0.00004,0.00052,0.00122
64.02000,0.12694,0.99910,0.00004,0.00014,0.00072
64.08600,0.12694,0.99933,0.00004,0.00018,0.00045
64.15200,0.12694,0.99878,0.00009,0.00012,0.00101
64.21800,0.12694,0.99955,0.00000,0.00006,0.00039
64.28400,0.12694,0.99990,0.00000,0.00005,0.00004
64.35000,0.12694,0.99981,0.00000,0.00011,0.00007
64.41600,0.12694,0.99934,0.00002,0.00020,0.00044
64.48200,0.12694,0.99430,0.00027,0.00120,0.00423
64.54800,0.12694,0.99542,0.00005,0.00029,0.00424
